Consumer,Hour,Mean,Std
B11000004,1,81.32786885245902,7.589296413263492
B11000004,2,74.85245901639344,6.290341452781608
B11000004,3,77.0,5.447213154223083
B11000004,4,76.45901639344262,6.882083582924158
B11000004,5,70.59016393442623,6.656383720566339
B11000004,6,70.93442622950819,5.404518002072142
B11000004,7,77.81967213114754,7.360747014659143
B11000004,8,105.60655737704919,8.948447412773174
B11000004,9,126.81967213114754,8.538261420759108
B11000004,10,129.65573770491804,11.227725118697792
B11000004,11,141.0655737704918,12.518666524675595
B11000004,12,138.54098360655738,12.269612965012659
B11000004,13,136.63934426229508,12.149388147429208
B11000004,14,142.68852459016392,12.401138212708815
B11000004,15,153.31147540983608,10.630209016045036
B11000004,16,157.0983606557377,11.869101528045086
B11000004,17,155.49180327868854,11.31171299346596
B11000004,18,149.72131147540983,10.669600062474084
B11000004,19,144.98360655737704,10.93121834626532
B11000004,20,145.0,12.24744871391589
B11000004,21,150.81967213114754,11.429768720637181
B11000004,22,133.80327868852459,10.37465333749289
B11000004,23,93.78688524590164,9.80651298146716
B11000004,24,79.91803278688525,6.066016820327718
B11000005,1,49.24590163934426,7.582671655356582
B11000005,2,40.65573770491803,5.986008949568656
B11000005,3,39.21311475409836,5.383991919276207
B11000005,4,38.19672131147541,4.371366114753825
B11000005,5,36.80327868852459,4.052199047314189
B11000005,6,26.9672131147541,4.594962363122959
B11000005,7,35.0,13.848122320490916
B11000005,8,47.68852459016394,24.498605503041553
B11000005,9,64.09836065573771,17.053152122483116
B11000005,10,84.54098360655738,5.268445412577131
B11000005,11,87.80327868852459,4.941691726428716
B11000005,12,90.22950819672131,5.436348348357278
B11000005,13,92.22950819672131,6.524590163934426
B11000005,14,93.22950819672131,7.556114541961648
B11000005,15,93.39344262295081,7.531961816425049
B11000005,16,92.88524590163935,6.777732007761931
B11000005,17,91.67213114754098,5.352251897682222
B11000005,18,91.75409836065573,3.6960578809290365
B11000005,19,94.73770491803279,3.6570239595599436
B11000005,20,94.73770491803279,3.0185309603892208
B11000005,21,94.22950819672131,2.700294110410882
B11000005,22,93.93442622950819,2.856507396603936
B11000005,23,92.98360655737704,2.499126426250427
B11000005,24,90.67213114754098,3.620168058210222
B11000007,1,65.29508196721312,7.344774572297746
B11000007,2,64.47540983606558,7.2577975193604285
B11000007,3,75.14754098360656,5.404418549194513
B11000007,4,69.98360655737704,7.992807839343963
B11000007,5,65.55737704918033,7.966167373858381
B11000007,6,61.704918032786885,7.851791614062259
B11000007,7,80.34426229508196,9.098523111826843
B11000007,8,112.19672131147541,10.170383992833159
B11000007,9,124.06557377049181,9.401550016011951
B11000007,10,133.72131147540983,14.138809683408246
B11000007,11,161.78688524590163,15.533269165054877
B11000007,12,162.40983606557376,16.173624601801873
B11000007,13,162.31147540983608,17.085648261382723
B11000007,14,160.7377049180328,16.935656089789234
B11000007,15,159.75409836065575,13.618521305475944
B11000007,16,160.29508196721312,15.58829348728527
B11000007,17,155.88524590163934,14.797095816803498
B11000007,18,147.01639344262296,14.246646776339794
B11000007,19,142.68852459016392,13.39138576015433
B11000007,20,143.81967213114754,12.105422435896998
B11000007,21,136.9672131147541,9.545348559299265
B11000007,22,108.01639344262296,7.904121778610483
B11000007,23,78.19672131147541,7.939979089312903
B11000007,24,66.50819672131148,8.213589201308896
B11000008,1,51.131147540983605,4.970323107998492
B11000008,2,54.09836065573771,4.633112886329062
B11000008,3,62.57377049180328,4.4333276418637135
B11000008,4,52.622950819672134,5.749309108674667
B11000008,5,47.50819672131148,5.039590637875888
B11000008,6,46.77049180327869,4.9799382530339855
B11000008,7,60.57377049180328,6.320559781168594
B11000008,8,79.11475409836065,7.559812558730471
B11000008,9,106.31147540983606,11.279665417091346
B11000008,10,111.9672131147541,14.933697414330412
B11000008,11,120.1639344262295,15.144311627942178
B11000008,12,117.95081967213115,15.673331458253179
B11000008,13,118.01639344262296,16.403210204881567
B11000008,14,115.75409836065573,13.036714533439426
B11000008,15,122.81967213114754,13.618343700259722
B11000008,16,118.06557377049181,15.285124937105309
B11000008,17,112.0327868852459,15.314160609843764
B11000008,18,106.80327868852459,14.06404516131052
B11000008,19,105.44262295081967,12.398472394222319
B11000008,20,102.98360655737704,9.868797995601582
B11000008,21,102.8688524590164,9.872092491390037
B11000008,22,59.63934426229508,6.005551494270606
B11000008,23,53.377049180327866,5.172955949926152
B11000008,24,50.09836065573771,4.522094821523037
B11000010,1,52.75409836065574,4.877703496540278
B11000010,2,55.049180327868854,4.589461304537006
B11000010,3,53.85245901639344,4.352636531219958
B11000010,4,50.40983606557377,4.10268624188531
B11000010,5,47.81967213114754,4.850243180387501
B11000010,6,58.22950819672131,5.0258135060379825
B11000010,7,52.21311475409836,6.430242975544268
B11000010,8,96.54098360655738,7.552165622514855
B11000010,9,118.1639344262295,10.469597402297373
B11000010,10,122.57377049180327,12.135112333932556
B11000010,11,143.5737704918033,12.121595707855587
B11000010,12,151.78688524590163,10.872004587054306
B11000010,13,148.9344262295082,13.930587706594267
B11000010,14,145.34426229508196,13.82310402129928
B11000010,15,145.8360655737705,12.863954377453624
B11000010,16,140.36065573770492,11.083931342093273
B11000010,17,138.81967213114754,12.017075551503153
B11000010,18,145.50819672131146,10.653442375734896
B11000010,19,133.29508196721312,9.283061009957484
B11000010,20,129.50819672131146,8.430279054984318
B11000010,21,137.672131147541,8.622732653227155
B11000010,22,80.45901639344262,7.670624764542963
B11000010,23,54.90163934426229,5.020302773289796
B11000010,24,65.45901639344262,4.914260848617607
B11000012,1,4.360655737704918,1.2285241964062426
B11000012,2,4.344262295081967,1.353625924809378
B11000012,3,4.360655737704918,1.3554115808914353
B11000012,4,4.344262295081967,1.353625924809378
B11000012,5,4.377049180327869,1.4504259908586665
B11000012,6,4.409836065573771,1.464073020443679
B11000012,7,4.442622950819672,1.5631472053849464
B11000012,8,4.491803278688525,1.564178418606762
B11000012,9,11.721311475409836,10.875044597671485
B11000012,10,57.442622950819676,13.47070238066025
B11000012,11,78.88524590163935,9.14921542933159
B11000012,12,80.06557377049181,8.989737049089424
B11000012,13,82.06557377049181,9.46757858921269
B11000012,14,83.72131147540983,9.631116149233808
B11000012,15,84.24590163934427,9.26770478899166
B11000012,16,84.1311475409836,9.0905741307913
B11000012,17,83.14754098360656,8.475298854586182
B11000012,18,89.44262295081967,8.420358993483912
B11000012,19,89.95081967213115,7.230233040500207
B11000012,20,89.78688524590164,7.07828532097938
B11000012,21,63.704918032786885,13.928793461329064
B11000012,22,13.37704918032787,16.298610958039205
B11000012,23,4.704918032786885,3.1484800511716187
B11000012,24,4.295081967213115,0.8365475948965949
B11000014,1,122.36065573770492,19.400044606071116
B11000014,2,109.47540983606558,19.38193053824648
B11000014,3,96.85245901639344,20.008880049580092
B11000014,4,95.62295081967213,20.64307444253894
B11000014,5,93.73770491803279,20.916619511330676
B11000014,6,109.08196721311475,12.685728501173372
B11000014,7,189.29508196721312,12.263960612759412
B11000014,8,252.9672131147541,16.14175647410579
B11000014,9,262.21311475409834,19.460860050492737
B11000014,10,361.55737704918033,36.346476858223475
B11000014,11,363.9016393442623,43.83677059648605
B11000014,12,360.0983606557377,38.99125791807519
B11000014,13,368.40983606557376,41.3423837016815
B11000014,14,377.27868852459017,45.07339411777668
B11000014,15,368.95081967213116,43.729956056520194
B11000014,16,374.1967213114754,43.971234886536024
B11000014,17,374.11475409836066,45.05774013697322
B11000014,18,360.3606557377049,39.84643999026609
B11000014,19,364.3606557377049,38.46950369219892
B11000014,20,368.24590163934425,38.41731838710113
B11000014,21,346.60655737704917,37.535241883199774
B11000014,22,330.39344262295083,32.246122495847466
B11000014,23,259.95081967213116,21.53946148276418
B11000014,24,146.44262295081967,18.403959472561063
B11000015,1,101.40983606557377,8.486009796612745
B11000015,2,94.85245901639344,7.656211590627018
B11000015,3,86.77049180327869,7.442442404107498
B11000015,4,90.08196721311475,8.106453777786193
B11000015,5,88.88524590163935,9.375759397712523
B11000015,6,91.45901639344262,8.404865434196099
B11000015,7,118.32786885245902,11.345138789223107
B11000015,8,163.72131147540983,11.10328728097975
B11000015,9,178.29508196721312,14.015616889618526
B11000015,10,285.04918032786884,16.13409609197822
B11000015,11,291.0,18.631895796821283
B11000015,12,291.9836065573771,19.943766685751584
B11000015,13,302.42622950819674,22.741929944194936
B11000015,14,299.7049180327869,22.73896364428758
B11000015,15,292.72131147540983,23.309838313777693
B11000015,16,299.0655737704918,22.79406656506089
B11000015,17,302.0655737704918,23.68500172341139
B11000015,18,298.4918032786885,23.06770004297733
B11000015,19,293.7704918032787,21.77259026031068
B11000015,20,291.6885245901639,20.79213358784137
B11000015,21,279.40983606557376,21.32294773180119
B11000015,22,259.59016393442624,19.09027479572791
B11000015,23,224.95081967213116,17.085538156061574
B11000015,24,130.50819672131146,9.736904531879732
B11000016,1,93.88524590163935,10.66493928053813
B11000016,2,95.57377049180327,9.164183697011527
B11000016,3,93.67213114754098,9.880799913651726
B11000016,4,93.18032786885246,9.905302763839261
B11000016,5,92.68852459016394,9.897078528380801
B11000016,6,83.95081967213115,8.81211206239848
B11000016,7,132.65573770491804,13.2168363143647
B11000016,8,178.47540983606558,20.484785683627873
B11000016,9,195.5737704918033,21.18030249199109
B11000016,10,265.73770491803276,21.555039454386062
B11000016,11,272.6393442622951,24.045062058686263
B11000016,12,267.2295081967213,22.10807540512709
B11000016,13,275.0655737704918,25.502728142368895
B11000016,14,282.04918032786884,21.329903759982248
B11000016,15,276.8688524590164,22.883507848886172
B11000016,16,273.655737704918,24.69079953814458
B11000016,17,275.3606557377049,25.743395006394437
B11000016,18,267.91803278688525,25.425103821357226
B11000016,19,271.27868852459017,26.22233508474075
B11000016,20,268.5409836065574,22.849883430840734
B11000016,21,264.6885245901639,24.31119352500101
B11000016,22,224.47540983606558,23.1287249954251
B11000016,23,202.29508196721312,20.08616215804261
B11000016,24,116.09836065573771,12.332424167094667
B11000017,1,100.0327868852459,13.08981234835847
B11000017,2,103.52459016393442,11.717447488753962
B11000017,3,94.63934426229508,11.888874516745734
B11000017,4,94.40983606557377,11.122826992316043
B11000017,5,98.34426229508196,11.091105941842251
B11000017,6,105.67213114754098,11.249366191946336
B11000017,7,106.11475409836065,13.076193310627884
B11000017,8,149.88524590163934,14.987534011944879
B11000017,9,182.59016393442624,16.808835546585076
B11000017,10,191.7704918032787,18.9748698715795
B11000017,11,198.0327868852459,19.629325012083118
B11000017,12,192.0655737704918,17.204525569762843
B11000017,13,197.44262295081967,21.359932300319386
B11000017,14,200.5737704918033,23.13429008175246
B11000017,15,197.40983606557376,20.444548793821827
B11000017,16,199.4262295081967,21.834293237776848
B11000017,17,201.7704918032787,21.520400875831523
B11000017,18,193.21311475409837,17.60785476185842
B11000017,19,193.27868852459017,19.104656669952316
B11000017,20,195.0,17.688562573076403
B11000017,21,182.2295081967213,16.220199350539573
B11000017,22,175.11475409836066,15.367731106632556
B11000017,23,139.327868852459,13.390382297797215
B11000017,24,97.72131147540983,11.383236376847307
B11000018,1,151.91803278688525,10.569512422594716
B11000018,2,114.31147540983606,9.703034819499088
B11000018,3,93.8360655737705,9.846660960004353
B11000018,4,93.73770491803279,10.338376127908433
B11000018,5,93.08196721311475,9.48561478942463
B11000018,6,97.73770491803279,10.2427929710286
B11000018,7,121.8688524590164,10.000779330019228
B11000018,8,163.39344262295083,11.915382933142736
B11000018,9,177.08196721311475,12.684436160911392
B11000018,10,214.49180327868854,15.511627527486104
B11000018,11,213.80327868852459,18.068013283266644
B11000018,12,213.24590163934425,19.05355329169616
B11000018,13,209.68852459016392,15.367136516228772
B11000018,14,224.01639344262296,19.251988871733072
B11000018,15,214.8360655737705,16.597630018325155
B11000018,16,213.52459016393442,18.35854788837449
B11000018,17,208.59016393442624,15.600942646152358
B11000018,18,217.672131147541,18.81115932446327
B11000018,19,214.36065573770492,17.33000126463651
B11000018,20,211.70491803278688,21.437170309882802
B11000018,21,213.44262295081967,20.646537113023896
B11000018,22,195.0655737704918,20.669823456429608
B11000018,23,179.7377049180328,19.591652320165295
B11000018,24,151.40983606557376,13.175209021492249
B11000022,1,25.639344262295083,2.00844762567761
B11000022,2,25.770491803278688,2.091304735287149
B11000022,3,26.21311475409836,2.3407631801444637
B11000022,4,28.16393442622951,5.144407524932811
B11000022,5,35.34426229508197,11.355485777485555
B11000022,6,45.14754098360656,13.396642674074908
B11000022,7,44.81967213114754,12.238756227283174
B11000022,8,45.36065573770492,10.348093650183054
B11000022,9,49.0,8.638457664402374
B11000022,10,43.19672131147541,7.707394091158896
B11000022,11,43.85245901639344,8.093381358992719
B11000022,12,43.32786885245902,8.316921939045562
B11000022,13,48.14754098360656,8.397571986277569
B11000022,14,46.78688524590164,8.697304564734383
B11000022,15,43.442622950819676,8.895614300084436
B11000022,16,44.91803278688525,9.048675443268674
B11000022,17,44.557377049180324,8.08261560927786
B11000022,18,48.59016393442623,7.13425596469925
B11000022,19,45.81967213114754,6.7859744379735085
B11000022,20,37.557377049180324,4.751271064324406
B11000022,21,34.622950819672134,3.9345628391584007
B11000022,22,27.295081967213115,2.3908586995366807
B11000022,23,25.688524590163933,2.028816853036719
B11000022,24,25.491803278688526,1.9554291870489764
B11000031,1,50.31147540983606,7.3852777423305165
B11000031,2,33.459016393442624,15.032831578316387
B11000031,3,18.39344262295082,18.199512413325074
B11000031,4,11.852459016393443,13.78623222172292
B11000031,5,7.590163934426229,7.23692047807024
B11000031,6,6.409836065573771,3.9645025288167437
B11000031,7,7.459016393442623,4.622020601679984
B11000031,8,15.885245901639344,8.116161494114616
B11000031,9,39.459016393442624,8.221470831857005
B11000031,10,62.721311475409834,6.470946791497586
B11000031,11,73.88524590163935,6.12733290641938
B11000031,12,78.67213114754098,7.139640693249342
B11000031,13,82.11475409836065,7.243082308863747
B11000031,14,84.77049180327869,7.457845341328736
B11000031,15,86.1311475409836,7.525857959555974
B11000031,16,86.31147540983606,7.881376645178545
B11000031,17,86.37704918032787,7.092281499379008
B11000031,18,86.57377049180327,6.562334191862423
B11000031,19,86.78688524590164,6.275413262071456
B11000031,20,86.54098360655738,6.088348912073049
B11000031,21,85.57377049180327,5.90487161030714
B11000031,22,84.01639344262296,5.227580712671779
B11000031,23,80.75409836065573,4.692707064891495
B11000031,24,58.34426229508197,6.094569595480234
B11000033,1,41.557377049180324,12.63163422855742
B11000033,2,37.59016393442623,8.062007741597903
B11000033,3,35.73770491803279,7.1469393640622405
B11000033,4,35.295081967213115,6.446105094932965
B11000033,5,34.80327868852459,5.4856584168716696
B11000033,6,36.91803278688525,6.278495909385537
B11000033,7,58.98360655737705,20.960143131846642
B11000033,8,83.29508196721312,36.75989629763601
B11000033,9,116.52459016393442,47.12961080887438
B11000033,10,122.19672131147541,46.353530882941115
B11000033,11,119.19672131147541,44.08740189264553
B11000033,12,118.78688524590164,43.093537134439586
B11000033,13,121.52459016393442,44.53976177451329
B11000033,14,122.22950819672131,44.34491984603842
B11000033,15,122.50819672131148,45.09248163526681
B11000033,16,122.22950819672131,44.606988147166
B11000033,17,124.60655737704919,46.26696540889998
B11000033,18,123.22950819672131,48.29940550244151
B11000033,19,106.06557377049181,42.33080839559865
B11000033,20,88.72131147540983,34.76343054415178
B11000033,21,71.26229508196721,27.439293136802064
B11000033,22,64.08196721311475,22.80443951742386
B11000033,23,58.91803278688525,19.066144642793116
B11000033,24,49.0,16.18337540021433
B11000034,1,4.557377049180328,0.4966969641817416
B11000034,2,4.622950819672131,0.4846473934129339
B11000034,3,4.590163934426229,0.49180327868852464
B11000034,4,4.590163934426229,0.49180327868852464
B11000034,5,4.557377049180328,0.4966969641817416
B11000034,6,4.508196721311475,0.4999328092451444
B11000034,7,5.049180327868853,0.5559286871414154
B11000034,8,6.19672131147541,1.2122282981859769
B11000034,9,22.78688524590164,8.876409616244402
B11000034,10,38.14754098360656,17.290987006476996
B11000034,11,44.68852459016394,19.618108883983226
B11000034,12,44.36065573770492,19.15427683003155
B11000034,13,20.737704918032787,7.989545708877201
B11000034,14,43.295081967213115,18.642753844186238
B11000034,15,44.131147540983605,19.257934630279888
B11000034,16,43.42622950819672,18.593546400582234
B11000034,17,44.622950819672134,20.221044008677197
B11000034,18,40.19672131147541,19.504366616710577
B11000034,19,33.14754098360656,21.187559035614854
B11000034,20,25.81967213114754,20.673502639076712
B11000034,21,19.950819672131146,20.553350195191303
B11000034,22,14.901639344262295,18.035215931781714
B11000034,23,8.672131147540984,10.050236619798952
B11000034,24,4.885245901639344,1.5795658321896269
B11000074,1,6.573770491803279,0.9659619582069664
B11000074,2,6.442622950819672,0.8000940552073724
B11000074,3,6.491803278688525,0.8021068736213157
B11000074,4,6.409836065573771,0.7970652971241455
B11000074,5,6.491803278688525,0.8021068736213157
B11000074,6,6.409836065573771,0.7970652971241455
B11000074,7,7.426229508196721,0.9993279117461096
B11000074,8,12.885245901639344,4.349857207589421
B11000074,9,26.21311475409836,12.76921856486619
B11000074,10,26.737704918032787,12.923357477957907
B11000074,11,26.770491803278688,12.667751029743684
B11000074,12,25.65573770491803,11.431743618569719
B11000074,13,25.459016393442624,11.424124273919675
B11000074,14,25.114754098360656,11.482129180308977
B11000074,15,24.59016393442623,11.200668963014092
B11000074,16,23.770491803278688,10.75874549732274
B11000074,17,22.459016393442624,9.79724579981672
B11000074,18,20.19672131147541,8.07306729067148
B11000074,19,16.78688524590164,6.084419107201393
B11000074,20,15.01639344262295,5.221305041558689
B11000074,21,12.524590163934427,4.139401070864845
B11000074,22,9.98360655737705,3.0701727578811733
B11000074,23,8.049180327868852,2.0915617312617334
B11000074,24,6.950819672131147,1.2985013998893673
B11000076,1,2.0655737704918034,0.3066932284240935
B11000076,2,2.0655737704918034,0.3066932284240935
B11000076,3,2.0491803278688523,0.28204345137844683
B11000076,4,2.0655737704918034,0.3066932284240935
B11000076,5,2.0655737704918034,0.3066932284240935
B11000076,6,2.0491803278688523,0.28204345137844683
B11000076,7,2.0655737704918034,0.3066932284240935
B11000076,8,4.0,1.8016385984276264
B11000076,9,5.147540983606557,2.455078814625971
B11000076,10,5.229508196721311,2.1224285704866626
B11000076,11,5.245901639344262,2.1089639885686244
B11000076,12,5.032786885245901,2.016060215035175
B11000076,13,4.885245901639344,1.7471134099998304
B11000076,14,4.852459016393443,1.80923011951756
B11000076,15,4.852459016393443,1.9403909152688923
B11000076,16,4.786885245901639,1.8564442841825661
B11000076,17,4.786885245901639,1.6307973921896246
B11000076,18,4.852459016393443,1.8001463107546627
B11000076,19,4.704918032786885,1.8407434554253377
B11000076,20,4.344262295081967,1.7071234159927626
B11000076,21,3.5901639344262297,1.371573813990288
B11000076,22,2.7049180327868854,0.9640124870812561
B11000076,23,2.1147540983606556,0.36656852090160486
B11000076,24,2.0491803278688523,0.28204345137844683
B11000077,1,1.0491803278688525,0.38094918159417196
B11000077,2,1.0491803278688525,0.38094918159417196
B11000077,3,1.0491803278688525,0.38094918159417196
B11000077,4,1.0491803278688525,0.38094918159417196
B11000077,5,1.0491803278688525,0.38094918159417196
B11000077,6,1.0491803278688525,0.38094918159417196
B11000077,7,1.0491803278688525,0.38094918159417196
B11000077,8,2.7540983606557377,1.478321353127278
B11000077,9,3.5081967213114753,1.9216023950285381
B11000077,10,4.508196721311475,2.3927688249860903
B11000077,11,4.918032786885246,2.517447848726199
B11000077,12,5.131147540983607,2.5637792917722426
B11000077,13,4.540983606557377,2.1392029348457258
B11000077,14,4.360655737704918,1.7181078697146104
B11000077,15,4.508196721311475,1.8784624931975367
B11000077,16,4.475409836065574,1.9885455379811052
B11000077,17,4.311475409836065,1.954741889854694
B11000077,18,4.081967213114754,1.776855594077276
B11000077,19,3.7868852459016393,1.8652539412959357
B11000077,20,3.2950819672131146,1.786509209944299
B11000077,21,2.098360655737705,1.3754870139936415
B11000077,22,1.2459016393442623,0.6441600886684754
B11000077,23,1.0491803278688525,0.38094918159417196
B11000077,24,1.0491803278688525,0.38094918159417196
B11000161,1,2.9836065573770494,1.348852618408145
B11000161,2,3.0491803278688523,1.3840571094560938
B11000161,3,2.901639344262295,1.276585071077494
B11000161,4,2.918032786885246,1.334228849139397
B11000161,5,2.901639344262295,1.3754870139936413
B11000161,6,3.1147540983606556,1.403722926466075
B11000161,7,3.278688524590164,1.8388445012301557
B11000161,8,8.557377049180328,4.843534105209307
B11000161,9,9.688524590163935,5.391374360522273
B11000161,10,9.639344262295081,4.669513215354328
B11000161,11,10.21311475409836,4.959226387641593
B11000161,12,9.868852459016393,4.503096966500618
B11000161,13,9.918032786885245,4.476880800718626
B11000161,14,10.344262295081966,4.482699881353118
B11000161,15,10.704918032786885,4.631836594611582
B11000161,16,10.655737704918034,4.8073892778623835
B11000161,17,10.21311475409836,4.845531164435951
B11000161,18,9.819672131147541,4.58618094172122
B11000161,19,9.114754098360656,4.0654415631597525
B11000161,20,8.540983606557377,4.151135615873155
B11000161,21,6.885245901639344,3.7420883126313824
B11000161,22,3.9672131147540983,2.3467257490953957
B11000161,23,3.1311475409836067,1.868421002827101
B11000161,24,3.0655737704918034,1.4126924932990508
B11000162,1,1.0,0.0
B11000162,2,1.0,0.0
B11000162,3,1.0,0.0
B11000162,4,1.0,0.0
B11000162,5,1.0,0.0
B11000162,6,1.0,0.0
B11000162,7,2.737704918032787,0.6751232879335738
B11000162,8,4.065573770491803,2.179403230537944
B11000162,9,6.786885245901639,4.319664354365102
B11000162,10,8.21311475409836,4.756754486950801
B11000162,11,8.475409836065573,4.5829568713324615
B11000162,12,8.245901639344263,4.456182802652181
B11000162,13,8.21311475409836,4.368721740116805
B11000162,14,8.344262295081966,4.349053961200159
B11000162,15,8.655737704918034,4.62312521470849
B11000162,16,9.01639344262295,4.775249725780167
B11000162,17,8.918032786885245,5.096752685127193
B11000162,18,8.475409836065573,5.081649910771201
B11000162,19,7.049180327868853,4.43320640172198
B11000162,20,6.180327868852459,4.067093845919763
B11000162,21,4.377049180327869,3.2701528235519173
B11000162,22,1.7049180327868851,1.6230336127250953
B11000162,23,1.278688524590164,1.0884060768982187
B11000162,24,1.1311475409836065,0.688914799654121
B11000163,1,1.0163934426229508,0.12698306053139075
B11000163,2,1.0,0.0
B11000163,3,1.0,0.0
B11000163,4,1.0163934426229508,0.12698306053139075
B11000163,5,1.0,0.0
B11000163,6,1.0,0.0
B11000163,7,1.8688524590163935,0.3375616439667869
B11000163,8,3.7540983606557377,1.125789161533731
B11000163,9,3.622950819672131,1.5905863897176615
B11000163,10,3.7868852459016393,1.756624502439039
B11000163,11,3.8524590163934427,1.6775867285857091
B11000163,12,3.7049180327868854,1.6530573988138402
B11000163,13,3.5245901639344264,1.374314223943258
B11000163,14,3.3114754098360657,1.3615442487112208
B11000163,15,3.360655737704918,1.5260877538015778
B11000163,16,3.262295081967213,1.5353927178974554
B11000163,17,3.262295081967213,1.5670965043385934
B11000163,18,3.3278688524590163,1.5756477874237749
B11000163,19,3.459016393442623,1.7232619706252983
B11000163,20,2.9508196721311477,1.395851341469377
B11000163,21,2.4262295081967213,1.336241565397694
B11000163,22,1.540983606557377,0.7803691957647151
B11000163,23,1.1311475409836065,0.38305971952616147
B11000163,24,1.0491803278688525,0.2162443599716872
B11000224,1,86.55737704918033,21.79526538310853
B11000224,2,87.8688524590164,23.824133933881903
B11000224,3,87.54098360655738,25.002015505962454
B11000224,4,89.50819672131148,26.51484146774522
B11000224,5,106.06557377049181,31.429269459679592
B11000224,6,145.24590163934425,33.9530320419662
B11000224,7,166.39344262295083,34.595213678481926
B11000224,8,192.13114754098362,33.735458511456926
B11000224,9,179.01639344262296,29.236453667610196
B11000224,10,241.47540983606558,30.985774926292454
B11000224,11,256.2295081967213,31.683058224335827
B11000224,12,238.52459016393442,34.252488988119026
B11000224,13,213.11475409836066,38.9426220881885
B11000224,14,238.19672131147541,29.056654480137084
B11000224,15,251.31147540983608,26.39395173116561
B11000224,16,207.04918032786884,26.755986754313327
B11000224,17,184.75409836065575,29.230937875906058
B11000224,18,177.21311475409837,29.5391458826865
B11000224,19,174.0983606557377,27.36379378717989
B11000224,20,182.78688524590163,23.33864364138624
B11000224,21,155.24590163934425,27.437353823624907
B11000224,22,102.45901639344262,21.928029648794713
B11000224,23,95.08196721311475,20.050996526453318
B11000224,24,88.36065573770492,21.284977221216682
B11000233,1,10.62295081967213,2.341107587294145
B11000233,2,10.59016393442623,2.1605786199825046
B11000233,3,10.21311475409836,2.104754602715283
B11000233,4,10.114754098360656,2.15846302827971
B11000233,5,10.39344262295082,1.9441268302129302
B11000233,6,11.295081967213115,1.9192233939550463
B11000233,7,16.78688524590164,3.0196881507558198
B11000233,8,13.868852459016393,2.02828692829135
B11000233,9,13.918032786885245,2.190105035037998
B11000233,10,22.688524590163933,5.317897352280817
B11000233,11,24.885245901639344,5.783238529608826
B11000233,12,24.60655737704918,5.995295118522798
B11000233,13,22.950819672131146,6.4054951549897075
B11000233,14,20.491803278688526,5.6325254238063875
B11000233,15,22.147540983606557,7.0776398436567165
B11000233,16,23.049180327868854,5.573432969529867
B11000233,17,23.0,5.554498988783187
B11000233,18,20.262295081967213,5.050244724939485
B11000233,19,16.0,3.264312746186865
B11000233,20,12.37704918032787,2.8524590163934427
B11000233,21,12.147540983606557,2.702979931596871
B11000233,22,11.39344262295082,2.824243339981381
B11000233,23,10.475409836065573,2.466872695865794
B11000233,24,10.426229508196721,2.206243126722718
B11000239,1,47.459016393442624,7.927072869503585
B11000239,2,47.557377049180324,7.761875280769936
B11000239,3,47.52459016393443,7.835619714320257
B11000239,4,47.47540983606557,7.92714067355083
B11000239,5,47.295081967213115,7.776265407109378
B11000239,6,48.26229508196721,7.728808444935118
B11000239,7,52.0655737704918,9.0225016567578
B11000239,8,116.31147540983606,32.22082667458515
B11000239,9,174.9672131147541,59.16411384989305
B11000239,10,179.85245901639345,65.15475551396372
B11000239,11,184.672131147541,66.53970127884466
B11000239,12,187.81967213114754,69.391384214261
B11000239,13,194.0655737704918,70.46423784328275
B11000239,14,198.4262295081967,79.01368609741874
B11000239,15,182.47540983606558,68.74629207464474
B11000239,16,175.86885245901638,66.38325766850517
B11000239,17,159.08196721311475,57.37060853781251
B11000239,18,133.72131147540983,41.6480693066144
B11000239,19,80.45901639344262,18.013268124932658
B11000239,20,66.8688524590164,12.846477363478394
B11000239,21,60.442622950819676,11.218434171098767
B11000239,22,48.67213114754098,7.968629706080989
B11000239,23,48.0655737704918,7.802624300981232
B11000239,24,48.01639344262295,7.78710957399047
B11000246,1,5.524590163934426,0.5312082539678574
B11000246,2,5.655737704918033,0.4751271064324406
B11000246,3,5.409836065573771,0.49180327868852464
B11000246,4,5.524590163934426,0.5312082539678574
B11000246,5,5.491803278688525,0.49993280924514444
B11000246,6,5.409836065573771,0.5240776184637961
B11000246,7,5.524590163934426,0.49939495776156784
B11000246,8,5.344262295081967,0.5084610629269123
B11000246,9,12.40983606557377,8.665698441633094
B11000246,10,39.85245901639344,10.958694527931558
B11000246,11,79.36065573770492,7.242933892649218
B11000246,12,78.8688524590164,6.807602813046519
B11000246,13,78.37704918032787,6.228343290564698
B11000246,14,78.73770491803279,6.878099335594368
B11000246,15,78.77049180327869,7.241486675146634
B11000246,16,78.47540983606558,7.799971747273442
B11000246,17,77.90163934426229,6.93223621581771
B11000246,18,79.01639344262296,7.499708853974481
B11000246,19,85.40983606557377,6.0500021655065295
B11000246,20,84.54098360655738,6.08026576881335
B11000246,21,79.0,3.7108613290284356
B11000246,22,20.918032786885245,10.804211507278401
B11000246,23,6.065573770491803,2.7512670848950247
B11000246,24,5.508196721311475,0.49993280924514444
B11000249,1,10.639344262295081,0.5131959292622469
B11000249,2,10.737704918032787,0.5089893343036074
B11000249,3,10.80327868852459,0.3975198574748244
B11000249,4,10.754098360655737,0.4671412081565576
B11000249,5,10.639344262295081,0.4801907710123545
B11000249,6,10.852459016393443,0.3981953377538071
B11000249,7,10.573770491803279,0.49452797144256905
B11000249,8,10.59016393442623,0.524077618463796
B11000249,9,12.491803278688524,1.3504455951881291
B11000249,10,46.14754098360656,7.578736573572078
B11000249,11,141.75409836065575,5.391723279690029
B11000249,12,139.88524590163934,5.121790032425548
B11000249,13,141.2295081967213,4.499156360346998
B11000249,14,141.37704918032787,4.5562564962781
B11000249,15,141.11475409836066,4.6274248783860505
B11000249,16,140.9672131147541,4.573506073795148
B11000249,17,141.31147540983608,4.79255222606486
B11000249,18,146.72131147540983,5.986682344433101
B11000249,19,171.36065573770492,2.3887220459130467
B11000249,20,173.91803278688525,3.1534268737526396
B11000249,21,169.81967213114754,1.9120686310587978
B11000249,22,76.36065573770492,25.412680961842035
B11000249,23,14.950819672131148,12.785014575228038
B11000249,24,10.901639344262295,0.39275896887576844
B11000251,1,12.950819672131148,0.6877435069968206
B11000251,2,13.229508196721312,0.6869615357297365
B11000251,3,13.0,0.62725004818718
B11000251,4,13.049180327868852,0.8183596048753236
B11000251,5,13.065573770491802,0.6495610739724246
B11000251,6,13.295081967213115,0.7755328637714668
B11000251,7,13.78688524590164,0.7268786648326349
B11000251,8,13.360655737704919,0.7472964800027201
B11000251,9,36.26229508196721,34.507733340605974
B11000251,10,79.90163934426229,39.55602166259351
B11000251,11,142.50819672131146,30.60570125331557
B11000251,12,137.39344262295083,23.49766551957149
B11000251,13,134.50819672131146,19.400543300504328
B11000251,14,134.9672131147541,18.88790680252345
B11000251,15,136.19672131147541,19.591583733446047
B11000251,16,135.0655737704918,14.374235663168168
B11000251,17,138.27868852459017,13.309840002906988
B11000251,18,138.88524590163934,12.75763784170832
B11000251,19,150.18032786885246,13.648404934993362
B11000251,20,157.21311475409837,18.65661641884579
B11000251,21,149.8360655737705,10.1532201592528
B11000251,22,50.80327868852459,21.541283028085935
B11000251,23,14.01639344262295,2.944802608423857
B11000251,24,13.229508196721312,0.5245901639344263
B11000252,1,13.163934426229508,4.624171446807587
B11000252,2,13.40983606557377,4.549822728235838
B11000252,3,13.39344262295082,4.50965699151655
B11000252,4,13.39344262295082,4.542255843559148
B11000252,5,13.442622950819672,4.553955550169093
B11000252,6,13.442622950819672,4.561149517764978
B11000252,7,13.836065573770492,4.6630051798358
B11000252,8,14.032786885245901,4.587821416317851
B11000252,9,27.524590163934427,8.93988403008555
B11000252,10,68.80327868852459,7.0914857102070235
B11000252,11,131.49180327868854,7.074829432734356
B11000252,12,132.8360655737705,7.7442317568559895
B11000252,13,135.1639344262295,7.992168970195707
B11000252,14,136.19672131147541,7.850696266774838
B11000252,15,136.55737704918033,7.530320329685185
B11000252,16,136.80327868852459,7.615384928607174
B11000252,17,136.63934426229508,6.93301152100124
B11000252,18,138.7377049180328,6.540921976783492
B11000252,19,168.36065573770492,6.049069260164771
B11000252,20,173.11475409836066,6.241317538121541
B11000252,21,169.672131147541,5.349188115125233
B11000252,22,47.32786885245902,16.3403566703407
B11000252,23,13.80327868852459,4.533372327532521
B11000252,24,13.491803278688524,4.529042712950161
B11000253,1,14.229508196721312,10.568113876452625
B11000253,2,14.704918032786885,10.510485416088354
B11000253,3,14.327868852459016,10.553099632413824
B11000253,4,14.19672131147541,10.189708199189406
B11000253,5,14.147540983606557,10.323990945133843
B11000253,6,15.01639344262295,10.208469327432852
B11000253,7,14.836065573770492,10.236835333004255
B11000253,8,15.180327868852459,10.226144886356947
B11000253,9,47.34426229508197,10.444051167227222
B11000253,10,78.11475409836065,8.550905158981303
B11000253,11,154.13114754098362,6.328378472640978
B11000253,12,153.9672131147541,5.398746706760972
B11000253,13,155.44262295081967,5.388282947296754
B11000253,14,155.95081967213116,5.180120352764133
B11000253,15,156.54098360655738,4.847083863864727
B11000253,16,156.19672131147541,5.966627605935071
B11000253,17,160.672131147541,8.39344262295082
B11000253,18,165.672131147541,9.46905453669298
B11000253,19,181.2295081967213,4.747366630255553
B11000253,20,180.75409836065575,4.720571435626175
B11000253,21,179.13114754098362,4.846751184433283
B11000253,22,79.44262295081967,21.470929328626724
B11000253,23,20.065573770491802,19.489273091995866
B11000253,24,15.032786885245901,11.16047947309327
B11000254,1,11.639344262295081,8.842951786101716
B11000254,2,10.491803278688524,0.6173170617627124
B11000254,3,10.573770491803279,0.5266353575150495
B11000254,4,10.37704918032787,0.5481394589278847
B11000254,5,10.573770491803279,0.5855924950653033
B11000254,6,10.59016393442623,0.7100461582854989
B11000254,7,11.180327868852459,0.6655010862355553
B11000254,8,10.770491803278688,0.7974023939026431
B11000254,9,20.491803278688526,3.097449775031342
B11000254,10,41.81967213114754,5.29307681670916
B11000254,11,100.39344262295081,4.750422547295705
B11000254,12,104.75409836065573,12.411860717963624
B11000254,13,111.09836065573771,19.60319890090941
B11000254,14,113.1311475409836,22.35442920856014
B11000254,15,115.59016393442623,22.894180697487105
B11000254,16,115.26229508196721,20.53777139197416
B11000254,17,113.73770491803279,16.40561842918682
B11000254,18,114.73770491803279,12.375149132195302
B11000254,19,121.93442622950819,7.208530585034483
B11000254,20,125.44262295081967,7.625506358169907
B11000254,21,119.50819672131148,4.115635722938035
B11000254,22,33.459016393442624,12.851706234227377
B11000254,23,12.180327868852459,10.059671468613498
B11000254,24,11.754098360655737,9.472402949076303
B11000255,1,12.032786885245901,6.660298848990245
B11000255,2,11.688524590163935,6.3440716707923
B11000255,3,11.40983606557377,6.014673448695031
B11000255,4,11.21311475409836,5.633956633440413
B11000255,5,11.114754098360656,5.147332145706251
B11000255,6,11.278688524590164,5.150620359074325
B11000255,7,10.918032786885245,3.905838764969877
B11000255,8,10.098360655737705,1.6566301766111189
B11000255,9,11.049180327868852,1.6238613110871858
B11000255,10,21.81967213114754,3.102131455085868
B11000255,11,68.68852459016394,3.3901544217769324
B11000255,12,68.81967213114754,3.7787507551505954
B11000255,13,69.45901639344262,3.8859721255288227
B11000255,14,70.31147540983606,7.194125526112322
B11000255,15,70.36065573770492,5.881431706163929
B11000255,16,70.22950819672131,5.04534663912691
B11000255,17,71.0,5.4742317373996965
B11000255,18,72.54098360655738,5.815676300809462
B11000255,19,78.77049180327869,5.03233297467145
B11000255,20,79.55737704918033,4.528686670127948
B11000255,21,78.77049180327869,3.1591316643792533
B11000255,22,20.016393442622952,10.703901239587474
B11000255,23,12.754098360655737,10.240798729263064
B11000255,24,12.491803278688524,8.463272534551137
B11000256,1,10.901639344262295,11.418571180509131
B11000256,2,10.442622950819672,11.31446859898891
B11000256,3,9.967213114754099,7.12641636911972
B11000256,4,9.21311475409836,0.5158076302476154
B11000256,5,9.01639344262295,0.6399744687194471
B11000256,6,9.360655737704919,0.6014405353391521
B11000256,7,9.180327868852459,0.6403942617909708
B11000256,8,9.360655737704919,0.5735362519519968
B11000256,9,13.426229508196721,6.117588232579205
B11000256,10,56.59016393442623,16.064804263939827
B11000256,11,109.01639344262296,5.891065208247644
B11000256,12,110.88524590163935,9.519778136028407
B11000256,13,114.60655737704919,13.749847913942318
B11000256,14,114.72131147540983,13.54304751468259
B11000256,15,114.73770491803279,13.961189342149646
B11000256,16,114.39344262295081,13.49107621091346
B11000256,17,116.70491803278688,10.679142014862864
B11000256,18,121.01639344262296,10.59924495188789
B11000256,19,130.9672131147541,6.024450762299331
B11000256,20,135.19672131147541,8.409244858265641
B11000256,21,131.5737704918033,5.103708122832231
B11000256,22,30.18032786885246,15.689098435811013
B11000256,23,10.704918032786885,11.422359812306999
B11000256,24,10.540983606557377,11.565315260091486
B11000261,1,15.262295081967213,25.276764188624952
B11000261,2,15.245901639344263,25.281144232317555
B11000261,3,15.442622950819672,25.39105598961315
B11000261,4,15.245901639344263,25.409857218394155
B11000261,5,15.557377049180328,25.496720837158602
B11000261,6,15.540983606557377,25.500609938376755
B11000261,7,15.37704918032787,25.005680623086647
B11000261,8,13.737704918032787,4.040376704334218
B11000261,9,36.442622950819676,7.8750999788895415
B11000261,10,86.91803278688525,17.446212498886457
B11000261,11,195.9672131147541,10.598433557494
B11000261,12,195.72131147540983,11.814316332787936
B11000261,13,197.29508196721312,12.633995593849656
B11000261,14,198.1639344262295,13.141325541181402
B11000261,15,200.01639344262296,12.78638082233309
B11000261,16,201.31147540983608,12.565293057722311
B11000261,17,201.29508196721312,12.196941651455871
B11000261,18,205.52459016393442,11.062573971044047
B11000261,19,220.672131147541,10.786636102559028
B11000261,20,221.8360655737705,11.676205772493123
B11000261,21,216.54098360655738,10.379004296176928
B11000261,22,102.88524590163935,36.75220451095338
B11000261,23,17.885245901639344,27.149916740901677
B11000261,24,16.65573770491803,26.82541322976395
B11000264,1,7.114754098360656,1.7091687238004412
B11000264,2,6.868852459016393,0.4236999338793471
B11000264,3,6.918032786885246,0.3752630538445769
B11000264,4,6.967213114754099,0.3119065178760729
B11000264,5,6.967213114754099,0.36065573770491804
B11000264,6,7.081967213114754,0.3286875025534987
B11000264,7,7.032786885245901,0.25396612106278144
B11000264,8,6.885245901639344,0.4471534982618313
B11000264,9,12.950819672131148,1.3235103535697972
B11000264,10,24.639344262295083,4.065177135596745
B11000264,11,64.70491803278688,3.7519143192316036
B11000264,12,64.26229508196721,5.108339819961602
B11000264,13,64.18032786885246,2.8886901945419834
B11000264,14,64.95081967213115,5.526170907772224
B11000264,15,64.9672131147541,4.5375201326916565
B11000264,16,65.18032786885246,3.677615927322408
B11000264,17,67.36065573770492,5.294701300837473
B11000264,18,68.73770491803279,4.644410140402212
B11000264,19,81.80327868852459,4.558615234559607
B11000264,20,85.47540983606558,2.5963818291087697
B11000264,21,84.19672131147541,1.0530155313279819
B11000264,22,13.180327868852459,8.096767613939612
B11000264,23,7.918032786885246,7.763502424844367
B11000264,24,7.967213114754099,7.888500061283969
B11000268,1,9.065573770491802,4.92524061976577
B11000268,2,8.540983606557377,1.5531435124363293
B11000268,3,8.442622950819672,0.5286726392326918
B11000268,4,8.278688524590164,0.5471580087960207
B11000268,5,8.360655737704919,0.5131959292622469
B11000268,6,8.39344262295082,0.5209917567892034
B11000268,7,8.262295081967213,0.569775317933861
B11000268,8,8.442622950819672,0.6659047872652426
B11000268,9,17.37704918032787,14.497217295931316
B11000268,10,42.278688524590166,25.846413422458102
B11000268,11,75.63934426229508,17.500381997596833
B11000268,12,70.40983606557377,12.980915435626873
B11000268,13,69.52459016393442,10.59478151373768
B11000268,14,68.08196721311475,8.234862081851873
B11000268,15,68.44262295081967,7.974394658487208
B11000268,16,68.24590163934427,6.570315105113994
B11000268,17,68.27868852459017,6.373950952042905
B11000268,18,70.80327868852459,6.43968147092097
B11000268,19,90.47540983606558,6.274085544698791
B11000268,20,92.0327868852459,5.953280437790205
B11000268,21,90.60655737704919,3.9806033339740825
B11000268,22,20.065573770491802,10.90776359470632
B11000268,23,9.60655737704918,7.143215716419185
B11000268,24,9.180327868852459,7.223613819537524
B11000271,1,9.639344262295081,0.8690071003736768
B11000271,2,9.721311475409836,0.8894858994262647
B11000271,3,9.60655737704918,1.271099801638041
B11000271,4,9.62295081967213,0.771711625963267
B11000271,5,9.655737704918034,0.7868852459016394
B11000271,6,9.459016393442623,0.5602625406765595
B11000271,7,9.508196721311476,0.5901639344262294
B11000271,8,9.426229508196721,0.8190161309374948
B11000271,9,16.737704918032787,11.240882118329171
B11000271,10,33.278688524590166,14.403017838987639
B11000271,11,67.95081967213115,11.941697478683668
B11000271,12,65.60655737704919,6.254909385997189
B11000271,13,66.42622950819673,6.294569651284111
B11000271,14,66.50819672131148,5.553386061511118
B11000271,15,66.55737704918033,5.669951253625524
B11000271,16,66.65573770491804,5.165729586487226
B11000271,17,66.45901639344262,4.267965962697881
B11000271,18,68.32786885245902,5.25020315446252
B11000271,19,83.78688524590164,5.172800091837127
B11000271,20,90.39344262295081,3.627213574120174
B11000271,21,33.39344262295082,13.494721115473737
B11000271,22,12.032786885245901,7.292410636340246
B11000271,23,10.655737704918034,5.446867789664676
B11000271,24,9.78688524590164,1.1610446694836571
B11000272,1,10.557377049180328,14.542785479871855
B11000272,2,10.508196721311476,14.553038047786346
B11000272,3,10.59016393442623,14.267212267109677
B11000272,4,10.491803278688524,14.558669267709417
B11000272,5,10.491803278688524,14.538386668132073
B11000272,6,9.737704918032787,11.102948418553414
B11000272,7,8.836065573770492,8.826525462117301
B11000272,8,8.114754098360656,7.570647287343959
B11000272,9,12.918032786885245,7.145547924859646
B11000272,10,30.721311475409838,5.5489805518922255
B11000272,11,75.22950819672131,3.778252881967636
B11000272,12,75.67213114754098,3.936884477938918
B11000272,13,76.85245901639344,4.333763992960507
B11000272,14,76.70491803278688,4.553306355141633
B11000272,15,77.54098360655738,4.5971258679345395
B11000272,16,77.52459016393442,4.44863787359626
B11000272,17,77.09836065573771,3.814145019605728
B11000272,18,76.72131147540983,3.4976861088579443
B11000272,19,89.27868852459017,3.383330145019281
B11000272,20,92.72131147540983,3.219465119718093
B11000272,21,91.8688524590164,3.4473815667483416
B11000272,22,38.90163934426229,14.809948935647443
B11000272,23,10.688524590163935,14.364734805066439
B11000272,24,10.639344262295081,14.709239637640998
B11000273,1,8.311475409836065,0.46309661940411595
B11000273,2,8.426229508196721,0.49452797144256905
B11000273,3,8.278688524590164,0.44835391249761786
B11000273,4,8.475409836065573,0.4993949577615677
B11000273,5,8.442622950819672,0.4966969641817416
B11000273,6,8.262295081967213,0.4398822250819259
B11000273,7,8.40983606557377,0.49180327868852464
B11000273,8,8.442622950819672,0.4966969641817416
B11000273,9,12.262295081967213,10.895782970299907
B11000273,10,41.65573770491803,26.645139344452666
B11000273,11,75.04918032786885,20.011002080010144
B11000273,12,71.95081967213115,12.604222854042494
B11000273,13,71.70491803278688,9.95620617437807
B11000273,14,71.42622950819673,8.784223966943486
B11000273,15,71.1639344262295,9.236741189346965
B11000273,16,71.19672131147541,7.511345892651597
B11000273,17,72.44262295081967,6.017800344725759
B11000273,18,77.80327868852459,8.465590278202594
B11000273,19,97.50819672131148,9.255256283827775
B11000273,20,99.73770491803279,10.519149811909024
B11000273,21,96.72131147540983,4.398700059615166
B11000273,22,15.114754098360656,4.9657791578412365
B11000273,23,8.40983606557377,0.49180327868852464
B11000273,24,8.360655737704919,0.4801907710123545
B11000275,1,8.081967213114755,4.410475911896224
B11000275,2,7.491803278688525,0.5616997278364529
B11000275,3,7.622950819672131,0.5481394589278848
B11000275,4,7.60655737704918,0.5805223347418287
B11000275,5,7.590163934426229,0.5544765418127134
B11000275,6,7.540983606557377,0.5602625406765595
B11000275,7,7.475409836065574,0.5312082539678574
B11000275,8,7.754098360655738,1.6561434334901053
B11000275,9,15.39344262295082,14.261352898971504
B11000275,10,36.09836065573771,20.30884884908166
B11000275,11,75.18032786885246,12.884745328782559
B11000275,12,75.1311475409836,10.278858471155003
B11000275,13,77.88524590163935,14.705968856947155
B11000275,14,80.32786885245902,17.053167881730143
B11000275,15,80.54098360655738,16.856748194365835
B11000275,16,80.59016393442623,15.695229565720487
B11000275,17,79.93442622950819,13.676435222984548
B11000275,18,80.34426229508196,9.718809287355533
B11000275,19,94.80327868852459,6.3705770182365375
B11000275,20,98.27868852459017,8.268310326607331
B11000275,21,96.04918032786885,6.117500372173869
B11000275,22,23.19672131147541,11.113158161934383
B11000275,23,8.770491803278688,8.306413565161959
B11000275,24,8.508196721311476,7.442947923864999
B11000281,1,12.573770491803279,8.000940552073724
B11000281,2,12.426229508196721,7.5995233163567955
B11000281,3,11.819672131147541,2.9504553509158407
B11000281,4,11.442622950819672,2.1079443032733973
B11000281,5,11.327868852459016,2.093873275600921
B11000281,6,11.754098360655737,2.1011763895097855
B11000281,7,11.475409836065573,2.184945191022444
B11000281,8,12.459016393442623,2.315831263791515
B11000281,9,20.918032786885245,8.739011989710397
B11000281,10,45.0655737704918,22.9002604698903
B11000281,11,94.80327868852459,16.455423812735997
B11000281,12,92.45901639344262,11.137845349640934
B11000281,13,93.52459016393442,9.701455962011789
B11000281,14,96.06557377049181,10.202649691935973
B11000281,15,98.1639344262295,14.843644473026217
B11000281,16,98.60655737704919,14.617840759709216
B11000281,17,98.91803278688525,14.860327955659143
B11000281,18,100.45901639344262,12.990000909264097
B11000281,19,118.0327868852459,9.922597513433592
B11000281,20,121.1311475409836,11.428287323224163
B11000281,21,116.60655737704919,6.376901679780952
B11000281,22,29.19672131147541,12.090939124912204
B11000281,23,12.491803278688524,7.376575576782851
B11000281,24,12.508196721311476,7.709102456357174
B11000282,1,10.39344262295082,9.893330571030742
B11000282,2,10.262295081967213,9.907608666408718
B11000282,3,9.295081967213115,1.936231444429134
B11000282,4,9.262295081967213,1.618556727501309
B11000282,5,9.163934426229508,1.4618686432529804
B11000282,6,9.39344262295082,1.68190649556467
B11000282,7,9.491803278688524,1.8784624931975367
B11000282,8,9.508196721311476,2.2074609019033327
B11000282,9,21.19672131147541,17.026324528656193
B11000282,10,38.18032786885246,18.362924332917032
B11000282,11,95.50819672131148,8.523108320132424
B11000282,12,92.95081967213115,4.663869601093758
B11000282,13,94.24590163934427,7.262424600110654
B11000282,14,94.62295081967213,8.194688272462058
B11000282,15,95.44262295081967,8.549805079100974
B11000282,16,95.65573770491804,7.662737699148744
B11000282,17,95.31147540983606,6.934213072722811
B11000282,18,96.42622950819673,4.950439677089936
B11000282,19,105.44262295081967,3.480741348225081
B11000282,20,109.34426229508196,3.727985637687979
B11000282,21,108.63934426229508,3.304407324578702
B11000282,22,25.360655737704917,14.081766826185456
B11000282,23,10.37704918032787,10.005185433311986
B11000282,24,10.540983606557377,9.860625076604963
B11000283,1,13.950819672131148,8.211200326599483
B11000283,2,13.852459016393443,7.0124855058411235
B11000283,3,13.065573770491802,0.5392421050294598
B11000283,4,12.704918032786885,0.6098713192701074
B11000283,5,12.80327868852459,0.5377449005526796
B11000283,6,13.01639344262295,0.6138244336671822
B11000283,7,12.770491803278688,0.5837538955660607
B11000283,8,13.114754098360656,0.7035824175040962
B11000283,9,33.0,31.818130721696253
B11000283,10,75.63934426229508,26.574382331322767
B11000283,11,144.0983606557377,23.404991003414793
B11000283,12,142.8360655737705,18.7425878926506
B11000283,13,145.62295081967213,25.27109664654252
B11000283,14,147.65573770491804,26.1733723065717
B11000283,15,149.52459016393442,30.567102512007505
B11000283,16,150.47540983606558,30.139895981075764
B11000283,17,148.5737704918033,25.114465178323577
B11000283,18,151.85245901639345,20.417636273634095
B11000283,19,171.13114754098362,16.584088176633735
B11000283,20,172.24590163934425,14.073176133415245
B11000283,21,167.5737704918033,11.442599464488087
B11000283,22,49.377049180327866,20.8343694089769
B11000283,23,15.770491803278688,15.415973664365952
B11000283,24,15.459016393442623,15.495714659318232
B11000284,1,5.655737704918033,0.4751271064324406
B11000284,2,5.721311475409836,0.4835370886476271
B11000284,3,5.573770491803279,0.49452797144256905
B11000284,4,5.819672131147541,0.42496660317428586
B11000284,5,5.672131147540983,0.46943675617299513
B11000284,6,5.688524590163935,0.46309661940411595
B11000284,7,5.737704918032787,0.4398822250819259
B11000284,8,6.262295081967213,0.4398822250819259
B11000284,9,8.934426229508198,3.652391322915092
B11000284,10,22.34426229508197,7.539807463519144
B11000284,11,60.67213114754098,8.853491135946076
B11000284,12,59.540983606557376,6.099109772427835
B11000284,13,59.47540983606557,5.190175325940504
B11000284,14,59.34426229508197,4.4349034620932315
B11000284,15,59.39344262295082,4.380578180734542
B11000284,16,60.09836065573771,4.682387362330357
B11000284,17,59.85245901639344,4.195376321360045
B11000284,18,64.60655737704919,3.280737064949099
B11000284,19,79.52459016393442,3.086759441295652
B11000284,20,79.88524590163935,3.1052486537840194
B11000284,21,77.80327868852459,1.6378681879263763
B11000284,22,10.557377049180328,4.396438909770283
B11000284,23,5.770491803278689,0.420516568471497
B11000284,24,5.655737704918033,0.4751271064324406
B11000285,1,10.278688524590164,0.9256127353110233
B11000285,2,10.442622950819672,0.9325549280870749
B11000285,3,10.40983606557377,0.9474218542163862
B11000285,4,10.459016393442623,1.0174505343726492
B11000285,5,10.37704918032787,1.07373920615166
B11000285,6,10.78688524590164,1.0419835135784068
B11000285,7,10.721311475409836,1.1181241249167169
B11000285,8,10.901639344262295,0.9701262049517044
B11000285,9,19.508196721311474,15.264469567410965
B11000285,10,80.78688524590164,37.69772561478762
B11000285,11,105.70491803278688,22.110263370316435
B11000285,12,95.24590163934427,11.640313974843984
B11000285,13,96.08196721311475,12.361090569383386
B11000285,14,97.34426229508196,12.707149460308207
B11000285,15,98.47540983606558,14.693152812998738
B11000285,16,96.85245901639344,11.191091400758177
B11000285,17,98.01639344262296,11.67664307710572
B11000285,18,97.90163934426229,9.253630068448702
B11000285,19,114.09836065573771,9.859180490056017
B11000285,20,119.85245901639344,12.073322529612884
B11000285,21,113.50819672131148,3.8266663607780806
B11000285,22,21.57377049180328,9.724835565036466
B11000285,23,10.655737704918034,0.8662193320408463
B11000285,24,10.360655737704919,0.9414461649417198
B11000286,1,13.442622950819672,8.69053487415001
B11000286,2,13.426229508196721,8.797277925480453
B11000286,3,13.934426229508198,10.139791527036984
B11000286,4,13.704918032786885,10.814902078174102
B11000286,5,13.573770491803279,9.435647469063305
B11000286,6,12.163934426229508,1.2035511372444363
B11000286,7,12.21311475409836,1.146838192288046
B11000286,8,13.278688524590164,1.7190461283827316
B11000286,9,25.491803278688526,11.913104715450993
B11000286,10,62.459016393442624,22.020537188018636
B11000286,11,139.0983606557377,23.348187641977894
B11000286,12,137.55737704918033,18.26447289601617
B11000286,13,138.01639344262296,17.41724395513664
B11000286,14,138.65573770491804,17.28818913224242
B11000286,15,138.2295081967213,16.81080199432959
B11000286,16,138.01639344262296,16.295923057753413
B11000286,17,137.8360655737705,15.559700287758773
B11000286,18,137.72131147540983,13.57085974968447
B11000286,19,140.75409836065575,11.620580580999622
B11000286,20,141.81967213114754,12.695046402876619
B11000286,21,137.672131147541,8.805216992095215
B11000286,22,44.60655737704918,18.074779719787433
B11000286,23,13.672131147540984,8.571246846719005
B11000286,24,13.39344262295082,8.57804801924531
B11000287,1,109.8360655737705,6.116841378907621
B11000287,2,105.75409836065573,6.9202855472804705
B11000287,3,107.91803278688525,6.159878330625156
B11000287,4,107.78688524590164,6.977985885598965
B11000287,5,104.54098360655738,6.289657840759672
B11000287,6,101.91803278688525,6.611701207055869
B11000287,7,102.31147540983606,8.054203634365196
B11000287,8,102.77049180327869,8.05186760256756
B11000287,9,114.37704918032787,6.376606668451385
B11000287,10,122.8360655737705,6.66082338204877
B11000287,11,118.81967213114754,6.52236554874981
B11000287,12,117.90163934426229,6.441934639742498
B11000287,13,123.26229508196721,5.944832828225667
B11000287,14,118.08196721311475,6.241834224867583
B11000287,15,119.70491803278688,5.845957724324804
B11000287,16,122.59016393442623,6.268257396820717
B11000287,17,120.11475409836065,4.882549591484235
B11000287,18,117.59016393442623,4.278719929537407
B11000287,19,121.01639344262296,4.999973125431672
B11000287,20,116.8688524590164,5.9243188993212215
B11000287,21,121.0,4.76324727367412
B11000287,22,116.93442622950819,5.4858053863002825
B11000287,23,107.80327868852459,5.536228437824376
B11000287,24,104.81967213114754,5.9904519567892685
B11000288,1,110.29508196721312,10.124380996735152
B11000288,2,98.01639344262296,11.092002440510228
B11000288,3,89.34426229508196,10.094447826147196
B11000288,4,87.65573770491804,9.859480327311573
B11000288,5,87.57377049180327,8.754313253333464
B11000288,6,95.70491803278688,9.811910230445985
B11000288,7,111.36065573770492,9.19734955920837
B11000288,8,135.0655737704918,10.253937832083343
B11000288,9,148.5737704918033,7.7680704534830785
B11000288,10,165.7377049180328,13.763698558573829
B11000288,11,186.85245901639345,13.934079069928117
B11000288,12,189.2295081967213,13.418110397644499
B11000288,13,186.13114754098362,11.618915343745167
B11000288,14,192.9672131147541,16.785012062497565
B11000288,15,188.36065573770492,15.083410479767352
B11000288,16,188.54098360655738,15.595894552778006
B11000288,17,177.44262295081967,12.325536054134453
B11000288,18,184.60655737704917,12.351781830078421
B11000288,19,178.7377049180328,10.961784046709601
B11000288,20,177.47540983606558,9.49306314014892
B11000288,21,165.80327868852459,8.024184085239328
B11000288,22,167.37704918032787,9.5284972658401
B11000288,23,161.50819672131146,9.53444652398228
B11000288,24,127.44262295081967,11.42405370068762
B11000289,1,127.36065573770492,6.337587033412136
B11000289,2,134.81967213114754,6.831720126915477
B11000289,3,130.0327868852459,7.8217167481959065
B11000289,4,127.9672131147541,6.640578715435393
B11000289,5,124.75409836065573,5.434123325633495
B11000289,6,131.85245901639345,6.723670117939882
B11000289,7,131.4262295081967,8.860409301861077
B11000289,8,144.7377049180328,9.507377013846586
B11000289,9,161.86885245901638,8.282858874939624
B11000289,10,184.9672131147541,14.067713544297742
B11000289,11,192.327868852459,15.913414602487713
B11000289,12,189.0655737704918,16.240880268135168
B11000289,13,182.0983606557377,14.011359464158424
B11000289,14,204.45901639344262,15.901926649424144
B11000289,15,199.24590163934425,16.712276569081567
B11000289,16,190.24590163934425,17.33815628985126
B11000289,17,180.9672131147541,13.628522661616286
B11000289,18,187.31147540983608,14.011167657787883
B11000289,19,176.2622950819672,14.17675497488211
B11000289,20,169.52459016393442,13.953795602533397
B11000289,21,158.9672131147541,10.414314255561836
B11000289,22,158.86885245901638,10.91918962019793
B11000289,23,138.95081967213116,9.652021328280426
B11000289,24,130.7704918032787,7.801625393116679
B11000290,1,77.75409836065573,12.451421326077819
B11000290,2,75.70491803278688,11.473910909130261
B11000290,3,76.32786885245902,11.896715776964761
B11000290,4,73.39344262295081,10.54930451988496
B11000290,5,74.88524590163935,12.038324539835997
B11000290,6,75.98360655737704,11.580780861125023
B11000290,7,92.37704918032787,13.324652284610583
B11000290,8,125.14754098360656,11.612367722268049
B11000290,9,192.70491803278688,11.283738861662805
B11000290,10,192.85245901639345,18.519671478137955
B11000290,11,189.9672131147541,27.48470049110468
B11000290,12,188.13114754098362,12.312162998415149
B11000290,13,185.672131147541,12.878653467282257
B11000290,14,182.40983606557376,12.316025877520252
B11000290,15,184.7704918032787,12.102558248220586
B11000290,16,181.7377049180328,13.127248147000444
B11000290,17,184.47540983606558,13.278364699552782
B11000290,18,182.4262295081967,12.408958974570425
B11000290,19,181.27868852459017,13.38721086236692
B11000290,20,179.1639344262295,11.571843056894826
B11000290,21,181.31147540983608,12.358764041878862
B11000290,22,172.24590163934425,11.448610392739871
B11000290,23,108.88524590163935,14.550193915282343
B11000290,24,77.08196721311475,11.482410042859803
B11000291,1,142.672131147541,12.945942223274985
B11000291,2,140.91803278688525,12.477251538946314
B11000291,3,137.21311475409837,10.924652155768458
B11000291,4,139.60655737704917,11.912630971911176
B11000291,5,138.63934426229508,12.500534791032397
B11000291,6,132.81967213114754,12.600426998647297
B11000291,7,139.65573770491804,12.59310928662861
B11000291,8,143.72131147540983,12.425688815608064
B11000291,9,164.72131147540983,11.913804016722985
B11000291,10,169.13114754098362,12.473546316086022
B11000291,11,167.08196721311475,12.78099906555349
B11000291,12,168.11475409836066,13.953198541183893
B11000291,13,165.80327868852459,18.031684019926256
B11000291,14,171.91803278688525,13.646947754546378
B11000291,15,164.68852459016392,11.928119392821122
B11000291,16,168.0,12.836934417761183
B11000291,17,166.70491803278688,13.609717191861913
B11000291,18,162.19672131147541,14.555512360266597
B11000291,19,163.13114754098362,13.886513577528644
B11000291,20,161.2295081967213,13.012469987207101
B11000291,21,152.55737704918033,11.494153310846508
B11000291,22,148.8360655737705,12.545236608747981
B11000291,23,145.08196721311475,12.363742711452328
B11000291,24,142.18032786885246,12.656247335360252
B11000298,1,1.4262295081967213,0.7565889022435623
B11000298,2,1.4426229508196722,0.8593667162020431
B11000298,3,1.4098360655737705,0.7548107825063173
B11000298,4,1.4262295081967213,0.7565889022435623
B11000298,5,1.4426229508196722,0.8593667162020431
B11000298,6,1.4426229508196722,0.8593667162020431
B11000298,7,1.3934426229508197,0.7526714939835407
B11000298,8,3.278688524590164,2.2841660783478224
B11000298,9,6.491803278688525,5.003680451393892
B11000298,10,7.377049180327869,4.892831606414513
B11000298,11,7.278688524590164,4.145434571697999
B11000298,12,7.540983606557377,4.079431696565634
B11000298,13,7.983606557377049,4.2445405755702135
B11000298,14,7.950819672131147,4.259709177744094
B11000298,15,7.852459016393443,4.1561176144774254
B11000298,16,7.721311475409836,4.141478106061056
B11000298,17,7.491803278688525,4.103668693764882
B11000298,18,7.229508196721311,4.026117369079663
B11000298,19,6.540983606557377,4.071386642957479
B11000298,20,5.426229508196721,3.53650293319634
B11000298,21,4.114754098360656,3.4881455482479358
B11000298,22,2.721311475409836,2.3617938968461645
B11000298,23,1.901639344262295,1.7053908549913401
B11000298,24,1.4098360655737705,0.7548107825063173
B11000299,1,1.0,0.0
B11000299,2,1.0,0.0
B11000299,3,1.0,0.0
B11000299,4,1.0,0.0
B11000299,5,1.0,0.0
B11000299,6,1.0,0.0
B11000299,7,1.3442622950819672,0.5693034542355849
B11000299,8,1.639344262295082,0.628106362644853
B11000299,9,3.2131147540983607,1.9762089397927394
B11000299,10,3.19672131147541,1.7255996546807564
B11000299,11,3.4098360655737703,1.8499184667928585
B11000299,12,3.180327868852459,1.7321283858193173
B11000299,13,2.918032786885246,1.7110545302480566
B11000299,14,2.737704918032787,1.6684304919202526
B11000299,15,2.639344262295082,1.639999868904892
B11000299,16,2.622950819672131,1.5593602558156217
B11000299,17,2.6885245901639343,1.431965101765407
B11000299,18,2.918032786885246,1.5607383915294302
B11000299,19,2.6721311475409837,1.3637137274154374
B11000299,20,2.6721311475409837,1.3756823817971966
B11000299,21,2.1147540983606556,1.3440623601816153
B11000299,22,1.3114754098360655,0.7138210182648276
B11000299,23,1.0327868852459017,0.2539661210627815
B11000299,24,1.0,0.0
B11000300,1,1.1311475409836065,0.5271454160922467
B11000300,2,1.1147540983606556,0.5152863490328431
B11000300,3,1.098360655737705,0.4324887199433744
B11000300,4,1.098360655737705,0.4688639228221341
B11000300,5,1.1147540983606556,0.5152863490328431
B11000300,6,1.1311475409836065,0.5860512436629336
B11000300,7,1.9836065573770492,0.5578590008909363
B11000300,8,2.2459016393442623,1.1826025440571433
B11000300,9,3.819672131147541,2.6146384680738413
B11000300,10,4.114754098360656,2.586841612796639
B11000300,11,3.918032786885246,2.2853423316202566
B11000300,12,3.6721311475409837,2.1016879358081764
B11000300,13,3.5081967213114753,1.8958362558094803
B11000300,14,3.278688524590164,1.7753424748433946
B11000300,15,3.2950819672131146,1.7019204417371239
B11000300,16,3.2459016393442623,1.6362265435448085
B11000300,17,3.1311475409836067,1.4983642429199806
B11000300,18,3.19672131147541,1.5662388081962206
B11000300,19,3.1639344262295084,1.5907553404207482
B11000300,20,3.081967213114754,1.6124015483195808
B11000300,21,2.622950819672131,1.538190702392118
B11000300,22,2.1639344262295084,1.4841272521647575
B11000300,23,1.5573770491803278,1.0326567703622047
B11000300,24,1.2622950819672132,0.7444139370323101
B11000301,1,1.1475409836065573,0.5382444314551476
B11000301,2,1.1475409836065573,0.5068729453685346
B11000301,3,1.098360655737705,0.4688639228221342
B11000301,4,1.098360655737705,0.5342351061246008
B11000301,5,1.1147540983606556,0.5754075008125982
B11000301,6,1.098360655737705,0.5342351061246008
B11000301,7,1.1639344262295082,0.6054486987744061
B11000301,8,3.0327868852459017,1.828438490963762
B11000301,9,6.819672131147541,4.158767931993098
B11000301,10,6.245901639344262,3.5001439675538872
B11000301,11,6.131147540983607,3.16474125446929
B11000301,12,5.918032786885246,2.723877912860803
B11000301,13,4.967213114754099,2.2394906703933426
B11000301,14,5.901639344262295,2.82671632489057
B11000301,15,5.672131147540983,2.590786395427988
B11000301,16,5.459016393442623,2.459999803357338
B11000301,17,5.327868852459017,2.520221896784057
B11000301,18,5.245901639344262,2.4671994989003956
B11000301,19,4.80327868852459,2.231074666665001
B11000301,20,4.081967213114754,2.0509500554797917
B11000301,21,3.4754098360655736,1.9719887388453212
B11000301,22,2.4918032786885247,1.5216788702783335
B11000301,23,1.4262295081967213,0.8770108770554266
B11000301,24,1.1475409836065573,0.5382444314551476
B11000302,1,1.1475409836065573,0.35464438775055634
B11000302,2,1.0491803278688525,0.2162443599716872
B11000302,3,1.0327868852459017,0.17807836870820026
B11000302,4,1.0327868852459017,0.17807836870820026
B11000302,5,1.0491803278688525,0.2162443599716872
B11000302,6,1.0655737704918034,0.24753555525477872
B11000302,7,2.0163934426229506,0.12698306053139075
B11000302,8,1.0655737704918034,0.24753555525477874
B11000302,9,2.918032786885246,1.3218849180734071
B11000302,10,3.6721311475409837,1.6764649720386207
B11000302,11,3.622950819672131,1.548811648384483
B11000302,12,3.3114754098360657,1.477048270591594
B11000302,13,3.262295081967213,1.5138880499167469
B11000302,14,3.3114754098360657,1.4659074692529939
B11000302,15,3.540983606557377,1.6253501059600572
B11000302,16,3.639344262295082,1.71810786971461
B11000302,17,3.4262295081967213,1.5519318093165726
B11000302,18,3.622950819672131,1.369024235810686
B11000302,19,3.540983606557377,1.2876942220757692
B11000302,20,3.3934426229508197,1.2184199459712817
B11000302,21,2.639344262295082,1.1019027788069549
B11000302,22,2.0491803278688523,1.031094111050255
B11000302,23,1.721311475409836,0.791991628143027
B11000302,24,1.459016393442623,0.5887962293792777
B11000303,1,2.1639344262295084,0.6818568637077188
B11000303,2,2.0,0.3621429841700741
B11000303,3,1.901639344262295,0.3485293709093328
B11000303,4,1.9180327868852458,0.27431476279805755
B11000303,5,1.9508196721311475,0.2162443599716872
B11000303,6,1.8032786885245902,0.3975198574748243
B11000303,7,1.9344262295081966,0.24753555525477872
B11000303,8,2.459016393442623,0.8603043779279953
B11000303,9,4.426229508196721,2.1306430676563863
B11000303,10,4.655737704918033,2.2019756099782293
B11000303,11,4.639344262295082,2.2326400375387823
B11000303,12,4.491803278688525,1.8343082925507366
B11000303,13,4.180327868852459,1.713095144605001
B11000303,14,3.9508196721311477,1.7027097931277093
B11000303,15,3.9344262295081966,1.687648985131959
B11000303,16,3.901639344262295,1.5754772166208475
B11000303,17,3.901639344262295,1.543945531537194
B11000303,18,4.032786885245901,1.5572907655131696
B11000303,19,4.245901639344262,1.7145064548632658
B11000303,20,4.278688524590164,1.75677748519591
B11000303,21,3.459016393442623,1.43234040385592
B11000303,22,3.0,1.2675004445952593
B11000303,23,2.721311475409836,1.1891744972670253
B11000303,24,2.3934426229508197,0.8546629769007917
B11000304,1,1.1147540983606556,0.6298154987638868
B11000304,2,1.0655737704918034,0.507932242125563
B11000304,3,1.0655737704918034,0.507932242125563
B11000304,4,1.0491803278688525,0.380949181594172
B11000304,5,1.0655737704918034,0.507932242125563
B11000304,6,1.098360655737705,0.5640869027568935
B11000304,7,2.098360655737705,0.6943547076900777
B11000304,8,1.6557377049180328,1.199525123273883
B11000304,9,5.409836065573771,4.1543066698971245
B11000304,10,6.639344262295082,4.319353271586171
B11000304,11,6.885245901639344,4.165031480627049
B11000304,12,6.573770491803279,3.9813459145857046
B11000304,13,6.065573770491803,3.912438560598691
B11000304,14,6.180327868852459,3.826174722520668
B11000304,15,6.032786885245901,3.7850751475518805
B11000304,16,6.016393442622951,3.9192329597440216
B11000304,17,5.852459016393443,3.705715857808333
B11000304,18,5.754098360655738,3.757640250558888
B11000304,19,5.39344262295082,3.5263815500980336
B11000304,20,4.131147540983607,3.3849978077628835
B11000304,21,3.0491803278688523,3.3261321479824755
B11000304,22,2.80327868852459,3.103777033414671
B11000304,23,1.901639344262295,2.0937449234215872
B11000304,24,1.3770491803278688,1.4390791047445735
B11000305,1,1.4262295081967213,0.5266353575150495
B11000305,2,1.4098360655737705,0.5240776184637961
B11000305,3,1.4098360655737705,0.5240776184637961
B11000305,4,1.4262295081967213,0.5266353575150495
B11000305,5,1.459016393442623,0.5301954632392206
B11000305,6,1.3934426229508197,0.5209917567892034
B11000305,7,3.557377049180328,1.0484116036275068
B11000305,8,3.0655737704918034,1.4357137079220532
B11000305,9,4.327868852459017,2.185806010886271
B11000305,10,4.721311475409836,2.1358082705516517
B11000305,11,4.950819672131147,2.114944711196084
B11000305,12,4.639344262295082,1.9165610158262931
B11000305,13,4.590163934426229,2.05160512274728
B11000305,14,4.229508196721311,1.683024625273521
B11000305,15,4.442622950819672,1.8688524590163935
B11000305,16,4.442622950819672,1.8512254706220468
B11000305,17,4.327868852459017,1.7899657609639559
B11000305,18,4.016393442622951,1.769428946305156
B11000305,19,3.8360655737704916,1.611234409876146
B11000305,20,3.5737704918032787,1.541332363743365
B11000305,21,3.180327868852459,1.408501083541678
B11000305,22,2.4918032786885247,1.1397864456241769
B11000305,23,1.639344262295082,0.6281063626448531
B11000305,24,1.4098360655737705,0.524077618463796
B11000306,1,1.0,0.0
B11000306,2,1.0,0.0
B11000306,3,1.0,0.0
B11000306,4,1.0,0.0
B11000306,5,1.0,0.0
B11000306,6,1.721311475409836,0.4483539124976178
B11000306,7,1.0819672131147542,0.3286875025534987
B11000306,8,4.19672131147541,2.786499491142244
B11000306,9,8.459016393442623,5.348735933068529
B11000306,10,9.081967213114755,4.9465837920770905
B11000306,11,8.934426229508198,4.647822872880664
B11000306,12,7.868852459016393,4.091075492233025
B11000306,13,7.704918032786885,4.050275288337097
B11000306,14,7.852459016393443,4.088512758472107
B11000306,15,8.01639344262295,4.733874451293859
B11000306,16,8.442622950819672,4.70620305750715
B11000306,17,8.704918032786885,4.79529914038117
B11000306,18,8.295081967213115,4.553306355141632
B11000306,19,7.688524590163935,4.579143679724327
B11000306,20,6.983606557377049,4.632358756452439
B11000306,21,5.377049180327869,4.465400444386689
B11000306,22,3.0,2.7039740031731196
B11000306,23,1.098360655737705,0.3927589688757685
B11000306,24,1.0,0.0
B11000308,1,82.49180327868852,8.195606481563459
B11000308,2,61.0,26.767976953141872
B11000308,3,34.278688524590166,27.303474316567154
B11000308,4,18.770491803278688,21.506684772927322
B11000308,5,13.868852459016393,17.072147204102933
B11000308,6,9.737704918032787,8.089462158344478
B11000308,7,9.0,8.664985124806318
B11000308,8,14.934426229508198,11.71641534793017
B11000308,9,92.55737704918033,8.737566510760594
B11000308,10,97.85245901639344,9.9273361054192
B11000308,11,103.80327868852459,11.00643578069049
B11000308,12,105.78688524590164,11.472154104896937
B11000308,13,107.55737704918033,11.697729344135706
B11000308,14,108.26229508196721,12.16943448629415
B11000308,15,109.39344262295081,12.219681368125405
B11000308,16,108.93442622950819,12.200334384639504
B11000308,17,107.78688524590164,11.656440918585348
B11000308,18,113.54098360655738,10.017319052507576
B11000308,19,116.55737704918033,8.607135031356128
B11000308,20,116.73770491803279,8.350717333169671
B11000308,21,115.31147540983606,8.135211834590272
B11000308,22,112.80327868852459,7.679693624633365
B11000308,23,106.57377049180327,7.393969666068142
B11000308,24,92.24590163934427,6.771821407173483
B11000311,1,52.24590163934426,8.886637118112438
B11000311,2,17.65573770491803,16.537969473059775
B11000311,3,9.950819672131148,8.343891904562453
B11000311,4,8.459016393442623,6.09104090943305
B11000311,5,8.344262295081966,5.8362497668483435
B11000311,6,8.229508196721312,5.605598614216265
B11000311,7,7.360655737704918,4.168707732639936
B11000311,8,11.80327868852459,7.158211316397524
B11000311,9,65.68852459016394,6.171167712671558
B11000311,10,72.49180327868852,6.910725688020848
B11000311,11,73.78688524590164,6.586411132762843
B11000311,12,75.08196721311475,6.816794790225079
B11000311,13,76.47540983606558,8.101015029251922
B11000311,14,76.47540983606558,7.7578232483955105
B11000311,15,78.06557377049181,8.380048226433114
B11000311,16,78.31147540983606,8.009299888780024
B11000311,17,80.8360655737705,6.978139936924928
B11000311,18,82.06557377049181,7.397094805126762
B11000311,19,87.19672131147541,6.54071654000989
B11000311,20,92.70491803278688,5.979046095021858
B11000311,21,92.31147540983606,5.357822482836851
B11000311,22,91.22950819672131,5.393965792554147
B11000311,23,87.27868852459017,5.32895323138863
B11000311,24,68.65573770491804,4.697000249205588
B11000324,1,1.180327868852459,0.528164055527443
B11000324,2,1.2131147540983607,0.6036705783449827
B11000324,3,1.1475409836065573,0.5068729453685346
B11000324,4,1.2131147540983607,0.6036705783449827
B11000324,5,1.2295081967213115,0.6111918649936803
B11000324,6,1.4754098360655739,0.8017717547959006
B11000324,7,1.360655737704918,0.8499332063485718
B11000324,8,2.7049180327868854,1.6727739041080785
B11000324,9,4.262295081967213,2.8509511748627374
B11000324,10,4.655737704918033,2.833553326795078
B11000324,11,4.80327868852459,2.804093448848253
B11000324,12,4.622950819672131,2.5617868663104995
B11000324,13,4.278688524590164,2.516380092878564
B11000324,14,4.278688524590164,2.4030796330240913
B11000324,15,4.426229508196721,2.432424523408709
B11000324,16,4.295081967213115,2.3283305937811134
B11000324,17,4.327868852459017,2.3589474693447903
B11000324,18,4.295081967213115,2.227578721503348
B11000324,19,4.213114754098361,2.2405704345271986
B11000324,20,3.7704918032786887,2.24260857056074
B11000324,21,3.3278688524590163,2.302680629431919
B11000324,22,2.278688524590164,1.9596850494778502
B11000324,23,1.7540983606557377,1.2887373119366259
B11000324,24,1.459016393442623,0.9846988470610629
B11000325,1,1.0,0.0
B11000325,2,1.0,0.0
B11000325,3,1.0,0.0
B11000325,4,1.0,0.0
B11000325,5,1.0,0.0
B11000325,6,1.0,0.0
B11000325,7,1.1311475409836065,0.5860512436629336
B11000325,8,1.3934426229508197,0.7077715785220624
B11000325,9,3.1147540983606556,1.5267919936885312
B11000325,10,3.7540983606557377,1.7709471181385439
B11000325,11,4.377049180327869,2.341107587294145
B11000325,12,4.311475409836065,2.3437463607424944
B11000325,13,3.4754098360655736,1.6753424643988486
B11000325,14,3.7540983606557377,1.6462151095912383
B11000325,15,3.80327868852459,1.5451634974358264
B11000325,16,3.7704918032786887,1.721545651518043
B11000325,17,3.5245901639344264,1.4441124947898516
B11000325,18,3.4262295081967213,1.3114754098360655
B11000325,19,3.377049180327869,1.3077816836183034
B11000325,20,3.1475409836065573,1.3530301824238262
B11000325,21,2.5737704918032787,1.2073411566899652
B11000325,22,2.2131147540983607,1.1178837456545785
B11000325,23,1.6065573770491803,0.9628967315139942
B11000325,24,1.1311475409836065,0.4607694859854163
B11000326,1,1.5901639344262295,0.8940064396351464
B11000326,2,1.6885245901639345,0.8970074767412756
B11000326,3,1.6065573770491803,0.7950397149496484
B11000326,4,1.5737704918032787,0.6642885111263872
B11000326,5,1.5573770491803278,0.6659047872652426
B11000326,6,1.540983606557377,0.6671144245696986
B11000326,7,3.5737704918032787,1.4424366496694383
B11000326,8,4.213114754098361,2.9427028620593827
B11000326,9,7.147540983606557,4.060348307653899
B11000326,10,7.327868852459017,3.3521283255074192
B11000326,11,7.836065573770492,3.224803096639161
B11000326,12,7.622950819672131,3.1527450148606753
B11000326,13,6.934426229508197,2.885059606504258
B11000326,14,6.721311475409836,2.95391458826865
B11000326,15,6.655737704918033,2.9636333809105326
B11000326,16,6.655737704918033,3.013005938205285
B11000326,17,6.524590163934426,3.107930402922731
B11000326,18,6.770491803278689,3.096234850577846
B11000326,19,6.672131147540983,2.9516392304505557
B11000326,20,6.475409836065574,2.989635414896207
B11000326,21,5.39344262295082,2.864586992945143
B11000326,22,3.9508196721311477,2.7004931517342947
B11000326,23,2.7540983606557377,2.2002662857095503
B11000326,24,2.0327868852459017,1.3301942803344782
B11000328,1,8.819672131147541,3.3899958736921136
B11000328,2,7.573770491803279,2.694615252157913
B11000328,3,7.770491803278689,2.511569574059745
B11000328,4,7.934426229508197,2.488457633173388
B11000328,5,8.37704918032787,2.437170722113827
B11000328,6,7.131147540983607,2.2285436679300235
B11000328,7,7.344262295081967,1.129126252965414
B11000328,8,7.868852459016393,1.4426229508196722
B11000328,9,12.754098360655737,4.087789645645492
B11000328,10,14.770491803278688,2.0676544295642705
B11000328,11,27.60655737704918,3.782091920602697
B11000328,12,28.0,4.338164603971078
B11000328,13,30.34426229508197,4.810798120286499
B11000328,14,29.721311475409838,5.766298774666534
B11000328,15,30.918032786885245,5.602385563215461
B11000328,16,29.950819672131146,4.966861427792374
B11000328,17,29.131147540983605,4.158638687398801
B11000328,18,28.737704918032787,3.501295494875408
B11000328,19,31.131147540983605,2.3432876570761487
B11000328,20,30.524590163934427,2.177429356494994
B11000328,21,32.950819672131146,3.271467457905947
B11000328,22,30.770491803278688,2.556851564339229
B11000328,23,14.01639344262295,3.027154717101271
B11000328,24,8.19672131147541,2.7982410876527037
B11000330,1,11.344262295081966,2.5407191824340156
B11000330,2,11.032786885245901,2.5605276935304175
B11000330,3,10.59016393442623,2.4115640063519073
B11000330,4,10.59016393442623,2.257062135015832
B11000330,5,10.39344262295082,1.8578913529845495
B11000330,6,9.62295081967213,1.0888997970764338
B11000330,7,10.950819672131148,1.031094111050255
B11000330,8,10.80327868852459,1.0373306242332048
B11000330,9,13.278688524590164,1.7474210274703015
B11000330,10,17.278688524590162,2.4098918249376053
B11000330,11,27.59016393442623,2.601242131917598
B11000330,12,26.131147540983605,2.4392649378958513
B11000330,13,28.114754098360656,2.8231964250272212
B11000330,14,28.639344262295083,2.9754888667641777
B11000330,15,28.639344262295083,2.8688992970415392
B11000330,16,28.39344262295082,2.7417757111015773
B11000330,17,28.229508196721312,2.888038886612947
B11000330,18,28.081967213114755,3.0043415686669355
B11000330,19,31.9672131147541,2.7518531050837636
B11000330,20,32.52459016393443,2.8319405232307346
B11000330,21,32.131147540983605,3.413931966228228
B11000330,22,31.57377049180328,3.989572541273073
B11000330,23,14.360655737704919,2.104116082358777
B11000330,24,10.770491803278688,2.2932076655797657
B11000331,1,9.278688524590164,2.612273349120274
B11000331,2,8.655737704918034,2.5471632945757676
B11000331,3,8.98360655737705,2.6394969918136044
B11000331,4,8.967213114754099,1.425381319297322
B11000331,5,9.147540983606557,1.2653783931411746
B11000331,6,8.62295081967213,1.3809468648296843
B11000331,7,8.672131147540984,1.5334661421204678
B11000331,8,8.21311475409836,1.2689837692041723
B11000331,9,11.704918032786885,4.232366552252491
B11000331,10,19.459016393442624,6.271386414271434
B11000331,11,38.68852459016394,6.941301865907982
B11000331,12,40.26229508196721,7.846690101709822
B11000331,13,41.442622950819676,7.959991329931711
B11000331,14,39.65573770491803,8.036566524640469
B11000331,15,37.78688524590164,6.949737001978388
B11000331,16,37.295081967213115,5.233386711173866
B11000331,17,35.868852459016395,3.9566313285464108
B11000331,18,34.80327868852459,3.3132603532222378
B11000331,19,37.91803278688525,1.5181425446282262
B11000331,20,37.57377049180328,1.4424366496694383
B11000331,21,37.80327868852459,1.7538685309828814
B11000331,22,38.34426229508197,1.5564276657597276
B11000331,23,31.18032786885246,2.452888539576143
B11000331,24,10.721311475409836,2.99251058335767
B11000332,1,9.967213114754099,2.5412480031666522
B11000332,2,10.01639344262295,2.7008911903762587
B11000332,3,9.98360655737705,2.694814712926694
B11000332,4,9.934426229508198,2.691022430223827
B11000332,5,9.40983606557377,1.297880354943573
B11000332,6,9.147540983606557,0.7205659336339643
B11000332,7,9.60655737704918,0.6598233376228888
B11000332,8,10.39344262295082,1.2184199459712817
B11000332,9,11.37704918032787,1.5802462396440513
B11000332,10,13.704918032786885,1.4065917684664022
B11000332,11,33.09836065573771,2.6655354583579456
B11000332,12,33.49180327868852,3.7792485627444043
B11000332,13,34.032786885245905,4.164515255733593
B11000332,14,34.32786885245902,4.68944161615484
B11000332,15,34.34426229508197,4.2997721857365985
B11000332,16,34.60655737704918,4.157863135465771
B11000332,17,34.52459016393443,3.839426858598325
B11000332,18,34.80327868852459,2.7806101001201307
B11000332,19,36.52459016393443,1.7235738450230422
B11000332,20,36.77049180327869,1.683024625273521
B11000332,21,36.73770491803279,1.6879674395144773
B11000332,22,36.540983606557376,1.124594943353606
B11000332,23,13.39344262295082,2.320815914501397
B11000332,24,10.40983606557377,2.485215623328684
B11000339,1,128.0983606557377,18.60345897507075
B11000339,2,119.32786885245902,23.937569970946257
B11000339,3,86.44262295081967,41.915811246645234
B11000339,4,40.60655737704918,36.16278255674897
B11000339,5,27.770491803278688,28.810513474136062
B11000339,6,23.80327868852459,21.73975709226139
B11000339,7,21.0327868852459,17.47313367515947
B11000339,8,24.475409836065573,6.727985490952
B11000339,9,114.1311475409836,17.25362913578708
B11000339,10,144.31147540983608,19.555336350735033
B11000339,11,159.81967213114754,24.17593180378011
B11000339,12,173.0655737704918,26.194023127835994
B11000339,13,184.21311475409837,23.597106487037813
B11000339,14,188.18032786885246,25.014427441386122
B11000339,15,189.78688524590163,24.17566501304353
B11000339,16,188.11475409836066,22.696932962916794
B11000339,17,189.9672131147541,19.222568031911536
B11000339,18,191.14754098360655,18.396218486661223
B11000339,19,197.13114754098362,16.92459206941002
B11000339,20,196.01639344262296,18.0022692588505
B11000339,21,193.63934426229508,16.990868122906733
B11000339,22,180.37704918032787,15.998118674666992
B11000339,23,168.34426229508196,15.399473320674058
B11000339,24,143.2295081967213,21.885988812834267
B11000352,1,12.295081967213115,0.4907091654785498
B11000352,2,12.442622950819672,0.5588216573462069
B11000352,3,12.245901639344263,0.4671412081565576
B11000352,4,12.245901639344263,0.4671412081565576
B11000352,5,12.081967213114755,0.3752630538445769
B11000352,6,11.278688524590164,0.44835391249761786
B11000352,7,8.868852459016393,0.5271454160922467
B11000352,8,9.540983606557377,5.110496336268126
B11000352,9,14.21311475409836,5.037937237578721
B11000352,10,57.19672131147541,20.767897414536055
B11000352,11,149.80327868852459,33.162698614771024
B11000352,12,159.44262295081967,28.66912693162748
B11000352,13,163.18032786885246,28.54476392323968
B11000352,14,166.81967213114754,27.911163638053626
B11000352,15,170.91803278688525,27.838701143838843
B11000352,16,173.59016393442624,26.63990415552857
B11000352,17,177.39344262295083,25.379272999524883
B11000352,18,180.04918032786884,22.20871652059326
B11000352,19,178.63934426229508,20.965258371563213
B11000352,20,157.14754098360655,12.88261767714673
B11000352,21,114.93442622950819,20.27343319527421
B11000352,22,49.91803278688525,37.411007007435664
B11000352,23,13.901639344262295,10.45788575008021
B11000352,24,12.327868852459016,0.4694367561729952
B11000353,1,6.672131147540983,0.5031478443679608
B11000353,2,6.524590163934426,0.5312082539678573
B11000353,3,6.590163934426229,0.5544765418127134
B11000353,4,6.508196721311475,0.5317139259090773
B11000353,5,6.491803278688525,0.5317139259090772
B11000353,6,6.39344262295082,0.5209917567892034
B11000353,7,6.377049180327869,0.517368322559328
B11000353,8,6.360655737704918,0.5131959292622468
B11000353,9,10.836065573770492,2.864024039811488
B11000353,10,61.032786885245905,6.939946645788091
B11000353,11,122.37704918032787,11.619886761145462
B11000353,12,123.39344262295081,9.644974378986086
B11000353,13,124.40983606557377,9.781845092606428
B11000353,14,127.8688524590164,11.323087411091343
B11000353,15,127.8688524590164,11.192027914863514
B11000353,16,127.32786885245902,10.495465549348175
B11000353,17,126.26229508196721,9.278746451768434
B11000353,18,132.18032786885246,7.203160045882667
B11000353,19,133.81967213114754,8.043953429610834
B11000353,20,126.14754098360656,4.4384167372573575
B11000353,21,62.42622950819672,13.00247015169374
B11000353,22,9.360655737704919,13.008235458122002
B11000353,23,8.508196721311476,12.723571710650072
B11000353,24,8.360655737704919,12.872683986357742
B11000358,1,166.68852459016392,18.293186928118903
B11000358,2,160.13114754098362,18.150080530766626
B11000358,3,156.95081967213116,18.12291930805218
B11000358,4,155.7377049180328,17.754151340308162
B11000358,5,160.13114754098362,18.90569816942272
B11000358,6,186.44262295081967,20.096916483294706
B11000358,7,216.60655737704917,22.8044277326558
B11000358,8,226.29508196721312,23.98383626617022
B11000358,9,220.59016393442624,28.076229400512002
B11000358,10,218.44262295081967,44.29133230904544
B11000358,11,174.9016393442623,48.922389161272335
B11000358,12,155.70491803278688,40.61952379728093
B11000358,13,153.14754098360655,37.40423227809781
B11000358,14,154.45901639344262,39.76182111906658
B11000358,15,157.34426229508196,46.77251723734875
B11000358,16,148.7377049180328,34.18364177825999
B11000358,17,150.68852459016392,37.81384124400012
B11000358,18,151.8360655737705,41.178213373717874
B11000358,19,147.2295081967213,34.723447665675664
B11000358,20,158.14754098360655,45.251876535883156
B11000358,21,163.78688524590163,50.25642924504526
B11000358,22,181.81967213114754,38.13672907854755
B11000358,23,208.37704918032787,24.607185365671796
B11000358,24,178.34426229508196,19.02361366604168
B11000374,1,42.114754098360656,8.749891541539972
B11000374,2,41.40983606557377,8.826890823640552
B11000374,3,42.967213114754095,9.419142025448268
B11000374,4,43.91803278688525,9.60241616105408
B11000374,5,45.60655737704918,8.96492013720033
B11000374,6,44.967213114754095,10.19637867749673
B11000374,7,43.78688524590164,9.507744477656374
B11000374,8,53.32786885245902,15.1611251274548
B11000374,9,81.39344262295081,37.082662949511004
B11000374,10,114.55737704918033,57.49084733717497
B11000374,11,138.44262295081967,70.94017904513771
B11000374,12,137.37704918032787,69.84389242679313
B11000374,13,109.54098360655738,50.41095827086227
B11000374,14,133.29508196721312,65.23911736703177
B11000374,15,134.62295081967213,66.09956819740071
B11000374,16,128.08196721311475,61.8022481107274
B11000374,17,129.08196721311475,62.31682536842619
B11000374,18,116.1639344262295,54.20579496208048
B11000374,19,94.24590163934427,41.14574485009371
B11000374,20,73.54098360655738,26.087855204988635
B11000374,21,51.32786885245902,13.155714723436342
B11000374,22,45.442622950819676,10.479526628909849
B11000374,23,43.377049180327866,9.275675812816367
B11000374,24,42.75409836065574,8.790187781624851
B11000377,1,43.16393442622951,14.832596279449621
B11000377,2,42.721311475409834,14.609822821314301
B11000377,3,43.049180327868854,15.8253026589121
B11000377,4,43.36065573770492,15.556383737226467
B11000377,5,44.278688524590166,15.888062481862702
B11000377,6,46.52459016393443,16.76022473085477
B11000377,7,56.19672131147541,16.611096105927672
B11000377,8,85.39344262295081,17.848431706395253
B11000377,9,77.98360655737704,18.10035033016519
B11000377,10,80.06557377049181,17.888423633194275
B11000377,11,82.73770491803279,17.61231093218443
B11000377,12,79.73770491803279,16.764425292515593
B11000377,13,65.73770491803279,15.031007993144566
B11000377,14,76.55737704918033,16.78946253268765
B11000377,15,83.40983606557377,16.8419626685996
B11000377,16,73.95081967213115,16.28176716302897
B11000377,17,75.0327868852459,15.556314634904885
B11000377,18,76.57377049180327,14.422726847507645
B11000377,19,64.37704918032787,13.57089935580727
B11000377,20,64.1639344262295,14.272730307195241
B11000377,21,56.557377049180324,13.531414075794917
B11000377,22,49.63934426229508,13.349074735400936
B11000377,23,44.967213114754095,13.835055514371081
B11000377,24,43.39344262295082,13.836609421368184
B11000384,1,11.901639344262295,1.4565276249994212
B11000384,2,11.770491803278688,0.6374499047614288
B11000384,3,11.819672131147541,0.5869676652448576
B11000384,4,11.655737704918034,0.6499746754622626
B11000384,5,11.491803278688524,0.6433251432901175
B11000384,6,10.950819672131148,0.6382925355387471
B11000384,7,10.78688524590164,0.575874362959026
B11000384,8,11.147540983606557,6.329312669735252
B11000384,9,15.180327868852459,9.594240411456756
B11000384,10,53.52459016393443,13.347323127432706
B11000384,11,113.18032786885246,5.481737778554341
B11000384,12,120.31147540983606,5.324059167579482
B11000384,13,121.98360655737704,5.664070838906741
B11000384,14,122.40983606557377,5.454362216266927
B11000384,15,122.9672131147541,5.762988788315854
B11000384,16,123.32786885245902,6.040088240250587
B11000384,17,123.65573770491804,5.867066309386853
B11000384,18,134.75409836065575,5.059176819274637
B11000384,19,143.29508196721312,6.020032847508778
B11000384,20,138.34426229508196,6.2460092069391395
B11000384,21,85.14754098360656,13.59705376184189
B11000384,22,28.229508196721312,16.078081447636038
B11000384,23,16.295081967213115,7.708509801118315
B11000384,24,13.59016393442623,3.931282897353883
B11000386,1,19.78688524590164,1.5053429879670814
B11000386,2,18.934426229508198,1.906579225450275
B11000386,3,19.18032786885246,1.573428924682207
B11000386,4,17.9672131147541,1.3424618090211962
B11000386,5,17.081967213114755,1.3825028617906896
B11000386,6,18.65573770491803,1.2265538275416321
B11000386,7,17.688524590163933,0.9841528537576154
B11000386,8,16.885245901639344,1.5267919936885312
B11000386,9,17.049180327868854,1.582964944862074
B11000386,10,16.9672131147541,2.024175307599018
B11000386,11,16.131147540983605,2.0443878384419536
B11000386,12,16.704918032786885,2.404533029850501
B11000386,13,16.934426229508198,2.579038151238078
B11000386,14,17.049180327868854,2.3914206595161267
B11000386,15,17.901639344262296,2.756244284974035
B11000386,16,18.737704918032787,2.8738597986740464
B11000386,17,16.442622950819672,2.6520922156156255
B11000386,18,18.62295081967213,2.29156639409922
B11000386,19,18.39344262295082,2.334900485993945
B11000386,20,18.262295081967213,2.209529579369093
B11000386,21,18.360655737704917,1.9420522091650412
B11000386,22,18.311475409836067,1.9378963041042465
B11000386,23,17.737704918032787,1.6879674395144768
B11000386,24,18.57377049180328,1.9287217919141881
B11000387,1,1.0491803278688525,0.38094918159417196
B11000387,2,1.0491803278688525,0.38094918159417196
B11000387,3,1.0491803278688525,0.38094918159417196
B11000387,4,1.0491803278688525,0.38094918159417196
B11000387,5,1.0491803278688525,0.38094918159417196
B11000387,6,1.0491803278688525,0.38094918159417196
B11000387,7,1.0491803278688525,0.38094918159417196
B11000387,8,1.2459016393442623,0.5626558131714923
B11000387,9,5.377049180327869,3.9470426132769223
B11000387,10,4.344262295081967,2.8219586611606573
B11000387,11,4.327868852459017,2.5653511661663675
B11000387,12,3.819672131147541,2.1991667328175746
B11000387,13,3.459016393442623,1.797756073935115
B11000387,14,3.0,1.4257583544366492
B11000387,15,3.0491803278688523,1.6439280179307116
B11000387,16,3.3278688524590163,1.646867980967129
B11000387,17,3.377049180327869,1.6710057286323947
B11000387,18,3.5245901639344264,1.887026956265793
B11000387,19,3.5901639344262297,1.9783835857764704
B11000387,20,3.6065573770491803,2.026696322691881
B11000387,21,2.622950819672131,1.505878474906874
B11000387,22,1.7377049180327868,1.4474583642389587
B11000387,23,1.1475409836065573,0.5382444314551476
B11000387,24,1.0491803278688525,0.38094918159417196
B11000388,1,1.0163934426229508,0.12698306053139075
B11000388,2,1.0163934426229508,0.12698306053139075
B11000388,3,1.0163934426229508,0.12698306053139075
B11000388,4,1.0163934426229508,0.12698306053139075
B11000388,5,1.0163934426229508,0.12698306053139075
B11000388,6,1.0163934426229508,0.12698306053139075
B11000388,7,1.0819672131147542,0.45430840854265636
B11000388,8,2.0327868852459017,1.5360926918193416
B11000388,9,4.639344262295082,3.871005236010561
B11000388,10,3.7868852459016393,2.668054820991335
B11000388,11,4.114754098360656,2.554958924027314
B11000388,12,4.114754098360656,2.6370522580456255
B11000388,13,4.065573770491803,2.6356251161260844
B11000388,14,4.131147540983607,2.563779291772243
B11000388,15,4.163934426229508,2.7050670599781386
B11000388,16,4.262295081967213,2.73352975043865
B11000388,17,4.295081967213115,2.575701478827753
B11000388,18,4.426229508196721,2.694615252157913
B11000388,19,4.229508196721311,2.511569574059745
B11000388,20,3.639344262295082,2.5222471563169706
B11000388,21,2.918032786885246,2.3209317092333888
B11000388,22,1.6229508196721312,1.3809468648296843
B11000388,23,1.0163934426229508,0.12698306053139075
B11000388,24,1.0163934426229508,0.12698306053139075
B11000400,1,1.3278688524590163,1.019824984589888
B11000400,2,1.180327868852459,0.7356985466333404
B11000400,3,1.0819672131147542,0.5215073351012088
B11000400,4,1.0655737704918034,0.507932242125563
B11000400,5,1.0655737704918034,0.507932242125563
B11000400,6,1.098360655737705,0.6454104814763779
B11000400,7,1.1639344262295082,0.7054896652901643
B11000400,8,2.3114754098360657,1.6350764117759584
B11000400,9,4.540983606557377,2.640006026395278
B11000400,10,4.409836065573771,2.335590978537797
B11000400,11,4.524590163934426,2.3511877526960374
B11000400,12,4.426229508196721,2.01192360766101
B11000400,13,4.508196721311475,2.085256211955128
B11000400,14,4.590163934426229,2.198188890735965
B11000400,15,4.524590163934426,2.273197772021371
B11000400,16,4.344262295081967,2.07155003264673
B11000400,17,4.426229508196721,2.068174267266906
B11000400,18,4.508196721311475,2.013258925792788
B11000400,19,4.491803278688525,2.2588474561495264
B11000400,20,3.7868852459016393,2.23324181109693
B11000400,21,3.0491803278688523,2.228181861990805
B11000400,22,2.8524590163934427,2.201609437927809
B11000400,23,2.081967213114754,1.6225367910371966
B11000400,24,1.4918032786885247,1.3009826150181307
B11000401,1,1.0163934426229508,0.12698306053139072
B11000401,2,1.0,0.0
B11000401,3,1.0163934426229508,0.12698306053139072
B11000401,4,1.0,0.0
B11000401,5,1.0163934426229508,0.12698306053139072
B11000401,6,1.0,0.0
B11000401,7,1.9344262295081966,0.4386586282052346
B11000401,8,2.4262295081967213,0.8387933642928544
B11000401,9,3.1475409836065573,1.6178924316688954
B11000401,10,5.0,2.9140698822589215
B11000401,11,5.049180327868853,3.0804844706700334
B11000401,12,4.426229508196721,2.5379675384083447
B11000401,13,3.80327868852459,2.163934426229508
B11000401,14,3.6065573770491803,2.0428097696321594
B11000401,15,3.6557377049180326,1.8720134326059277
B11000401,16,4.032786885245901,2.268582377557057
B11000401,17,4.081967213114754,2.2050246789980816
B11000401,18,3.9672131147540983,2.1422158982189687
B11000401,19,3.6065573770491803,1.8841764607468336
B11000401,20,3.0163934426229506,1.806108063490715
B11000401,21,1.9672131147540983,1.342461809021196
B11000401,22,1.3114754098360655,0.8004298764415544
B11000401,23,1.0491803278688525,0.2820434513784468
B11000401,24,1.0327868852459017,0.17807836870820026
B11000402,1,1.2622950819672132,0.8852459016393444
B11000402,2,1.098360655737705,0.5342351061246008
B11000402,3,1.0655737704918034,0.507932242125563
B11000402,4,1.0819672131147542,0.5215073351012088
B11000402,5,1.1311475409836065,0.6646929486135504
B11000402,6,1.1147540983606556,0.65532774069858
B11000402,7,1.1475409836065573,0.6735291339073487
B11000402,8,3.819672131147541,1.859915357860044
B11000402,9,5.885245901639344,2.880678202567149
B11000402,10,5.573770491803279,2.6205932027331578
B11000402,11,5.60655737704918,2.5042828136299424
B11000402,12,5.475409836065574,2.3089743474002544
B11000402,13,5.557377049180328,2.4328664208641504
B11000402,14,5.327868852459017,2.2376899056723354
B11000402,15,5.344262295081967,2.095156364927537
B11000402,16,5.475409836065574,2.1007926480419683
B11000402,17,5.409836065573771,2.175700747717228
B11000402,18,5.377049180327869,2.248233801696232
B11000402,19,5.180327868852459,2.1916996677203797
B11000402,20,4.819672131147541,2.2507426586468826
B11000402,21,3.377049180327869,2.174094380341036
B11000402,22,2.5901639344262297,1.9700798783866262
B11000402,23,1.8688524590163935,1.487383111110001
B11000402,24,1.5573770491803278,1.180783154450433
B11000403,1,1.0,0.0
B11000403,2,1.0,0.0
B11000403,3,1.0,0.0
B11000403,4,1.0,0.0
B11000403,5,1.0,0.0
B11000403,6,1.0,0.0
B11000403,7,1.0,0.0
B11000403,8,1.098360655737705,0.4324887199433744
B11000403,9,4.39344262295082,2.6069182140176026
B11000403,10,4.19672131147541,2.428111808611702
B11000403,11,4.278688524590164,2.2841660783478233
B11000403,12,3.901639344262295,1.9810985363961695
B11000403,13,3.3934426229508197,1.7767043401426261
B11000403,14,3.2131147540983607,1.5900794298992973
B11000403,15,3.098360655737705,1.4899105268854769
B11000403,16,3.1475409836065573,1.5131778044871247
B11000403,17,3.262295081967213,1.6782273956812757
B11000403,18,3.3442622950819674,1.7356932370578917
B11000403,19,3.19672131147541,1.7631907750490166
B11000403,20,2.7704918032786887,1.7777628474394702
B11000403,21,2.3442622950819674,1.587711477088951
B11000403,22,1.721311475409836,1.243094335090418
B11000403,23,1.1967213114754098,0.6483186863372193
B11000403,24,1.0163934426229508,0.12698306053139075
B11000404,1,1.0163934426229508,0.12698306053139075
B11000404,2,1.0163934426229508,0.12698306053139075
B11000404,3,1.0163934426229508,0.12698306053139075
B11000404,4,1.0163934426229508,0.12698306053139075
B11000404,5,1.0163934426229508,0.12698306053139075
B11000404,6,1.0163934426229508,0.12698306053139075
B11000404,7,3.622950819672131,1.0269153943190708
B11000404,8,4.540983606557377,2.037144984593842
B11000404,9,5.918032786885246,3.403446093358969
B11000404,10,5.950819672131147,2.9499998861250143
B11000404,11,5.967213114754099,2.7932425080326384
B11000404,12,5.688524590163935,2.5896451026331864
B11000404,13,5.262295081967213,2.4286651487452757
B11000404,14,5.032786885245901,2.508785958859182
B11000404,15,4.950819672131147,2.391420659516127
B11000404,16,4.819672131147541,2.1916996677203797
B11000404,17,5.098360655737705,2.358833540800649
B11000404,18,5.360655737704918,2.5673408254983126
B11000404,19,3.6885245901639343,2.2942621486596457
B11000404,20,3.4918032786885247,2.3373163174585727
B11000404,21,2.737704918032787,1.8633799656895507
B11000404,22,1.5245901639344261,1.0017453191771928
B11000404,23,1.0163934426229508,0.12698306053139075
B11000404,24,1.0163934426229508,0.12698306053139075
B11000407,1,1.0655737704918034,0.3066932284240935
B11000407,2,1.1147540983606556,0.36656852090160486
B11000407,3,1.098360655737705,0.3485293709093328
B11000407,4,1.1147540983606556,0.36656852090160486
B11000407,5,1.1311475409836065,0.38305971952616147
B11000407,6,1.1147540983606556,0.36656852090160486
B11000407,7,1.1311475409836065,0.3830597195261614
B11000407,8,1.7049180327868851,0.5535063283978404
B11000407,9,3.3442622950819674,1.6183906791061557
B11000407,10,4.540983606557377,2.2729613131064936
B11000407,11,4.327868852459017,1.9977143617957276
B11000407,12,4.098360655737705,1.7898156149450728
B11000407,13,3.8852459016393444,1.7471134099998307
B11000407,14,3.7540983606557377,1.770947118138544
B11000407,15,3.7868852459016393,1.7093259538015835
B11000407,16,3.5901639344262297,1.561599108735719
B11000407,17,3.557377049180328,1.6248539925723104
B11000407,18,3.5245901639344264,1.5215022492028993
B11000407,19,3.4262295081967213,1.5729164349260305
B11000407,20,3.2295081967213113,1.4864794211844794
B11000407,21,2.6721311475409837,1.5441195854841465
B11000407,22,1.5573770491803278,0.8782357531789425
B11000407,23,1.2295081967213115,0.45784393586127675
B11000407,24,1.0819672131147542,0.3286875025534987
B11000408,1,1.0163934426229508,0.12698306053139075
B11000408,2,1.0163934426229508,0.12698306053139075
B11000408,3,1.0163934426229508,0.12698306053139075
B11000408,4,1.0163934426229508,0.12698306053139075
B11000408,5,1.0163934426229508,0.12698306053139075
B11000408,6,1.0163934426229508,0.12698306053139075
B11000408,7,2.1311475409836067,1.0476423153226526
B11000408,8,4.409836065573771,3.799814702903839
B11000408,9,6.622950819672131,5.118798317056069
B11000408,10,6.475409836065574,4.2604031109860925
B11000408,11,6.295081967213115,4.110539282138377
B11000408,12,5.852459016393443,3.7496931702835585
B11000408,13,5.475409836065574,3.757425685606313
B11000408,14,5.213114754098361,3.426582458877538
B11000408,15,5.032786885245901,3.3776857588783544
B11000408,16,5.475409836065574,3.5740712762579463
B11000408,17,5.934426229508197,3.978915135359635
B11000408,18,5.852459016393443,3.797480034045747
B11000408,19,5.852459016393443,3.887078491507474
B11000408,20,4.950819672131147,3.3944324207862997
B11000408,21,2.5737704918032787,2.4121211425511744
B11000408,22,1.2131147540983607,0.7490924366423517
B11000408,23,1.0491803278688525,0.2162443599716872
B11000408,24,1.0491803278688525,0.2820434513784468
B11000409,1,1.0819672131147542,0.375263053844577
B11000409,2,1.0491803278688525,0.2820434513784468
B11000409,3,1.0327868852459017,0.2539661210627815
B11000409,4,1.0327868852459017,0.2539661210627815
B11000409,5,1.0491803278688525,0.2820434513784468
B11000409,6,1.0327868852459017,0.2539661210627815
B11000409,7,1.5901639344262295,0.7327703815943283
B11000409,8,2.7868852459016393,1.8564442841825661
B11000409,9,3.8852459016393444,2.4232369670646694
B11000409,10,4.39344262295082,2.437942484592958
B11000409,11,4.508196721311475,2.323246391876311
B11000409,12,4.245901639344262,1.964068524938234
B11000409,13,4.213114754098361,2.2036836083811786
B11000409,14,3.737704918032787,1.782442966638786
B11000409,15,3.5245901639344264,1.6053859898157496
B11000409,16,3.5245901639344264,1.645725286091303
B11000409,17,3.721311475409836,1.70948316934147
B11000409,18,3.8524590163934427,1.9062972913673362
B11000409,19,3.819672131147541,2.02045439396087
B11000409,20,3.5901639344262297,1.9365090204386493
B11000409,21,2.5245901639344264,1.7140361472272434
B11000409,22,1.459016393442623,0.8011010965816798
B11000409,23,1.098360655737705,0.3927589688757685
B11000409,24,1.0819672131147542,0.375263053844577
B11000410,1,1.0,0.0
B11000410,2,1.0,0.0
B11000410,3,1.0,0.0
B11000410,4,1.0,0.0
B11000410,5,1.0,0.0
B11000410,6,1.0,0.0
B11000410,7,1.0,0.0
B11000410,8,1.2622950819672132,0.5402379361732484
B11000410,9,3.9836065573770494,3.2111067663463064
B11000410,10,4.049180327868853,2.7545862175246834
B11000410,11,3.7049180327868854,2.4651290146471334
B11000410,12,3.3278688524590163,2.2303518172481143
B11000410,13,2.9672131147540983,2.0160602150351745
B11000410,14,3.1639344262295084,2.181744886506771
B11000410,15,3.2131147540983607,2.12027491334095
B11000410,16,2.8852459016393444,1.86510985617415
B11000410,17,2.8524590163934427,1.52397308153339
B11000410,18,2.8688524590163933,1.5730872833960863
B11000410,19,2.7704918032786887,1.6134012806973237
B11000410,20,2.7049180327868854,1.6331028728409538
B11000410,21,2.1639344262295084,1.4392658405015062
B11000410,22,1.3770491803278688,0.771711625963267
B11000410,23,1.0491803278688525,0.2162443599716872
B11000410,24,1.0163934426229508,0.12698306053139075
B11000411,1,2.0,0.0
B11000411,2,2.0,0.0
B11000411,3,2.0,0.0
B11000411,4,2.0,0.0
B11000411,5,2.0,0.0
B11000411,6,2.0,0.18107149208503706
B11000411,7,2.6065573770491803,1.044559496529442
B11000411,8,4.475409836065574,3.191210045319153
B11000411,9,4.590163934426229,2.6573563171084764
B11000411,10,4.950819672131147,2.363841202318155
B11000411,11,4.967213114754099,2.2613445377731645
B11000411,12,4.721311475409836,1.9002255909301116
B11000411,13,4.229508196721311,1.6634296254381407
B11000411,14,4.19672131147541,1.5557368411958425
B11000411,15,4.081967213114754,1.4631549335530938
B11000411,16,4.016393442622951,1.5522781067233857
B11000411,17,4.147540983606557,1.6873304706466965
B11000411,18,4.459016393442623,2.1315258176261125
B11000411,19,4.180327868852459,1.9794700128686664
B11000411,20,3.5081967213114753,1.574624085450573
B11000411,21,2.5901639344262297,1.1647422733332207
B11000411,22,1.9672131147540983,0.17807836870820026
B11000411,23,2.0,0.0
B11000411,24,2.0,0.0
B11000412,1,2.1311475409836067,0.42369993387934707
B11000412,2,2.1311475409836067,0.5271454160922469
B11000412,3,2.1147540983606556,0.5152863490328431
B11000412,4,2.1147540983606556,0.5152863490328431
B11000412,5,2.098360655737705,0.4688639228221341
B11000412,6,2.1147540983606556,0.5152863490328431
B11000412,7,2.5245901639344264,0.5897083852001623
B11000412,8,4.213114754098361,1.0419835135784068
B11000412,9,5.852459016393443,2.2676344688652796
B11000412,10,5.819672131147541,2.161573476082184
B11000412,11,5.918032786885246,1.9942136127685146
B11000412,12,5.344262295081967,1.587711477088951
B11000412,13,4.311475409836065,1.3249309738476556
B11000412,14,4.245901639344262,1.3013956909501205
B11000412,15,4.311475409836065,1.2872767494688904
B11000412,16,4.409836065573771,1.5190273978505409
B11000412,17,4.885245901639344,1.6703622916702898
B11000412,18,5.213114754098361,1.7188897875040143
B11000412,19,4.950819672131147,1.7407952724535456
B11000412,20,3.80327868852459,1.637868187926376
B11000412,21,3.0327868852459017,1.2926933772928737
B11000412,22,2.8524590163934427,1.2124499729246292
B11000412,23,2.639344262295082,1.1019027788069546
B11000412,24,2.3442622950819674,0.6242436972019597
B11000444,1,1.0,0.0
B11000444,2,1.0,0.0
B11000444,3,1.0,0.0
B11000444,4,1.0,0.0
B11000444,5,1.0,0.0
B11000444,6,1.0,0.0
B11000444,7,2.737704918032787,0.6751232879335738
B11000444,8,2.5081967213114753,0.8612410187910621
B11000444,9,4.114754098360656,2.1432192780857986
B11000444,10,4.901639344262295,2.420573824616643
B11000444,11,5.0,2.482727215428531
B11000444,12,4.409836065573771,2.067524449716299
B11000444,13,4.426229508196721,2.028154425470481
B11000444,14,4.39344262295082,1.8754556912885367
B11000444,15,4.360655737704918,1.9672131147540985
B11000444,16,4.426229508196721,1.9030520473352723
B11000444,17,4.360655737704918,1.7836487458848471
B11000444,18,4.131147540983607,1.674058676881278
B11000444,19,3.6721311475409837,1.596320682226864
B11000444,20,3.3934426229508197,1.52872698057374
B11000444,21,2.8524590163934427,1.3770491803278688
B11000444,22,2.360655737704918,1.5788851315192798
B11000444,23,1.4754098360655739,0.8416719772454712
B11000444,24,1.0,0.0
B11000446,1,1.5245901639344261,1.4777758806212382
B11000446,2,1.5573770491803278,1.6745402125382618
B11000446,3,1.5081967213114753,1.5216788702783335
B11000446,4,1.540983606557377,1.6253501059600572
B11000446,5,1.4426229508196722,1.4202815486747855
B11000446,6,1.4754098360655739,1.5429007955216316
B11000446,7,2.7540983606557377,2.101176389509786
B11000446,8,5.540983606557377,3.6240262479227288
B11000446,9,5.639344262295082,3.36341350263095
B11000446,10,6.229508196721311,3.45649041480484
B11000446,11,6.245901639344262,3.267604214374897
B11000446,12,5.950819672131147,3.0267995839797885
B11000446,13,5.524590163934426,2.5389203680527452
B11000446,14,5.344262295081967,2.660489575935284
B11000446,15,5.39344262295082,2.5496942184041624
B11000446,16,5.377049180327869,2.6249992001636846
B11000446,17,5.524590163934426,2.74970375380217
B11000446,18,5.409836065573771,2.7423637595182275
B11000446,19,4.950819672131147,2.6761008429392605
B11000446,20,4.311475409836065,2.4796944788444635
B11000446,21,3.5245901639344264,2.280397990695665
B11000446,22,2.7868852459016393,2.1812521152104787
B11000446,23,2.0,1.5149527937243175
B11000446,24,1.6557377049180328,1.5669250026686585
B11000513,1,1.9836065573770492,0.3383568432877097
B11000513,2,2.0,0.31362502409359
B11000513,3,2.0,0.25607375986579195
B11000513,4,1.9672131147540983,0.31190651787607293
B11000513,5,2.0,0.25607375986579195
B11000513,6,2.0327868852459017,0.2539661210627815
B11000513,7,2.098360655737705,0.3927589688757685
B11000513,8,2.4918032786885247,0.880069870916036
B11000513,9,5.163934426229508,2.497082414712021
B11000513,10,5.950819672131147,2.7605311291530192
B11000513,11,5.80327868852459,2.527356372537936
B11000513,12,6.081967213114754,2.876103249287891
B11000513,13,5.885245901639344,2.4833766057047995
B11000513,14,5.459016393442623,2.1921900905655693
B11000513,15,5.524590163934426,2.3926565068775023
B11000513,16,5.442622950819672,2.243567052737448
B11000513,17,5.295081967213115,2.0109883574027085
B11000513,18,5.426229508196721,2.3079265862790903
B11000513,19,5.180327868852459,2.2868705563897453
B11000513,20,4.245901639344262,1.675823631168924
B11000513,21,3.1639344262295084,1.4163023650134543
B11000513,22,2.5081967213114753,1.0342170685631151
B11000513,23,2.1475409836065573,0.5068729453685346
B11000513,24,2.0655737704918034,0.507932242125563
B11000514,1,1.0491803278688525,0.2820434513784468
B11000514,2,1.0327868852459017,0.2539661210627815
B11000514,3,1.0327868852459017,0.2539661210627815
B11000514,4,1.0327868852459017,0.2539661210627815
B11000514,5,1.0491803278688525,0.38094918159417196
B11000514,6,1.0655737704918034,0.3066932284240935
B11000514,7,1.9180327868852458,0.4543084085426563
B11000514,8,2.1475409836065573,0.8064507459835306
B11000514,9,3.9836065573770494,2.2139039272970416
B11000514,10,4.967213114754099,2.8340275061124185
B11000514,11,4.934426229508197,2.3944529643858687
B11000514,12,4.573770491803279,1.9540543509182084
B11000514,13,4.360655737704918,1.659871483127494
B11000514,14,4.180327868852459,1.5311861546013927
B11000514,15,4.114754098360656,1.5267919936885312
B11000514,16,4.213114754098361,1.6507797869080796
B11000514,17,4.180327868852459,1.573428924682207
B11000514,18,4.081967213114754,1.5607383915294302
B11000514,19,4.016393442622951,1.8151620374644468
B11000514,20,3.622950819672131,1.7570834107507225
B11000514,21,3.360655737704918,1.7558593887207719
B11000514,22,2.4754098360655736,1.325742073387261
B11000514,23,1.3934426229508197,0.7305665559067933
B11000514,24,1.1639344262295082,0.4852015930147129
B11000515,1,1.2622950819672132,0.4398822250819258
B11000515,2,1.1475409836065573,0.35464438775055634
B11000515,3,1.3114754098360655,0.46309661940411595
B11000515,4,1.180327868852459,0.3844603081822483
B11000515,5,1.3934426229508197,0.48851358772955217
B11000515,6,1.278688524590164,0.44835391249761786
B11000515,7,1.4754098360655739,0.49939495776156767
B11000515,8,1.901639344262295,0.6943547076900777
B11000515,9,3.180327868852459,1.4429954809616645
B11000515,10,3.4754098360655736,1.7235738450230425
B11000515,11,3.4918032786885247,1.6558188585857654
B11000515,12,3.3934426229508197,1.4962103880792965
B11000515,13,3.180327868852459,1.4987229177887738
B11000515,14,3.180327868852459,1.4200923165709978
B11000515,15,3.081967213114754,1.451907529539969
B11000515,16,3.3278688524590163,1.6167292571723457
B11000515,17,3.2295081967213113,1.5826253621176618
B11000515,18,3.0327868852459017,1.366666557420743
B11000515,19,2.9508196721311477,1.3480554241195921
B11000515,20,2.360655737704918,1.3310021724711107
B11000515,21,2.180327868852459,0.9836065573770492
B11000515,22,1.4098360655737705,0.6622626189089886
B11000515,23,1.278688524590164,0.44835391249761786
B11000515,24,1.2295081967213115,0.4205165684714971
B11000516,1,1.278688524590164,1.2164332104320756
B11000516,2,1.098360655737705,0.5342351061246008
B11000516,3,1.0491803278688525,0.38094918159417196
B11000516,4,1.0491803278688525,0.38094918159417196
B11000516,5,1.0491803278688525,0.38094918159417196
B11000516,6,1.1311475409836065,0.7349675990642589
B11000516,7,3.377049180327869,2.735102326291689
B11000516,8,4.163934426229508,3.3298467836009302
B11000516,9,5.344262295081967,3.4635585126493176
B11000516,10,5.262295081967213,2.9747662222200013
B11000516,11,5.180327868852459,2.7070533052417067
B11000516,12,5.098360655737705,2.690023572526291
B11000516,13,4.754098360655738,2.5456857603257284
B11000516,14,4.754098360655738,2.2807515133690073
B11000516,15,4.918032786885246,2.3629315077675086
B11000516,16,5.180327868852459,2.6083610627145974
B11000516,17,5.245901639344262,2.52629280460272
B11000516,18,5.311475409836065,2.453107655083264
B11000516,19,5.114754098360656,2.298241385086116
B11000516,20,4.672131147540983,2.3658867361676665
B11000516,21,4.180327868852459,2.725160225226721
B11000516,22,3.7540983606557377,2.838007484508887
B11000516,23,3.0491803278688523,2.6761008429392605
B11000516,24,1.819672131147541,1.7880128792702927
B11000517,1,1.0655737704918034,0.39954287235914565
B11000517,2,1.0655737704918034,0.39954287235914565
B11000517,3,1.0655737704918034,0.39954287235914565
B11000517,4,1.0655737704918034,0.39954287235914565
B11000517,5,1.0655737704918034,0.39954287235914565
B11000517,6,1.0655737704918034,0.39954287235914565
B11000517,7,1.0655737704918034,0.39954287235914565
B11000517,8,4.049180327868853,3.413695797851464
B11000517,9,6.60655737704918,4.876436109696689
B11000517,10,6.557377049180328,4.628934622899725
B11000517,11,7.295081967213115,4.802131570066797
B11000517,12,6.770491803278689,4.403401973299441
B11000517,13,6.60655737704918,4.138102394460019
B11000517,14,6.639344262295082,4.368414150805631
B11000517,15,6.573770491803279,4.275201141441769
B11000517,16,6.278688524590164,4.289258973567267
B11000517,17,6.639344262295082,4.416930121832991
B11000517,18,6.901639344262295,4.706831164130742
B11000517,19,6.491803278688525,4.3025838627186515
B11000517,20,5.311475409836065,3.744026865211855
B11000517,21,1.7049180327868851,1.4524627169401105
B11000517,22,1.0819672131147542,0.5215073351012088
B11000517,23,1.0655737704918034,0.39954287235914565
B11000517,24,1.0819672131147542,0.5215073351012088
B11000518,1,1.0,0.0
B11000518,2,1.0,0.0
B11000518,3,1.0,0.0
B11000518,4,1.0,0.0
B11000518,5,1.0,0.0
B11000518,6,1.0,0.0
B11000518,7,1.8524590163934427,0.35464438775055634
B11000518,8,1.9508196721311475,0.493439899780079
B11000518,9,3.7049180327868854,2.4181300341656224
B11000518,10,4.508196721311475,2.820434513784468
B11000518,11,4.245901639344262,2.4471846500901107
B11000518,12,4.081967213114754,2.2564667140713386
B11000518,13,3.7868852459016393,2.049508170496
B11000518,14,3.360655737704918,1.7928161461629268
B11000518,15,3.3934426229508197,1.8041726547144399
B11000518,16,3.5081967213114753,1.8871693680207422
B11000518,17,3.622950819672131,1.9262120682851938
B11000518,18,3.7540983606557377,1.9303931282693283
B11000518,19,3.3442622950819674,1.7544813432066773
B11000518,20,2.3278688524590163,1.5441195854841463
B11000518,21,1.3770491803278688,0.6315200093199417
B11000518,22,1.0491803278688525,0.38094918159417196
B11000518,23,1.0163934426229508,0.12698306053139075
B11000518,24,1.0,0.0
B11000555,1,2.1311475409836067,0.5860512436629337
B11000555,2,2.081967213114754,0.4543084085426563
B11000555,3,2.1147540983606556,0.5754075008125982
B11000555,4,2.098360655737705,0.4688639228221342
B11000555,5,2.098360655737705,0.4688639228221342
B11000555,6,2.081967213114754,0.4543084085426563
B11000555,7,2.7049180327868854,0.685786906995144
B11000555,8,3.1639344262295084,1.1334023617995808
B11000555,9,4.819672131147541,2.7964157194717263
B11000555,10,5.80327868852459,2.890457290561861
B11000555,11,5.868852459016393,2.6641235746216068
B11000555,12,5.590163934426229,2.431872038670984
B11000555,13,5.098360655737705,2.1015600609070324
B11000555,14,4.901639344262295,2.0382000901855433
B11000555,15,5.081967213114754,2.182606968570587
B11000555,16,5.245901639344262,2.1928029648794714
B11000555,17,5.19672131147541,2.094643223512805
B11000555,18,5.114754098360656,2.203561652399548
B11000555,19,4.836065573770492,2.189245905567564
B11000555,20,4.786885245901639,2.211110203290146
B11000555,21,4.229508196721311,1.8589036308935456
B11000555,22,3.442622950819672,1.465724127688991
B11000555,23,2.7540983606557377,1.1111320133003637
B11000555,24,2.360655737704918,0.8104398094628377
B11000556,1,1.3114754098360655,0.915100704062483
B11000556,2,1.1311475409836065,0.5860512436629337
B11000556,3,1.098360655737705,0.6454104814763779
B11000556,4,1.1475409836065573,0.7858599878168447
B11000556,5,1.1147540983606556,0.65532774069858
B11000556,6,1.0819672131147542,0.5215073351012088
B11000556,7,1.5081967213114753,0.5901639344262296
B11000556,8,1.1639344262295082,0.5178875081616824
B11000556,9,3.2131147540983607,1.8652539412959357
B11000556,10,5.081967213114754,3.0152349878097238
B11000556,11,5.049180327868853,2.922082288695527
B11000556,12,4.786885245901639,2.5292696677905395
B11000556,13,5.147540983606557,2.7570242069718107
B11000556,14,4.737704918032787,2.318151039254234
B11000556,15,4.688524590163935,2.27992654186063
B11000556,16,4.639344262295082,2.210502404767629
B11000556,17,4.721311475409836,2.3197735018109804
B11000556,18,4.786885245901639,2.3616801056150103
B11000556,19,5.0,2.367817006664404
B11000556,20,4.786885245901639,2.476875041345052
B11000556,21,4.344262295081967,2.547163294575767
B11000556,22,3.4918032786885247,2.236969193890582
B11000556,23,2.4098360655737703,2.011255616139672
B11000556,24,1.7540983606557377,1.4559739876180011
B11000559,1,3.918032786885246,1.739559789492762
B11000559,2,3.8524590163934427,1.7352286717900645
B11000559,3,3.8524590163934427,1.7066510737888418
B11000559,4,3.8524590163934427,1.7540217541108531
B11000559,5,3.8852459016393444,1.908551597894976
B11000559,6,3.4262295081967213,1.7030254312420396
B11000559,7,3.6721311475409837,1.6862151961473826
B11000559,8,4.39344262295082,1.8312289927141976
B11000559,9,4.901639344262295,2.022049909656177
B11000559,10,5.721311475409836,2.3893969850494488
B11000559,11,6.114754098360656,2.496544238793636
B11000559,12,5.967213114754099,2.4291077300972406
B11000559,13,5.622950819672131,2.3270605846849817
B11000559,14,5.672131147540983,2.5137087189616723
B11000559,15,5.655737704918033,2.481969378694077
B11000559,16,5.639344262295082,2.42279331327716
B11000559,17,5.672131147540983,2.345007333173265
B11000559,18,5.524590163934426,2.1007926480419687
B11000559,19,5.590163934426229,2.0355613007696616
B11000559,20,5.295081967213115,1.8228446719891986
B11000559,21,4.770491803278689,1.8142734861976293
B11000559,22,4.344262295081967,1.932341193624547
B11000559,23,3.9836065573770494,1.7508012524358016
B11000559,24,3.819672131147541,1.732128385819317
B11000562,1,1.721311475409836,0.8323608049040069
B11000562,2,1.6885245901639345,0.8403938110148391
B11000562,3,1.7540983606557377,0.880680394659888
B11000562,4,1.7049180327868851,0.8934050225205712
B11000562,5,1.7704918032786885,0.9477054710029267
B11000562,6,1.6885245901639345,0.8596793837460258
B11000562,7,1.9344262295081966,1.0844482235109
B11000562,8,2.442622950819672,1.1526816938522588
B11000562,9,3.19672131147541,1.6278284048926437
B11000562,10,4.131147540983607,2.1613248049883405
B11000562,11,4.213114754098361,1.9595479078667455
B11000562,12,4.147540983606557,1.8976781807852827
B11000562,13,4.311475409836065,1.8951273464417606
B11000562,14,4.377049180327869,1.830201408124966
B11000562,15,4.180327868852459,1.8510802935469206
B11000562,16,3.6885245901639343,1.4659074692529936
B11000562,17,3.4754098360655736,1.4554201396346251
B11000562,18,3.6065573770491803,1.56056619112161
B11000562,19,3.7049180327868854,1.5924438615843792
B11000562,20,3.5901639344262297,1.6533825158194055
B11000562,21,3.19672131147541,1.3887094153801554
B11000562,22,2.721311475409836,1.2298360218695772
B11000562,23,1.9672131147540983,0.8486674823308054
B11000562,24,1.7704918032786885,0.7104245468859164
B11000563,1,1.0819672131147542,0.4543084085426563
B11000563,2,1.0819672131147542,0.4543084085426563
B11000563,3,1.0819672131147542,0.4543084085426563
B11000563,4,1.0819672131147542,0.4543084085426563
B11000563,5,1.098360655737705,0.5342351061246008
B11000563,6,1.0819672131147542,0.4543084085426563
B11000563,7,1.1967213114754098,0.6731300054966495
B11000563,8,1.5737704918032787,1.0473857603254613
B11000563,9,2.639344262295082,1.515307542070996
B11000563,10,3.9344262295081966,2.2314360035637453
B11000563,11,3.8360655737704916,1.9767528255715225
B11000563,12,3.721311475409836,1.9763449252695764
B11000563,13,3.5737704918032787,1.9955607814777003
B11000563,14,3.4918032786885247,1.761360789319776
B11000563,15,3.5245901639344264,1.6753424643988482
B11000563,16,3.2459016393442623,1.3139321252140246
B11000563,17,3.2295081967213113,1.3106554813971598
B11000563,18,3.262295081967213,1.329385897227101
B11000563,19,3.2295081967213113,1.4864794211844794
B11000563,20,3.0491803278688523,1.5621153114192259
B11000563,21,2.0327868852459017,1.2142219139108987
B11000563,22,1.459016393442623,1.0012086219411458
B11000563,23,1.2295081967213115,0.6374499047614288
B11000563,24,1.098360655737705,0.4688639228221342
B11000564,1,1.4426229508196722,1.0792315141398552
B11000564,2,1.2622950819672132,0.9391597106493447
B11000564,3,1.2459016393442623,0.8426293295669768
B11000564,4,1.2295081967213115,0.8375108048816262
B11000564,5,1.2295081967213115,0.8375108048816262
B11000564,6,1.2131147540983607,0.7039642804453735
B11000564,7,1.9836065573770492,0.6650971401672393
B11000564,8,2.7540983606557377,1.8612153415717998
B11000564,9,3.9672131147540983,2.064272293599632
B11000564,10,4.573770491803279,2.4525598296102364
B11000564,11,4.704918032786885,2.4717702045499794
B11000564,12,4.295081967213115,2.145099350330789
B11000564,13,4.426229508196721,2.2576573989276016
B11000564,14,4.213114754098361,1.9844870014597336
B11000564,15,4.409836065573771,1.9533665699842566
B11000564,16,4.524590163934426,2.139454177190223
B11000564,17,4.377049180327869,2.112910621077773
B11000564,18,4.475409836065574,2.0454392079320947
B11000564,19,4.409836065573771,1.9365090204386493
B11000564,20,3.5737704918032787,1.712624449405951
B11000564,21,2.8360655737704916,1.7665408253146484
B11000564,22,2.639344262295082,1.6697186067555718
B11000564,23,2.3934426229508197,1.7674533733696465
B11000564,24,1.901639344262295,1.4452286452809304
B11000565,1,2.3114754098360657,1.2352869661498034
B11000565,2,2.2131147540983607,0.8705520031050332
B11000565,3,2.262295081967213,1.2133362668828411
B11000565,4,2.2131147540983607,0.8705520031050332
B11000565,5,2.262295081967213,1.2133362668828411
B11000565,6,2.2459016393442623,1.09627891785577
B11000565,7,2.180327868852459,0.8590539348573053
B11000565,8,3.19672131147541,2.6600854918539834
B11000565,9,5.475409836065574,3.6958397407641277
B11000565,10,6.147540983606557,3.3379883289768872
B11000565,11,6.311475409836065,3.331621884389474
B11000565,12,5.721311475409836,2.7408934019198896
B11000565,13,5.491803278688525,2.5901639344262297
B11000565,14,5.295081967213115,2.626125128397862
B11000565,15,5.229508196721311,2.377444851184695
B11000565,16,5.491803278688525,2.4999865627158364
B11000565,17,5.639344262295082,2.3680439938677886
B11000565,18,5.868852459016393,2.4990188883762294
B11000565,19,6.016393442622951,2.8772243186149273
B11000565,20,5.786885245901639,2.6371541672009995
B11000565,21,5.081967213114754,2.801024882497055
B11000565,22,3.7868852459016393,2.033447803716155
B11000565,23,2.9508196721311477,1.530308331818356
B11000565,24,2.4754098360655736,1.2624015284051446
B11000572,1,1.3442622950819672,1.2131147540983607
B11000572,2,1.3114754098360655,1.048667907653736
B11000572,3,1.278688524590164,0.8894858994262647
B11000572,4,1.3114754098360655,1.048667907653736
B11000572,5,1.360655737704918,1.2935246914477945
B11000572,6,1.3278688524590163,1.1412002809152206
B11000572,7,2.2459016393442623,1.2234825021013307
B11000572,8,2.8688524590163933,2.3151348778898004
B11000572,9,4.016393442622951,2.749019516885847
B11000572,10,4.459016393442623,2.5387086590369052
B11000572,11,4.885245901639344,3.00326795044254
B11000572,12,4.704918032786885,2.638580482095343
B11000572,13,4.754098360655738,2.500201550596245
B11000572,14,4.868852459016393,2.75487889017705
B11000572,15,4.918032786885246,2.7892950044546816
B11000572,16,5.0,2.942063511367155
B11000572,17,5.098360655737705,2.791702682938754
B11000572,18,4.737704918032787,2.5601078316445864
B11000572,19,4.213114754098361,2.4900770552193476
B11000572,20,3.4754098360655736,2.308974347400255
B11000572,21,2.7049180327868854,2.090919182098691
B11000572,22,1.540983606557377,1.3376486648410062
B11000572,23,1.3114754098360655,0.9151007040624829
B11000572,24,1.3114754098360655,1.048667907653736
B11000577,1,47.21311475409836,10.157956994312729
B11000577,2,47.90163934426229,9.594576538435382
B11000577,3,48.14754098360656,10.192951704243558
B11000577,4,48.01639344262295,9.805471545960732
B11000577,5,48.65573770491803,10.411036461058831
B11000577,6,49.14754098360656,10.907714318690072
B11000577,7,60.32786885245902,16.259898686470212
B11000577,8,67.9672131147541,20.680209287328235
B11000577,9,94.60655737704919,34.81297981440519
B11000577,10,101.72131147540983,38.14731202422361
B11000577,11,103.68852459016394,38.47057252345203
B11000577,12,103.39344262295081,37.67691761457182
B11000577,13,100.1639344262295,35.72856703749924
B11000577,14,105.80327868852459,38.903756686625634
B11000577,15,102.09836065573771,36.53639771472125
B11000577,16,99.50819672131148,34.23861445355237
B11000577,17,96.34426229508196,30.755452799703793
B11000577,18,91.70491803278688,28.461849220647192
B11000577,19,81.40983606557377,23.095934671144644
B11000577,20,75.14754098360656,19.897142117526368
B11000577,21,68.11475409836065,17.094815972576416
B11000577,22,59.0655737704918,12.861008364284553
B11000577,23,51.31147540983606,10.798513837647027
B11000577,24,47.73770491803279,9.905953896594271
B11000578,1,1.9836065573770492,0.2858294389206999
B11000578,2,1.9836065573770492,0.12698306053139072
B11000578,3,1.9508196721311475,0.2162443599716872
B11000578,4,1.9344262295081966,0.24753555525477872
B11000578,5,1.8032786885245902,0.3975198574748243
B11000578,6,1.8524590163934427,0.35464438775055634
B11000578,7,1.9180327868852458,0.2743147627980575
B11000578,8,3.0655737704918034,0.6238130357521459
B11000578,9,3.80327868852459,1.3648956259999112
B11000578,10,5.836065573770492,2.9319066021224027
B11000578,11,6.049180327868853,2.9941266523152974
B11000578,12,5.721311475409836,2.6496591029789966
B11000578,13,5.704918032786885,2.9439811468963883
B11000578,14,5.409836065573771,2.3704260472026233
B11000578,15,5.377049180327869,2.1891231452621116
B11000578,16,5.327868852459017,2.0221828124733476
B11000578,17,5.114754098360656,1.9677594869670372
B11000578,18,5.131147540983607,1.8507899052333372
B11000578,19,5.098360655737705,1.7714023159659145
B11000578,20,4.934426229508197,1.8365046313449247
B11000578,21,4.508196721311475,1.6949582984344698
B11000578,22,3.2131147540983607,1.1031215633613585
B11000578,23,2.5081967213114753,0.9855172698484681
B11000578,24,2.1311475409836067,0.5271454160922467
B11000582,1,1.3934426229508197,1.1202852172635993
B11000582,2,1.3278688524590163,1.1120990561407624
B11000582,3,1.3278688524590163,1.2376777762738935
B11000582,4,1.3278688524590163,1.1554760778167932
B11000582,5,1.3114754098360655,1.1386069084711694
B11000582,6,1.278688524590164,1.1181241249167169
B11000582,7,1.3278688524590163,0.9871520798245638
B11000582,8,3.081967213114754,2.0826770443484914
B11000582,9,4.819672131147541,2.802271892831685
B11000582,10,4.901639344262295,2.7917026829387543
B11000582,11,4.868852459016393,2.5573770491803276
B11000582,12,4.737704918032787,2.4952521430085834
B11000582,13,4.459016393442623,2.4129009171113576
B11000582,14,4.409836065573771,2.356553813254611
B11000582,15,4.459016393442623,2.4196854591129675
B11000582,16,4.475409836065574,2.372012753794875
B11000582,17,4.704918032786885,2.63236017202217
B11000582,18,4.491803278688525,2.3996102881658135
B11000582,19,4.032786885245901,2.374504007672119
B11000582,20,3.1639344262295084,2.2773318286967235
B11000582,21,2.3442622950819674,1.8981029865617756
B11000582,22,2.0163934426229506,1.7786696380352582
B11000582,23,1.8360655737704918,1.5595325893803642
B11000582,24,1.6721311475409837,1.5227381665223763
B11000583,1,1.4098360655737705,1.2723677319299842
B11000583,2,1.3114754098360655,1.5422039116579327
B11000583,3,1.2622950819672132,1.2532140887617307
B11000583,4,1.3114754098360655,1.5422039116579327
B11000583,5,1.2950819672131149,1.540111368073186
B11000583,6,1.2950819672131149,1.540111368073186
B11000583,7,1.278688524590164,1.1891744972670253
B11000583,8,4.19672131147541,4.619345181509957
B11000583,9,4.852459016393443,3.958125345200723
B11000583,10,4.901639344262295,3.873850619735588
B11000583,11,5.0,3.917175295424238
B11000583,12,4.721311475409836,3.7378487173948884
B11000583,13,4.295081967213115,3.250948221295391
B11000583,14,4.245901639344262,3.3713145643746336
B11000583,15,4.409836065573771,3.512866510510539
B11000583,16,4.344262295081967,3.5152373046852
B11000583,17,4.491803278688525,3.5372627688266185
B11000583,18,4.655737704918033,3.652464902723573
B11000583,19,4.655737704918033,3.643477198382847
B11000583,20,4.147540983606557,3.248384544655957
B11000583,21,3.459016393442623,3.000403090361241
B11000583,22,2.9344262295081966,2.867962391201251
B11000583,23,2.5245901639344264,2.5963818291087697
B11000583,24,1.8360655737704918,1.8303482412439092
B11000592,1,1.3442622950819672,1.239847239422232
B11000592,2,1.3114754098360655,1.1386069084711696
B11000592,3,1.3114754098360655,1.1386069084711696
B11000592,4,1.3278688524590163,1.2376777762738935
B11000592,5,1.3114754098360655,1.1386069084711696
B11000592,6,1.3442622950819672,1.226553827541632
B11000592,7,2.2131147540983607,1.3196466752457774
B11000592,8,1.4754098360655739,1.374314223943258
B11000592,9,3.2459016393442623,2.1167229365992095
B11000592,10,3.180327868852459,2.3782359954132106
B11000592,11,3.278688524590164,2.276977775084546
B11000592,12,3.360655737704918,2.135053167727786
B11000592,13,3.2950819672131146,2.1904731302312257
B11000592,14,3.4098360655737703,2.29309047086061
B11000592,15,3.442622950819672,2.294145007807987
B11000592,16,3.459016393442623,2.3648641904083036
B11000592,17,3.4098360655737703,2.198188890735965
B11000592,18,3.377049180327869,2.120655129413824
B11000592,19,3.5737704918032787,2.452559829610236
B11000592,20,3.6557377049180326,2.566398547570463
B11000592,21,3.459016393442623,2.53224303142946
B11000592,22,2.819672131147541,2.1539760925451596
B11000592,23,2.1639344262295084,1.9600964167390327
B11000592,24,1.6557377049180328,1.7544813432066773
B11000593,1,2.19672131147541,0.4728591836674085
B11000593,2,2.19672131147541,0.4728591836674085
B11000593,3,2.180327868852459,0.4249666031742859
B11000593,4,2.19672131147541,0.4728591836674085
B11000593,5,2.3114754098360657,0.5878826582636428
B11000593,6,2.360655737704918,0.6014405353391522
B11000593,7,2.5737704918032787,0.6129481670767186
B11000593,8,3.459016393442623,1.0646906807298042
B11000593,9,9.163934426229508,5.163492044543182
B11000593,10,10.60655737704918,5.304741734491764
B11000593,11,10.573770491803279,5.097279944497054
B11000593,12,9.950819672131148,4.5572001380924005
B11000593,13,9.442622950819672,4.5141838038798285
B11000593,14,9.39344262295082,4.3880563998220605
B11000593,15,9.229508196721312,4.251878823369893
B11000593,16,9.491803278688524,4.210147580527947
B11000593,17,9.39344262295082,4.090287129785013
B11000593,18,9.672131147540984,4.283867225887124
B11000593,19,9.737704918032787,4.26538349646817
B11000593,20,9.131147540983607,4.150747157059584
B11000593,21,7.163934426229508,3.270235003681943
B11000593,22,4.852459016393443,2.380494958684085
B11000593,23,3.3934426229508197,1.758153730988801
B11000593,24,2.442622950819672,0.7134444310488179
B11000594,1,1.0163934426229508,0.12698306053139075
B11000594,2,1.0,0.0
B11000594,3,1.0,0.0
B11000594,4,1.0,0.0
B11000594,5,1.0,0.0
B11000594,6,1.0,0.0
B11000594,7,1.0819672131147542,0.27431476279805755
B11000594,8,1.3934426229508197,0.4885135877295521
B11000594,9,2.377049180327869,1.2168749875341398
B11000594,10,3.0491803278688523,1.7027097931277098
B11000594,11,3.0491803278688523,1.6538700714939791
B11000594,12,2.8524590163934427,1.4692037050759397
B11000594,13,2.6065573770491803,1.2966373726744387
B11000594,14,2.6557377049180326,1.171873180371247
B11000594,15,2.622950819672131,1.2435266405582217
B11000594,16,2.639344262295082,1.2417965156987296
B11000594,17,2.639344262295082,1.2417965156987296
B11000594,18,2.5737704918032787,1.2073411566899652
B11000594,19,2.5081967213114753,1.0807245720557055
B11000594,20,2.1311475409836067,0.9139252370338592
B11000594,21,1.9180327868852458,0.8739411760827437
B11000594,22,1.6557377049180328,0.7868852459016392
B11000594,23,1.3934426229508197,0.7305665559067933
B11000594,24,1.1311475409836065,0.3830597195261615
B11000595,1,1.0163934426229508,0.12698306053139075
B11000595,2,1.0,0.0
B11000595,3,1.0,0.0
B11000595,4,1.0,0.0
B11000595,5,1.0,0.0
B11000595,6,1.0,0.0
B11000595,7,1.901639344262295,0.3927589688757685
B11000595,8,2.721311475409836,1.4387055605190087
B11000595,9,5.426229508196721,2.8310863140882496
B11000595,10,3.9344262295081966,2.071420297244527
B11000595,11,3.918032786885246,2.026828920835416
B11000595,12,3.7540983606557377,1.9047459079708609
B11000595,13,4.081967213114754,2.1447234677280376
B11000595,14,4.147540983606557,2.317687269910941
B11000595,15,3.901639344262295,1.8878812656536763
B11000595,16,3.819672131147541,1.8332824339599043
B11000595,17,3.7868852459016393,1.829760838070488
B11000595,18,3.737704918032787,1.845700714103288
B11000595,19,3.5245901639344264,1.6053859898157496
B11000595,20,3.262295081967213,1.535392717897455
B11000595,21,2.6885245901639343,1.3735318075838303
B11000595,22,1.7377049180327868,1.1721024873258674
B11000595,23,1.2131147540983607,0.5758743629590262
B11000595,24,1.0655737704918034,0.3066932284240935
B11000596,1,1.1311475409836065,0.33756164396678695
B11000596,2,1.0819672131147542,0.27431476279805744
B11000596,3,1.0491803278688525,0.2162443599716872
B11000596,4,1.0655737704918034,0.24753555525477874
B11000596,5,1.0327868852459017,0.17807836870820026
B11000596,6,1.0327868852459017,0.17807836870820026
B11000596,7,1.8688524590163935,0.3375616439667869
B11000596,8,3.0491803278688523,1.0928415286884563
B11000596,9,4.573770491803279,2.589126166872083
B11000596,10,4.836065573770492,2.970788535101455
B11000596,11,4.934426229508197,3.093456088653396
B11000596,12,4.344262295081967,2.4753555525477866
B11000596,13,3.4918032786885247,2.1624435997168723
B11000596,14,3.278688524590164,1.8653980152884493
B11000596,15,3.557377049180328,1.9713072151550708
B11000596,16,3.540983606557377,1.7886139930473253
B11000596,17,3.7704918032786887,1.8411813974884181
B11000596,18,3.7704918032786887,1.7498800204580849
B11000596,19,3.5737704918032787,1.8238764014192017
B11000596,20,2.639344262295082,1.306136674560137
B11000596,21,1.7049180327868851,0.8559198348987941
B11000596,22,1.2950819672131149,0.5535063283978405
B11000596,23,1.2295081967213115,0.4205165684714971
B11000596,24,1.2131147540983607,0.40950806546874735
B11000597,1,1.0819672131147542,0.2743147627980575
B11000597,2,1.098360655737705,0.29780167417352377
B11000597,3,1.0819672131147542,0.2743147627980575
B11000597,4,1.1147540983606556,0.3187249523807144
B11000597,5,1.0491803278688525,0.2162443599716872
B11000597,6,1.1147540983606556,0.3187249523807144
B11000597,7,1.3934426229508197,0.4885135877295521
B11000597,8,4.016393442622951,2.1076893048688747
B11000597,9,4.442622950819672,2.6520922156156255
B11000597,10,4.852459016393443,2.6724831307953876
B11000597,11,4.786885245901639,2.618438742046086
B11000597,12,4.786885245901639,2.86936763524226
B11000597,13,4.639344262295082,2.746280864442219
B11000597,14,4.327868852459017,2.6656362785807013
B11000597,15,4.163934426229508,2.6000020672681092
B11000597,16,4.278688524590164,2.6804155999077777
B11000597,17,4.344262295081967,2.7032781914523
B11000597,18,4.295081967213115,2.504712033414332
B11000597,19,4.147540983606557,2.42822248672597
B11000597,20,3.901639344262295,2.281104981253868
B11000597,21,3.901639344262295,2.6221310194271745
B11000597,22,2.5081967213114753,2.1925578357115394
B11000597,23,1.3114754098360655,0.7364287686956132
B11000597,24,1.0655737704918034,0.24753555525477872
B11000598,1,1.3442622950819672,0.5084610629269122
B11000598,2,1.4754098360655739,0.4993949577615677
B11000598,3,1.459016393442623,0.49831751323182505
B11000598,4,1.5245901639344261,0.4993949577615677
B11000598,5,1.4918032786885247,0.49993280924514444
B11000598,6,1.7377049180327868,0.4398822250819258
B11000598,7,2.081967213114754,0.48906340623528843
B11000598,8,2.2295081967213113,0.7104245468859165
B11000598,9,4.950819672131147,2.712607054671876
B11000598,10,4.459016393442623,2.162070732466973
B11000598,11,4.39344262295082,1.935676172996887
B11000598,12,4.114754098360656,1.8999427140262843
B11000598,13,4.213114754098361,1.9678960563177217
B11000598,14,4.114754098360656,1.7564715063578848
B11000598,15,3.9344262295081966,1.6779070927113426
B11000598,16,4.016393442622951,1.7786696380352582
B11000598,17,4.180327868852459,1.8332824339599043
B11000598,18,3.9508196721311477,1.8941344275887446
B11000598,19,3.6885245901639343,1.8777470246919807
B11000598,20,3.459016393442623,1.797756073935115
B11000598,21,3.2950819672131146,1.8318159250987285
B11000598,22,3.1475409836065573,1.7633431881344075
B11000598,23,2.442622950819672,1.4317774138293802
B11000598,24,1.5737704918032787,0.8190161309374948
B11000599,1,1.0327868852459017,0.2539661210627815
B11000599,2,1.0327868852459017,0.2539661210627815
B11000599,3,1.0327868852459017,0.2539661210627815
B11000599,4,1.0327868852459017,0.2539661210627815
B11000599,5,1.0327868852459017,0.2539661210627815
B11000599,6,1.0655737704918034,0.507932242125563
B11000599,7,1.1311475409836065,0.7783001619979818
B11000599,8,4.245901639344262,1.5956471291664036
B11000599,9,5.557377049180328,3.4380922567654633
B11000599,10,4.967213114754099,2.727920081486176
B11000599,11,5.0,2.5862182023495106
B11000599,12,5.065573770491803,2.5081431473974134
B11000599,13,4.901639344262295,2.330868536023111
B11000599,14,5.049180327868853,2.452340665155162
B11000599,15,5.016393442622951,2.405538713249198
B11000599,16,4.852459016393443,2.2892196793063837
B11000599,17,4.80327868852459,2.296252628838443
B11000599,18,4.475409836065574,2.1623193177776496
B11000599,19,3.80327868852459,1.9147372557085423
B11000599,20,3.5737704918032787,1.928721791914188
B11000599,21,2.4262295081967213,1.384445398735568
B11000599,22,1.4426229508196722,0.8000940552073725
B11000599,23,1.098360655737705,0.3485293709093328
B11000599,24,1.0491803278688525,0.2820434513784468
B11000600,1,1.0,0.0
B11000600,2,1.0,0.0
B11000600,3,1.0,0.0
B11000600,4,1.0,0.0
B11000600,5,1.0,0.0
B11000600,6,1.0,0.0
B11000600,7,2.5901639344262297,2.1223019452698044
B11000600,8,3.557377049180328,3.7307960305768986
B11000600,9,4.836065573770492,2.970788535101455
B11000600,10,4.737704918032787,2.8278569731278167
B11000600,11,5.278688524590164,3.24482512368709
B11000600,12,4.918032786885246,2.7951660965176544
B11000600,13,4.967213114754099,2.885618455827951
B11000600,14,4.819672131147541,2.4394852770804296
B11000600,15,4.918032786885246,2.5562208399376565
B11000600,16,4.590163934426229,2.4318720386709836
B11000600,17,4.704918032786885,2.5883994820211345
B11000600,18,4.983606557377049,2.7130033160215428
B11000600,19,4.508196721311475,2.2074609019033327
B11000600,20,4.409836065573771,2.2643136634680556
B11000600,21,3.7704918032786887,2.342714151191969
B11000600,22,2.0655737704918034,1.7069659831141142
B11000600,23,1.3770491803278688,0.9778520191479831
B11000600,24,1.0327868852459017,0.17807836870820026
B11000601,1,79.85245901639344,30.200334416546966
B11000601,2,80.70491803278688,30.351678735161613
B11000601,3,81.55737704918033,30.67306427158287
B11000601,4,81.08196721311475,29.3164168644365
B11000601,5,81.29508196721312,30.083677978780887
B11000601,6,80.09836065573771,30.226849924015305
B11000601,7,69.98360655737704,32.3426794125488
B11000601,8,54.459016393442624,36.18738742806095
B11000601,9,47.73770491803279,38.43704737783642
B11000601,10,91.9672131147541,39.45321662512876
B11000601,11,84.22950819672131,42.21389462911625
B11000601,12,76.1639344262295,43.56309926195765
B11000601,13,80.45901639344262,44.64415728133287
B11000601,14,87.27868852459017,45.68499812868265
B11000601,15,98.18032786885246,43.60986059225721
B11000601,16,110.26229508196721,42.018692811084335
B11000601,17,91.52459016393442,32.54938570968638
B11000601,18,80.0,31.5126828487812
B11000601,19,78.04918032786885,31.366383921512917
B11000601,20,79.1639344262295,32.621616250814
B11000601,21,79.04918032786885,30.71627230921811
B11000601,22,79.44262295081967,31.29475134863014
B11000601,23,80.11475409836065,31.644075073141487
B11000601,24,80.42622950819673,31.12452989513621
B11000602,1,31.0,6.733814839679063
B11000602,2,26.0,4.04077577359336
B11000602,3,24.672131147540984,2.929338936646141
B11000602,4,24.34426229508197,2.666644271159205
B11000602,5,23.885245901639344,2.5291634115816253
B11000602,6,24.131147540983605,2.7068547463016777
B11000602,7,24.524590163934427,3.1654205292687996
B11000602,8,27.737704918032787,4.303645573743502
B11000602,9,32.68852459016394,7.1506986557810395
B11000602,10,59.85245901639344,23.215904713324363
B11000602,11,75.04918032786885,31.44781064573661
B11000602,12,75.44262295081967,30.915816202726795
B11000602,13,74.88524590163935,30.13200376956436
B11000602,14,75.11475409836065,28.74825631813128
B11000602,15,74.8360655737705,27.772601386960112
B11000602,16,77.04918032786885,28.458440350746383
B11000602,17,76.73770491803279,28.316653062009962
B11000602,18,75.37704918032787,27.70936039658341
B11000602,19,73.95081967213115,26.085877235228576
B11000602,20,70.21311475409836,25.760635081583366
B11000602,21,64.01639344262296,23.70480466154328
B11000602,22,55.59016393442623,20.178203667616554
B11000602,23,46.540983606557376,16.254708039787968
B11000602,24,39.377049180327866,11.62834853508094
B11000603,1,49.278688524590166,6.220355657801285
B11000603,2,48.09836065573771,6.745259216865897
B11000603,3,48.21311475409836,7.202264566681152
B11000603,4,49.34426229508197,10.079821176369881
B11000603,5,55.540983606557376,12.953351070304198
B11000603,6,69.72131147540983,15.447564556882375
B11000603,7,103.50819672131148,18.192615103089757
B11000603,8,110.52459016393442,16.81393504558883
B11000603,9,109.39344262295081,13.828313421483239
B11000603,10,124.85245901639344,12.501588181826838
B11000603,11,116.1311475409836,12.846477363478394
B11000603,12,115.14754098360656,13.552370871855608
B11000603,13,107.04918032786885,13.419372135404304
B11000603,14,119.91803278688525,11.76030428117446
B11000603,15,117.54098360655738,12.090605715740704
B11000603,16,116.80327868852459,10.035706207650119
B11000603,17,116.18032786885246,11.596364886507606
B11000603,18,112.1311475409836,11.124445699708936
B11000603,19,102.85245901639344,10.154278861600169
B11000603,20,113.73770491803279,10.445646421300516
B11000603,21,94.42622950819673,7.378433385618828
B11000603,22,74.67213114754098,7.879671524058767
B11000603,23,57.32786885245902,5.043162264110147
B11000603,24,51.0655737704918,4.915245111574091
B11000605,1,78.80327868852459,11.58124497417445
B11000605,2,76.91803278688525,11.463834911763643
B11000605,3,76.42622950819673,10.457500275539072
B11000605,4,78.04918032786885,11.841059751958397
B11000605,5,79.75409836065573,13.51460137838163
B11000605,6,105.14754098360656,16.497228843869774
B11000605,7,129.0327868852459,17.95254876020029
B11000605,8,148.85245901639345,17.92409868376565
B11000605,9,151.327868852459,16.188157289877584
B11000605,10,177.47540983606558,20.359560172209143
B11000605,11,180.70491803278688,21.402730224409577
B11000605,12,174.0327868852459,20.29775664993932
B11000605,13,170.9672131147541,17.42710082179313
B11000605,14,175.65573770491804,17.429845560390664
B11000605,15,164.7704918032787,17.52318692721157
B11000605,16,160.88524590163934,17.46011695138168
B11000605,17,165.27868852459017,16.87867132866257
B11000605,18,161.34426229508196,17.837963978044716
B11000605,19,157.40983606557376,14.98455713166532
B11000605,20,162.4262295081967,13.047779807865364
B11000605,21,144.49180327868854,11.731452680469184
B11000605,22,114.40983606557377,11.752051860162343
B11000605,23,93.08196721311475,11.61160397833756
B11000605,24,82.22950819672131,10.580516338423081
B11000606,1,22.0327868852459,3.156919089066106
B11000606,2,18.39344262295082,1.739405292419808
B11000606,3,18.16393442622951,1.9178226030276333
B11000606,4,18.40983606557377,2.0911762254559965
B11000606,5,18.131147540983605,1.8596263491786533
B11000606,6,18.114754098360656,1.403722926466075
B11000606,7,18.131147540983605,1.4763203019566464
B11000606,8,18.491803278688526,2.480236310923223
B11000606,9,25.57377049180328,4.625159337595372
B11000606,10,41.59016393442623,9.85697231668092
B11000606,11,50.98360655737705,10.902686995142773
B11000606,12,53.81967213114754,10.822726841510168
B11000606,13,56.40983606557377,12.166033136080447
B11000606,14,65.78688524590164,10.986004142526907
B11000606,15,73.27868852459017,10.941170776117307
B11000606,16,75.81967213114754,10.839375997890725
B11000606,17,79.1639344262295,10.594121982772522
B11000606,18,83.44262295081967,10.671740820340533
B11000606,19,86.63934426229508,10.525585980160239
B11000606,20,85.40983606557377,11.482527066895074
B11000606,21,81.88524590163935,13.034756011671053
B11000606,22,75.75409836065573,14.340880163336475
B11000606,23,62.24590163934426,13.440403655268494
B11000606,24,41.18032786885246,9.604486992250305
B11000607,1,75.50819672131148,7.515280501117776
B11000607,2,69.0327868852459,6.198802668931525
B11000607,3,65.14754098360656,5.816415620857046
B11000607,4,62.42622950819672,5.514389571001364
B11000607,5,62.26229508196721,5.656569195233769
B11000607,6,62.08196721311475,5.3723490053225875
B11000607,7,62.622950819672134,5.654430830240542
B11000607,8,64.40983606557377,6.5421133828533655
B11000607,9,76.04918032786885,9.15159437781234
B11000607,10,104.52459016393442,27.22318596968825
B11000607,11,150.327868852459,46.9871699654262
B11000607,12,173.50819672131146,50.29572316687905
B11000607,13,176.0655737704918,49.92843036884915
B11000607,14,175.68852459016392,47.945167104128835
B11000607,15,180.54098360655738,45.98202562958413
B11000607,16,180.18032786885246,44.50364074136816
B11000607,17,169.72131147540983,44.060365129322435
B11000607,18,174.24590163934425,41.687618847454615
B11000607,19,169.86885245901638,39.942366434502446
B11000607,20,154.0655737704918,32.39452941695862
B11000607,21,138.0983606557377,25.564258424369758
B11000607,22,124.22950819672131,19.17596980053203
B11000607,23,107.73770491803279,16.269151780305926
B11000607,24,87.37704918032787,10.475833132369635
B11000613,1,57.950819672131146,9.210518273643519
B11000613,2,56.16393442622951,8.88022361236113
B11000613,3,42.442622950819676,6.843746912960295
B11000613,4,41.01639344262295,6.331010856739525
B11000613,5,28.688524590163933,8.306704745252786
B11000613,6,14.098360655737705,8.143598346791292
B11000613,7,8.655737704918034,4.868383263808678
B11000613,8,8.295081967213115,4.046225775468821
B11000613,9,10.639344262295081,4.598762438249087
B11000613,10,41.16393442622951,6.751272686016022
B11000613,11,55.34426229508197,9.141663309395554
B11000613,12,56.32786885245902,9.870840167997079
B11000613,13,58.557377049180324,11.324606301069691
B11000613,14,60.950819672131146,11.137628186612243
B11000613,15,62.83606557377049,10.538268013151477
B11000613,16,63.60655737704918,10.686714118013567
B11000613,17,64.8360655737705,10.855504500616874
B11000613,18,64.67213114754098,10.850279608809982
B11000613,19,63.557377049180324,10.875637671395332
B11000613,20,63.75409836065574,10.91495550587556
B11000613,21,63.21311475409836,11.181241249167169
B11000613,22,61.442622950819676,11.068378515220491
B11000613,23,60.26229508196721,10.595238088048555
B11000613,24,59.73770491803279,9.81451190395766
B11000622,1,92.21311475409836,4.965833276940787
B11000622,2,58.78688524590164,6.092496740074228
B11000622,3,44.032786885245905,4.0649126908324
B11000622,4,41.59016393442623,3.97688835105187
B11000622,5,41.9344262295082,3.593568263927754
B11000622,6,42.57377049180328,5.148480649328141
B11000622,7,58.91803278688525,6.717471914117529
B11000622,8,91.62295081967213,9.222502655304009
B11000622,9,104.62295081967213,8.315823223399304
B11000622,10,108.73770491803279,8.94958857804119
B11000622,11,109.90163934426229,8.805186470936333
B11000622,12,110.57377049180327,9.242558400323558
B11000622,13,109.8360655737705,8.444962273389903
B11000622,14,111.52459016393442,8.620613034716817
B11000622,15,108.9672131147541,9.495412547456027
B11000622,16,109.21311475409836,8.926135422286366
B11000622,17,109.04918032786885,9.04347646324423
B11000622,18,106.77049180327869,8.482176960405726
B11000622,19,100.70491803278688,6.814507817631443
B11000622,20,104.32786885245902,6.681811159875962
B11000622,21,99.24590163934427,6.836871438917979
B11000622,22,94.80327868852459,6.1479562701260235
B11000622,23,92.62295081967213,5.904052330019958
B11000622,24,91.95081967213115,5.164272692537807
B11000627,1,42.49180327868852,1.3382512545546592
B11000627,2,41.34426229508197,1.239847239422232
B11000627,3,41.459016393442624,1.0799783011147936
B11000627,4,40.73770491803279,1.1293642393213006
B11000627,5,41.59016393442623,1.1217236324299018
B11000627,6,41.885245901639344,1.4383319192815638
B11000627,7,44.59016393442623,2.70625898207166
B11000627,8,54.78688524590164,7.744092945220153
B11000627,9,83.1639344262295,27.45857107542009
B11000627,10,89.42622950819673,30.98992909729744
B11000627,11,91.29508196721312,29.63955280646204
B11000627,12,93.22950819672131,31.153450690446217
B11000627,13,89.08196721311475,28.952926793341025
B11000627,14,94.70491803278688,32.99545138164543
B11000627,15,95.55737704918033,33.46959696484231
B11000627,16,95.19672131147541,35.822339248717434
B11000627,17,91.78688524590164,30.080828137633578
B11000627,18,79.0,22.162588474021995
B11000627,19,66.78688524590164,15.12257540961917
B11000627,20,62.81967213114754,11.2315541991555
B11000627,21,58.885245901639344,8.729258058449627
B11000627,22,54.49180327868852,6.14743169301759
B11000627,23,48.24590163934426,3.0280423676839656
B11000627,24,43.885245901639344,1.7842513299378095
B11000631,1,58.08196721311475,4.23604780994093
B11000631,2,56.721311475409834,5.229585281306584
B11000631,3,57.31147540983606,3.8391468639318744
B11000631,4,57.57377049180328,4.099016340991998
B11000631,5,59.557377049180324,5.0295017846796926
B11000631,6,67.29508196721312,6.526978720877645
B11000631,7,77.04918032786885,7.331553700001553
B11000631,8,88.50819672131148,11.54552351093828
B11000631,9,112.42622950819673,22.363948606156324
B11000631,10,127.91803278688525,27.716536510359163
B11000631,11,126.22950819672131,27.201972832639136
B11000631,12,123.67213114754098,26.866226779357195
B11000631,13,121.09836065573771,26.18828728182073
B11000631,14,120.65573770491804,24.89906525726016
B11000631,15,124.65573770491804,25.616263562081436
B11000631,16,121.21311475409836,25.053460710588375
B11000631,17,116.8688524590164,23.0789631055516
B11000631,18,104.21311475409836,18.677693151078586
B11000631,19,90.44262295081967,13.149237452382758
B11000631,20,79.18032786885246,6.790804285452621
B11000631,21,69.26229508196721,4.697057465154054
B11000631,22,62.40983606557377,3.6859371617013155
B11000631,23,60.67213114754098,3.6963487144567266
B11000631,24,59.40983606557377,3.379674294037998
B11000635,1,15.721311475409836,3.1990323718427462
B11000635,2,15.081967213114755,3.6988925323856243
B11000635,3,14.327868852459016,3.1556418976301814
B11000635,4,13.918032786885245,3.2355356916652567
B11000635,5,13.754098360655737,3.113459610212335
B11000635,6,13.80327868852459,3.1037770334146715
B11000635,7,15.508196721311476,2.995203547201689
B11000635,8,33.721311475409834,14.952527224893448
B11000635,9,68.75409836065573,37.326936495264015
B11000635,10,113.1311475409836,63.18291826892955
B11000635,11,129.50819672131146,72.37009230809791
B11000635,12,128.59016393442624,71.66208889795934
B11000635,13,82.24590163934427,44.130824786289615
B11000635,14,118.0327868852459,67.69094842584677
B11000635,15,123.8360655737705,70.58518405069941
B11000635,16,113.26229508196721,63.481997354960576
B11000635,17,102.75409836065573,57.854156867160356
B11000635,18,73.37704918032787,38.65406217256091
B11000635,19,41.721311475409834,20.883071148064264
B11000635,20,29.37704918032787,13.372548262405642
B11000635,21,23.475409836065573,8.895765353553173
B11000635,22,19.40983606557377,5.329709644169961
B11000635,23,17.016393442622952,4.596833561923096
B11000635,24,15.737704918032787,3.8235750130133113
B11000674,1,85.52459016393442,11.26230701314184
B11000674,2,96.08196721311475,9.332290288654331
B11000674,3,90.24590163934427,7.3677537064460665
B11000674,4,91.59016393442623,6.70545911480628
B11000674,5,82.77049180327869,7.770042181084634
B11000674,6,93.8360655737705,7.131505549709413
B11000674,7,122.44262295081967,8.33818903592486
B11000674,8,137.36065573770492,8.444675860545518
B11000674,9,135.80327868852459,11.053995156608886
B11000674,10,175.85245901639345,14.616222814498773
B11000674,11,189.59016393442624,12.868027539604148
B11000674,12,190.47540983606558,11.645876716854149
B11000674,13,190.9672131147541,11.629480928205702
B11000674,14,203.45901639344262,18.403112504470275
B11000674,15,204.62295081967213,15.742980673080659
B11000674,16,203.63934426229508,21.408618447538906
B11000674,17,197.0,14.972105210231108
B11000674,18,196.65573770491804,16.027522686684456
B11000674,19,193.68852459016392,11.655633948490257
B11000674,20,199.91803278688525,10.507288776918047
B11000674,21,189.0327868852459,9.485048135613756
B11000674,22,109.44262295081967,11.868852459016392
B11000674,23,88.26229508196721,11.69685629524511
B11000674,24,88.39344262295081,11.041321328216897
B11000676,1,20.278688524590162,1.1753080871432735
B11000676,2,19.868852459016395,1.34865336401332
B11000676,3,19.885245901639344,1.1887224255923476
B11000676,4,19.983606557377048,1.0478988075079925
B11000676,5,20.0327868852459,1.4817713493084155
B11000676,6,35.42622950819672,14.989022230376998
B11000676,7,62.114754098360656,44.42200693743326
B11000676,8,72.11475409836065,47.346680379645626
B11000676,9,91.22950819672131,54.233373501908154
B11000676,10,102.40983606557377,59.322231215342605
B11000676,11,102.49180327868852,56.66543253421057
B11000676,12,103.0,57.5422866603193
B11000676,13,102.68852459016394,57.615611779915916
B11000676,14,102.57377049180327,56.0127207496957
B11000676,15,103.06557377049181,56.928735678761235
B11000676,16,97.22950819672131,54.9653820838806
B11000676,17,93.65573770491804,51.41023858156242
B11000676,18,88.08196721311475,48.71708054793184
B11000676,19,72.85245901639344,40.80936732131918
B11000676,20,48.09836065573771,23.69180872350693
B11000676,21,37.47540983606557,15.836880133821118
B11000676,22,28.42622950819672,10.426100628134266
B11000676,23,23.327868852459016,5.609480591586933
B11000676,24,20.83606557377049,1.7290225407783881
B11000677,1,32.032786885245905,1.7270007462456178
B11000677,2,31.442622950819672,1.2217239923860137
B11000677,3,30.918032786885245,1.296844619119089
B11000677,4,31.40983606557377,1.3352355865112941
B11000677,5,31.557377049180328,1.1945860132614214
B11000677,6,34.278688524590166,1.7094831693414703
B11000677,7,40.0,6.05710529792606
B11000677,8,48.59016393442623,13.758308427739133
B11000677,9,96.62295081967213,34.1242493147126
B11000677,10,126.31147540983606,30.65863929460889
B11000677,11,134.27868852459017,32.84994754969537
B11000677,12,134.44262295081967,31.714672919108448
B11000677,13,132.91803278688525,31.062230020315518
B11000677,14,133.80327868852459,32.422831296020426
B11000677,15,137.08196721311475,32.119803952797376
B11000677,16,137.9672131147541,32.2291829945403
B11000677,17,139.45901639344262,32.44545171110176
B11000677,18,146.55737704918033,32.77470265469598
B11000677,19,148.75409836065575,33.41819261955288
B11000677,20,139.29508196721312,49.831961651559155
B11000677,21,130.59016393442624,50.61729667736065
B11000677,22,114.14754098360656,52.87282486029412
B11000677,23,90.24590163934427,41.829339353430186
B11000677,24,40.868852459016395,6.94822871598993
B11000678,1,52.885245901639344,3.3637330972252317
B11000678,2,51.278688524590166,3.5117187774415437
B11000678,3,50.60655737704918,3.618163144717198
B11000678,4,49.36065573770492,4.148998642316299
B11000678,5,41.83606557377049,4.49108526030983
B11000678,6,34.377049180327866,4.208359886227356
B11000678,7,29.40983606557377,3.8977801550446545
B11000678,8,21.721311475409838,4.184793500363906
B11000678,9,18.885245901639344,4.431993817891387
B11000678,10,23.40983606557377,6.315157537799342
B11000678,11,38.47540983606557,3.81372223569714
B11000678,12,45.68852459016394,3.965180349015035
B11000678,13,48.31147540983606,4.233128454428286
B11000678,14,50.01639344262295,5.065122798112303
B11000678,15,49.59016393442623,4.986463805604219
B11000678,16,50.67213114754098,5.007277691963934
B11000678,17,54.049180327868854,3.795710389495553
B11000678,18,56.57377049180328,5.669761658024206
B11000678,19,56.34426229508197,5.816554232904224
B11000678,20,57.18032786885246,4.290699804290065
B11000678,21,56.65573770491803,4.471715282813246
B11000678,22,57.131147540983605,3.4568791470411644
B11000678,23,55.950819672131146,4.142645980720561
B11000678,24,54.19672131147541,4.356339537758087
B11000679,1,41.459016393442624,9.524039937832905
B11000679,2,33.967213114754095,6.365808289925977
B11000679,3,29.360655737704917,4.687034040264507
B11000679,4,28.57377049180328,3.7173012262046212
B11000679,5,28.131147540983605,3.22121761845498
B11000679,6,25.62295081967213,2.892409140651709
B11000679,7,25.42622950819672,3.2565647010682928
B11000679,8,35.377049180327866,4.372656972320296
B11000679,9,61.21311475409836,8.56434613525962
B11000679,10,86.47540983606558,9.638730882681376
B11000679,11,93.24590163934427,12.749356444966821
B11000679,12,95.29508196721312,8.266750034978822
B11000679,13,71.63934426229508,10.027883726341491
B11000679,14,90.8688524590164,10.606950102947991
B11000679,15,90.59016393442623,7.866461385351349
B11000679,16,81.40983606557377,9.037947411649863
B11000679,17,91.77049180327869,9.386759846393602
B11000679,18,89.42622950819673,10.961122080279981
B11000679,19,87.32786885245902,7.558994883906952
B11000679,20,84.95081967213115,6.814705000671004
B11000679,21,79.14754098360656,11.147058813101623
B11000679,22,69.78688524590164,14.334544717762055
B11000679,23,58.01639344262295,14.490801834695553
B11000679,24,49.557377049180324,14.113735421438172
B11000680,1,24.885245901639344,2.649456242732711
B11000680,2,24.62295081967213,2.840941511138947
B11000680,3,24.78688524590164,2.7941082867310345
B11000680,4,24.80327868852459,2.7450084184597094
B11000680,5,26.688524590163933,3.005683052161532
B11000680,6,33.08196721311475,5.276906327799239
B11000680,7,37.63934426229508,7.133464858081482
B11000680,8,42.21311475409836,9.80818452828707
B11000680,9,56.622950819672134,14.844730736423802
B11000680,10,63.967213114754095,19.360232363050383
B11000680,11,65.08196721311475,18.63303525160218
B11000680,12,63.36065573770492,18.495043896956176
B11000680,13,60.57377049180328,17.555027318236995
B11000680,14,59.557377049180324,18.92480771945886
B11000680,15,62.80327868852459,21.134867215126317
B11000680,16,60.114754098360656,20.203958677719765
B11000680,17,56.704918032786885,17.574519802963515
B11000680,18,47.47540983606557,12.921714545649408
B11000680,19,40.131147540983605,7.424980896009129
B11000680,20,37.557377049180324,4.343922040495144
B11000680,21,33.114754098360656,3.917586914749225
B11000680,22,26.9672131147541,2.7932425080326384
B11000680,23,25.34426229508197,2.534258684259023
B11000680,24,24.934426229508198,2.61062678523205
B11000685,1,17.62295081967213,7.650487897066112
B11000685,2,14.163934426229508,6.616373945933029
B11000685,3,12.60655737704918,3.531027289914043
B11000685,4,12.491803278688524,3.4670484013117604
B11000685,5,12.19672131147541,3.391501781242164
B11000685,6,12.19672131147541,3.3672466357454818
B11000685,7,16.983606557377048,7.683262206919979
B11000685,8,74.06557377049181,15.033153364501526
B11000685,9,110.90163934426229,38.32890657558291
B11000685,10,92.24590163934427,26.202650183637203
B11000685,11,88.88524590163935,22.852411976337503
B11000685,12,83.65573770491804,17.234054398578664
B11000685,13,80.01639344262296,15.033832668273977
B11000685,14,79.70491803278688,13.100299411288756
B11000685,15,79.47540983606558,13.571434027152247
B11000685,16,83.67213114754098,15.080898037654938
B11000685,17,89.14754098360656,15.645494889797543
B11000685,18,89.59016393442623,17.361514862873605
B11000685,19,88.9672131147541,19.926065977709317
B11000685,20,95.65573770491804,18.737081010223026
B11000685,21,82.45901639344262,17.258472635811167
B11000685,22,70.81967213114754,12.140581179165675
B11000685,23,30.672131147540984,8.217776236785856
B11000685,24,20.868852459016395,8.336126021348612
B11000708,1,4.934426229508197,1.6182246136725333
B11000708,2,4.885245901639344,1.4268888620976357
B11000708,3,4.80327868852459,1.3406589049351394
B11000708,4,4.754098360655738,1.3508435458657486
B11000708,5,4.737704918032787,1.3044895910870664
B11000708,6,4.786885245901639,1.2559987743854397
B11000708,7,4.737704918032787,1.158031672947499
B11000708,8,4.80327868852459,1.3768540064653156
B11000708,9,38.032786885245905,36.798060895594666
B11000708,10,70.40983606557377,27.01206594339838
B11000708,11,78.29508196721312,17.876025030607916
B11000708,12,79.21311475409836,17.37636868447958
B11000708,13,81.45901639344262,16.890751927367305
B11000708,14,82.90163934426229,16.596172695300037
B11000708,15,83.85245901639344,17.220685298499582
B11000708,16,84.52459016393442,17.132661318324946
B11000708,17,84.72131147540983,15.444380534139626
B11000708,18,92.57377049180327,14.99558297413646
B11000708,19,104.08196721311475,11.649660632455525
B11000708,20,102.62295081967213,11.989290213238373
B11000708,21,98.32786885245902,15.17625551721451
B11000708,22,43.114754098360656,28.74939677807983
B11000708,23,11.344262295081966,17.8939363719116
B11000708,24,5.524590163934426,2.9620914043580937
B11000710,1,4.918032786885246,0.8355832745819448
B11000710,2,4.770491803278689,0.7551667413954768
B11000710,3,4.737704918032787,0.6989837903386177
B11000710,4,4.754098360655738,0.8229442883941727
B11000710,5,4.737704918032787,0.6989837903386178
B11000710,6,4.819672131147541,0.839753998351849
B11000710,7,4.934426229508197,0.786543641698043
B11000710,8,4.852459016393443,0.7429684717130924
B11000710,9,16.57377049180328,8.639328708730206
B11000710,10,54.90163934426229,9.211014287134523
B11000710,11,63.09836065573771,8.414867634879968
B11000710,12,66.04918032786885,9.094091451494075
B11000710,13,68.21311475409836,8.835685383712248
B11000710,14,69.21311475409836,9.008401823467967
B11000710,15,70.1639344262295,8.499142344134732
B11000710,16,70.0327868852459,7.720458690855425
B11000710,17,68.70491803278688,7.355926042593213
B11000710,18,76.57377049180327,6.845984862254023
B11000710,19,74.34426229508196,6.0972588463503845
B11000710,20,71.91803278688525,5.904416468626735
B11000710,21,50.295081967213115,5.959822481389426
B11000710,22,16.721311475409838,13.566026935128148
B11000710,23,6.19672131147541,5.903096359305916
B11000710,24,4.704918032786885,1.1501142109370739
B11000711,1,4.934426229508197,0.3066932284240935
B11000711,2,4.836065573770492,0.41212475704841106
B11000711,3,4.80327868852459,0.4728591836674085
B11000711,4,4.868852459016393,0.4236999338793471
B11000711,5,4.836065573770492,0.4501485317293765
B11000711,6,4.786885245901639,0.4829809791034831
B11000711,7,4.819672131147541,0.42496660317428586
B11000711,8,5.426229508196721,2.6205932027331587
B11000711,9,26.852459016393443,12.731574362839698
B11000711,10,63.18032786885246,7.378542653924331
B11000711,11,78.22950819672131,9.135399427991597
B11000711,12,83.24590163934427,10.991286769199693
B11000711,13,85.62295081967213,11.83377208604537
B11000711,14,86.78688524590164,12.415108133658686
B11000711,15,87.19672131147541,12.90675216874034
B11000711,16,85.55737704918033,12.143303612622297
B11000711,17,83.9672131147541,11.264287412961162
B11000711,18,82.68852459016394,9.875521955255813
B11000711,19,86.72131147540983,8.004365914291293
B11000711,20,86.32786885245902,8.097199093706921
B11000711,21,63.75409836065574,10.892403335194428
B11000711,22,28.131147540983605,18.631434225686988
B11000711,23,8.163934426229508,7.036626259114106
B11000711,24,4.80327868852459,0.4728591836674085
B11000712,1,11.032786885245901,2.2540834574768134
B11000712,2,10.819672131147541,2.2066085298433493
B11000712,3,10.754098360655737,2.124453547520181
B11000712,4,10.80327868852459,2.0471465317198736
B11000712,5,10.819672131147541,2.1078168079272697
B11000712,6,10.885245901639344,2.127866326503338
B11000712,7,11.327868852459016,2.2376899056723354
B11000712,8,11.065573770491802,2.5726738814501187
B11000712,9,21.934426229508198,14.642033421064651
B11000712,10,99.36065573770492,18.39372022817307
B11000712,11,123.98360655737704,16.680696415149555
B11000712,12,129.72131147540983,17.2751419510108
B11000712,13,132.8360655737705,18.09372713316608
B11000712,14,134.11475409836066,18.66977777020157
B11000712,15,133.59016393442624,18.450089563228637
B11000712,16,131.62295081967213,17.58927014061551
B11000712,17,127.34426229508196,15.977325373639221
B11000712,18,124.1311475409836,15.139217782851013
B11000712,19,125.57377049180327,12.663952994840225
B11000712,20,124.68852459016394,13.094287308526868
B11000712,21,122.18032786885246,12.257494457853339
B11000712,22,82.62295081967213,13.259285560984997
B11000712,23,17.918032786885245,9.426671408031076
B11000712,24,10.819672131147541,2.1000249547409675
B11000713,1,21.704918032786885,20.678922715301507
B11000713,2,21.40983606557377,20.465386250920236
B11000713,3,21.508196721311474,20.755898194560025
B11000713,4,21.540983606557376,20.748749731633488
B11000713,5,21.868852459016395,20.934304273236815
B11000713,6,22.327868852459016,20.37414088421118
B11000713,7,21.459016393442624,17.742764649094966
B11000713,8,20.37704918032787,16.031898463433567
B11000713,9,47.049180327868854,26.623929966650703
B11000713,10,118.70491803278688,31.899095142259455
B11000713,11,135.68852459016392,23.90592284358614
B11000713,12,135.62295081967213,23.05173364585728
B11000713,13,139.1639344262295,22.699881077083482
B11000713,14,140.14754098360655,21.83682861857859
B11000713,15,144.36065573770492,21.668919183623384
B11000713,16,153.0,20.584093811309423
B11000713,17,158.68852459016392,19.757995670237733
B11000713,18,157.62295081967213,20.06233232149017
B11000713,19,153.24590163934425,17.40233236460073
B11000713,20,152.60655737704917,17.55766022027543
B11000713,21,145.19672131147541,17.122336741219343
B11000713,22,100.55737704918033,16.71999351925901
B11000713,23,45.032786885245905,27.53535266401415
B11000713,24,21.737704918032787,16.43058088368216
B11000714,1,13.78688524590164,1.5161940498061461
B11000714,2,13.60655737704918,1.6020344496468908
B11000714,3,13.459016393442623,1.5211489455294485
B11000714,4,13.557377049180328,1.6045487610809388
B11000714,5,13.60655737704918,1.6020344496468908
B11000714,6,13.60655737704918,1.7204525569762847
B11000714,7,13.557377049180328,1.6147332943654433
B11000714,8,13.754098360655737,2.0776384584656866
B11000714,9,42.50819672131148,18.78752895644261
B11000714,10,101.39344262295081,31.016800676632027
B11000714,11,118.11475409836065,29.501930117828515
B11000714,12,122.18032786885246,26.95442917873644
B11000714,13,123.93442622950819,26.92178644381768
B11000714,14,122.8688524590164,25.021613876371596
B11000714,15,123.19672131147541,25.283195787918146
B11000714,16,123.0,25.574705741620797
B11000714,17,130.91803278688525,26.47751603052042
B11000714,18,131.0,24.34788845323445
B11000714,19,129.49180327868854,22.25973572289447
B11000714,20,127.39344262295081,21.253565709345384
B11000714,21,104.11475409836065,22.352685950503297
B11000714,22,54.52459016393443,31.382675892018987
B11000714,23,25.016393442622952,21.861330335593127
B11000714,24,13.737704918032787,2.141714032006571
B11000715,1,14.868852459016393,5.775798603035065
B11000715,2,14.672131147540984,5.716588778413998
B11000715,3,14.59016393442623,5.640535520385637
B11000715,4,14.655737704918034,5.653622792979707
B11000715,5,14.721311475409836,5.66592098207469
B11000715,6,14.639344262295081,5.674310204008901
B11000715,7,14.655737704918034,5.656521684794072
B11000715,8,14.639344262295081,5.711744549567693
B11000715,9,57.442622950819676,16.851837074700793
B11000715,10,117.22950819672131,12.239941929872629
B11000715,11,126.80327868852459,12.894044466063567
B11000715,12,129.59016393442624,12.350585104849968
B11000715,13,132.31147540983608,13.791825784822818
B11000715,14,132.75409836065575,13.166843277413326
B11000715,15,134.18032786885246,13.293050318784921
B11000715,16,134.63934426229508,13.006975161377705
B11000715,17,137.88524590163934,11.159203157191234
B11000715,18,136.63934426229508,10.991849121553281
B11000715,19,134.86885245901638,9.900282178187643
B11000715,20,132.80327868852459,8.702401538017542
B11000715,21,106.80327868852459,16.768256184818675
B11000715,22,57.90163934426229,31.18569707783655
B11000715,23,17.37704918032787,10.405175153796684
B11000715,24,13.704918032786885,5.873933142882363
B11000719,1,23.78688524590164,19.50293357849427
B11000719,2,23.147540983606557,18.00986620823387
B11000719,3,23.114754098360656,17.899627581670053
B11000719,4,22.18032786885246,13.279477815036364
B11000719,5,19.0327868852459,6.784667413027833
B11000719,6,17.065573770491802,2.8102205295822933
B11000719,7,17.9672131147541,2.30443060863024
B11000719,8,20.114754098360656,20.30755198349824
B11000719,9,40.60655737704918,22.133928179899236
B11000719,10,171.34426229508196,26.460539903727874
B11000719,11,222.37704918032787,48.819897829466505
B11000719,12,296.9344262295082,27.11654800099857
B11000719,13,298.60655737704917,23.033317769974204
B11000719,14,301.7704918032787,21.774848961568328
B11000719,15,304.9672131147541,20.969116410877753
B11000719,16,306.9016393442623,20.68792703925173
B11000719,17,307.60655737704917,20.318995948251686
B11000719,18,306.9344262295082,19.640096868362345
B11000719,19,301.08196721311475,18.726062387045367
B11000719,20,298.0655737704918,17.27014751421049
B11000719,21,201.21311475409837,41.66262418802653
B11000719,22,51.75409836065574,18.626312903625553
B11000719,23,28.295081967213115,17.842061431931636
B11000719,24,24.049180327868854,18.86485693550285
B11000720,1,5.163934426229508,1.2170958159521696
B11000720,2,4.770491803278689,0.8757842878159395
B11000720,3,5.032786885245901,0.3119065178760729
B11000720,4,4.934426229508197,0.5079322421255629
B11000720,5,4.885245901639344,0.8117651411895049
B11000720,6,4.311475409836065,0.7796801279078108
B11000720,7,5.049180327868853,0.8381523299124076
B11000720,8,4.639344262295082,0.6536853127008816
B11000720,9,8.655737704918034,2.7691819582841672
B11000720,10,10.655737704918034,4.500947972651179
B11000720,11,13.459016393442623,6.02610107071607
B11000720,12,14.19672131147541,6.490395608269261
B11000720,13,14.78688524590164,6.888133664518577
B11000720,14,14.065573770491802,6.508176074625548
B11000720,15,14.426229508196721,6.983491109643767
B11000720,16,14.40983606557377,6.819396274370334
B11000720,17,14.01639344262295,6.720391780340523
B11000720,18,13.836065573770492,6.4887805514503585
B11000720,19,13.163934426229508,6.3094525180610805
B11000720,20,11.163934426229508,4.95282773303061
B11000720,21,9.098360655737705,3.5882546012012853
B11000720,22,7.737704918032787,2.739520356153444
B11000720,23,7.229508196721311,2.5760144754643104
B11000720,24,6.360655737704918,2.195619983283006
B11000733,1,39.60655737704918,3.540300480553806
B11000733,2,39.59016393442623,3.503520707827297
B11000733,3,39.459016393442624,3.1182896241464046
B11000733,4,39.540983606557376,3.022179055852398
B11000733,5,39.278688524590166,2.964993282501354
B11000733,6,39.24590163934426,2.967892323313667
B11000733,7,39.39344262295082,3.235452630176759
B11000733,8,44.32786885245902,4.3067667362541515
B11000733,9,59.49180327868852,9.67949150340964
B11000733,10,67.81967213114754,13.452415465622343
B11000733,11,70.8360655737705,14.593037108884285
B11000733,12,72.34426229508196,15.218501731366157
B11000733,13,72.01639344262296,15.082822498913375
B11000733,14,75.91803278688525,13.856755566098334
B11000733,15,77.65573770491804,13.2168363143647
B11000733,16,78.36065573770492,12.28357931880946
B11000733,17,77.55737704918033,11.868852459016392
B11000733,18,75.59016393442623,10.480860071672456
B11000733,19,72.72131147540983,8.493258942264749
B11000733,20,64.42622950819673,6.959976955853699
B11000733,21,65.32786885245902,6.788904427598212
B11000733,22,64.50819672131148,7.011987278984823
B11000733,23,63.622950819672134,6.909636735549374
B11000733,24,43.57377049180328,3.8685745940784106
B11000735,1,104.62295081967213,7.965425151869819
B11000735,2,104.88524590163935,8.333417539662351
B11000735,3,105.14754098360656,8.934802217987247
B11000735,4,105.67213114754098,8.620831254802749
B11000735,5,105.08196721311475,8.0922855025427
B11000735,6,111.09836065573771,9.79913833286625
B11000735,7,155.80327868852459,25.48018817140489
B11000735,8,153.54098360655738,28.109606181664233
B11000735,9,168.80327868852459,32.61841965401775
B11000735,10,172.86885245901638,35.22223376139234
B11000735,11,173.327868852459,36.30775616522305
B11000735,12,170.672131147541,35.00291384192784
B11000735,13,167.36065573770492,31.4210083145725
B11000735,14,166.9672131147541,30.437233030095765
B11000735,15,167.80327868852459,31.647038901252905
B11000735,16,164.40983606557376,31.00046379831809
B11000735,17,157.98360655737704,28.5780448821788
B11000735,18,142.29508196721312,22.477197379621458
B11000735,19,126.29508196721312,14.919834155337973
B11000735,20,117.91803278688525,12.071229964315318
B11000735,21,111.62295081967213,8.785539412470534
B11000735,22,109.21311475409836,8.333449788669402
B11000735,23,105.63934426229508,8.25621035379269
B11000735,24,104.29508196721312,7.812021552132732
B11000737,1,278.04918032786884,19.48890077522327
B11000737,2,308.5409836065574,24.30649496314049
B11000737,3,331.27868852459017,24.062848820578154
B11000737,4,319.6885245901639,26.921586794393896
B11000737,5,291.91803278688525,29.407981007708514
B11000737,6,258.75409836065575,18.799769564078606
B11000737,7,238.14754098360655,16.353508738237156
B11000737,8,226.72131147540983,15.991935618848936
B11000737,9,270.75409836065575,21.05469515622282
B11000737,10,304.11475409836066,27.04586169408543
B11000737,11,301.3606557377049,28.91198219292663
B11000737,12,322.40983606557376,29.71855800904647
B11000737,13,338.1967213114754,29.69065629482472
B11000737,14,338.0655737704918,27.670111028742163
B11000737,15,344.3606557377049,28.957307629401228
B11000737,16,310.327868852459,33.754038646751695
B11000737,17,289.4754098360656,29.06104742247001
B11000737,18,262.4590163934426,24.02360435583372
B11000737,19,242.40983606557376,21.200353422031135
B11000737,20,227.2295081967213,18.655103852783277
B11000737,21,273.75409836065575,12.620118907372738
B11000737,22,319.4754098360656,27.04495744483045
B11000737,23,320.327868852459,25.34659501914937
B11000737,24,328.59016393442624,26.722236733452895
B11000738,1,16.557377049180328,1.8863147362154131
B11000738,2,16.59016393442623,1.9533665699842566
B11000738,3,16.508196721311474,1.6055533831731532
B11000738,4,16.37704918032787,1.2435266405582217
B11000738,5,16.327868852459016,1.2895711763473534
B11000738,6,16.983606557377048,1.842056969257408
B11000738,7,19.557377049180328,2.308392316600909
B11000738,8,23.65573770491803,4.576795521178185
B11000738,9,35.622950819672134,11.56331669254144
B11000738,10,47.36065573770492,18.666207555045585
B11000738,11,47.83606557377049,18.61709097371469
B11000738,12,46.77049180327869,18.19781417483254
B11000738,13,45.39344262295082,17.560461072146712
B11000738,14,47.31147540983606,19.069795002299397
B11000738,15,46.9344262295082,18.483372104216226
B11000738,16,47.39344262295082,19.04806576689147
B11000738,17,45.704918032786885,18.497978854853113
B11000738,18,43.622950819672134,17.486448087090167
B11000738,19,34.68852459016394,12.028028719301684
B11000738,20,29.0327868852459,8.973489576752753
B11000738,21,25.131147540983605,6.418404402699499
B11000738,22,21.934426229508198,4.449604338494388
B11000738,23,19.114754098360656,2.903352277580023
B11000738,24,16.868852459016395,2.115325885338351
B11000739,1,14.655737704918034,1.9743041596491275
B11000739,2,14.131147540983607,1.6243577276609935
B11000739,3,13.311475409836065,1.6550071428359294
B11000739,4,13.491803278688524,1.5953102459938184
B11000739,5,12.770491803278688,1.5512389825814574
B11000739,6,15.754098360655737,2.500201550596245
B11000739,7,21.40983606557377,4.038247668905486
B11000739,8,28.934426229508198,6.15075325910526
B11000739,9,41.868852459016395,14.885877794055112
B11000739,10,68.54098360655738,16.379288972029265
B11000739,11,84.98360655737704,17.808168878243
B11000739,12,89.24590163934427,19.311642405133952
B11000739,13,93.19672131147541,20.635652477802292
B11000739,14,91.91803278688525,19.80751230394812
B11000739,15,86.78688524590164,17.990994791200276
B11000739,16,86.34426229508196,18.397153420135087
B11000739,17,84.77049180327869,18.753267206160917
B11000739,18,86.11475409836065,18.534945604076906
B11000739,19,88.04918032786885,19.49478806304956
B11000739,20,84.06557377049181,30.16070011170438
B11000739,21,81.1639344262295,34.132423087612246
B11000739,22,71.44262295081967,36.41722011616182
B11000739,23,61.19672131147541,32.14354060095054
B11000739,24,22.983606557377048,7.629734334112645
B11000740,1,18.557377049180328,1.7132520142673968
B11000740,2,18.278688524590162,1.5055215047762436
B11000740,3,18.049180327868854,1.6439280179307116
B11000740,4,19.131147540983605,1.4651739653445464
B11000740,5,19.80327868852459,1.290820962952756
B11000740,6,19.62295081967213,1.6611662348712657
B11000740,7,42.114754098360656,10.287822437877848
B11000740,8,54.295081967213115,13.399711597453159
B11000740,9,71.55737704918033,16.45612606063188
B11000740,10,106.50819672131148,23.01576291696248
B11000740,11,110.93442622950819,23.365147684321013
B11000740,12,112.8688524590164,23.252340202927055
B11000740,13,109.31147540983606,22.11930466372694
B11000740,14,108.8688524590164,21.481578390764483
B11000740,15,110.67213114754098,21.029815922953112
B11000740,16,111.88524590163935,21.212506642409956
B11000740,17,111.26229508196721,21.21235461176391
B11000740,18,113.95081967213115,21.04828658538734
B11000740,19,110.50819672131148,21.598135128072542
B11000740,20,99.65573770491804,35.99539371528095
B11000740,21,94.1311475409836,40.541610039375456
B11000740,22,84.21311475409836,42.15743901221703
B11000740,23,68.32786885245902,37.46724090935773
B11000740,24,25.40983606557377,7.693678582905575
B11000741,1,22.327868852459016,2.546108000461378
B11000741,2,23.540983606557376,4.5864153311595315
B11000741,3,23.491803278688526,4.456062184351665
B11000741,4,21.62295081967213,2.8177652721134945
B11000741,5,21.983606557377048,1.9033344621245891
B11000741,6,30.19672131147541,4.945007988294854
B11000741,7,33.49180327868852,5.908102108010471
B11000741,8,33.967213114754095,5.5897072069563825
B11000741,9,47.49180327868852,8.73962701462387
B11000741,10,79.8688524590164,18.913500607780854
B11000741,11,86.88524590163935,18.51547723043292
B11000741,12,88.68852459016394,17.350335172844677
B11000741,13,86.78688524590164,16.742127833601902
B11000741,14,87.55737704918033,17.047209848298703
B11000741,15,88.0,15.67183962963663
B11000741,16,90.24590163934427,15.433257401569898
B11000741,17,90.70491803278688,14.14253468400779
B11000741,18,90.24590163934427,13.858365216796981
B11000741,19,86.47540983606558,16.49799447064236
B11000741,20,83.88524590163935,20.396960847753235
B11000741,21,76.93442622950819,29.754111908952343
B11000741,22,74.37704918032787,32.487659162365645
B11000741,23,59.721311475409834,29.057394390616572
B11000741,24,25.311475409836067,3.569180388105643
B11000742,1,24.131147540983605,3.154364189063788
B11000742,2,24.311475409836067,3.3316218843894734
B11000742,3,24.0327868852459,2.648644646376487
B11000742,4,23.327868852459016,1.8351871434959384
B11000742,5,23.78688524590164,1.7284007020455348
B11000742,6,25.868852459016395,1.8684210028271009
B11000742,7,33.78688524590164,2.931539930459873
B11000742,8,39.114754098360656,5.118588306457923
B11000742,9,52.83606557377049,8.802347540583039
B11000742,10,59.131147540983605,10.444977473448883
B11000742,11,87.80327868852459,19.051113019532178
B11000742,12,90.49180327868852,20.110859109576477
B11000742,13,91.65573770491804,20.885233033941013
B11000742,14,92.01639344262296,20.545424925111664
B11000742,15,93.93442622950819,20.88365024658302
B11000742,16,94.26229508196721,20.62459270484621
B11000742,17,93.26229508196721,19.095018352443123
B11000742,18,92.36065573770492,18.57376325727291
B11000742,19,87.29508196721312,17.90351578468033
B11000742,20,79.06557377049181,28.036784299400587
B11000742,21,77.73770491803279,31.045129307976673
B11000742,22,74.90163934426229,31.19305561537737
B11000742,23,61.295081967213115,26.650958376207235
B11000742,24,28.59016393442623,3.2258029839341233
B11000744,1,96.55737704918033,13.926651640183085
B11000744,2,55.032786885245905,29.747553812154724
B11000744,3,30.19672131147541,25.671199447113494
B11000744,4,23.37704918032787,14.453048841018283
B11000744,5,21.934426229508198,12.626888889645112
B11000744,6,21.62295081967213,11.993391533381669
B11000744,7,20.540983606557376,8.189505020154828
B11000744,8,67.52459016393442,25.81244239139496
B11000744,9,131.65573770491804,22.546771239098746
B11000744,10,149.70491803278688,17.2287828769043
B11000744,11,156.65573770491804,18.45320643504754
B11000744,12,159.88524590163934,19.090894199407607
B11000744,13,162.24590163934425,17.381595446121167
B11000744,14,163.72131147540983,15.793888782380234
B11000744,15,163.9672131147541,15.380386928466274
B11000744,16,163.19672131147541,15.259310162233769
B11000744,17,187.31147540983608,11.297092304857799
B11000744,18,188.2295081967213,11.22408628231642
B11000744,19,185.98360655737704,10.934217315574962
B11000744,20,183.91803278688525,9.393571366382353
B11000744,21,181.47540983606558,9.77384693191109
B11000744,22,180.672131147541,9.420454396258211
B11000744,23,161.0655737704918,9.123683560929091
B11000744,24,111.40983606557377,11.216757149761783
B11000756,1,3.819672131147541,0.7130676449485752
B11000756,2,3.9508196721311477,0.7980761603041368
B11000756,3,3.9344262295081966,0.786543641698043
B11000756,4,3.9836065573770494,0.819672131147541
B11000756,5,4.032786885245901,0.8677691978928554
B11000756,6,3.8524590163934427,0.7205659336339643
B11000756,7,3.80327868852459,0.785517937751537
B11000756,8,5.311475409836065,1.3494502050660118
B11000756,9,6.622950819672131,2.189123145262111
B11000756,10,6.918032786885246,2.34901501483252
B11000756,11,7.262295081967213,2.691222157275738
B11000756,12,7.213114754098361,2.7288065853545063
B11000756,13,6.524590163934426,2.6710749194803625
B11000756,14,6.39344262295082,2.921254438183965
B11000756,15,6.081967213114754,2.2564667140713386
B11000756,16,6.147540983606557,2.591512410965689
B11000756,17,6.213114754098361,2.586945499931992
B11000756,18,6.573770491803279,3.096582020489861
B11000756,19,6.557377049180328,2.621003375407878
B11000756,20,5.590163934426229,1.814125352007858
B11000756,21,4.672131147540983,1.2376777762738935
B11000756,22,3.8688524590163933,0.7990857447182912
B11000756,23,3.7049180327868854,0.7092887755011127
B11000756,24,3.6885245901639343,0.6904734324148422
B11000757,1,3.19672131147541,0.7426066657643361
B11000757,2,3.1639344262295084,0.7283560620171494
B11000757,3,3.1311475409836067,0.7569440249583737
B11000757,4,3.180327868852459,0.7356985466333403
B11000757,5,3.1639344262295084,0.6818568637077187
B11000757,6,3.180327868852459,0.6655010862355555
B11000757,7,4.0,1.0401765297846102
B11000757,8,5.934426229508197,1.6973349646616114
B11000757,9,7.081967213114754,2.50439012547254
B11000757,10,6.573770491803279,2.257657398927602
B11000757,11,6.704918032786885,2.3563257191909437
B11000757,12,6.311475409836065,2.0449135907557605
B11000757,13,6.081967213114754,1.9942136127685142
B11000757,14,5.868852459016393,1.750647747437704
B11000757,15,5.770491803278689,1.6927370659742105
B11000757,16,6.19672131147541,1.9570777155309362
B11000757,17,6.262295081967213,2.047802815688812
B11000757,18,6.180327868852459,2.012324296138643
B11000757,19,6.213114754098361,2.2036836083811786
B11000757,20,5.524590163934426,1.8956944951441002
B11000757,21,4.770491803278689,1.6830246252735215
B11000757,22,4.475409836065574,1.6357337289529736
B11000757,23,3.8524590163934427,1.5453374142012415
B11000757,24,3.3934426229508197,0.9628967315139944
B11000758,1,1.1311475409836065,0.4607694859854163
B11000758,2,1.0327868852459017,0.2539661210627815
B11000758,3,1.0327868852459017,0.2539661210627815
B11000758,4,1.0327868852459017,0.2539661210627815
B11000758,5,1.0,0.0
B11000758,6,1.0,0.0
B11000758,7,1.901639344262295,0.6194899550062684
B11000758,8,1.278688524590164,0.44835391249761786
B11000758,9,3.1639344262295084,1.7572363535556217
B11000758,10,3.5081967213114753,1.7982044853510935
B11000758,11,3.819672131147541,1.824318392556532
B11000758,12,3.80327868852459,1.7255996546807562
B11000758,13,3.540983606557377,1.5211489455294485
B11000758,14,3.3934426229508197,1.52872698057374
B11000758,15,3.4098360655737703,1.497287702790877
B11000758,16,3.557377049180328,1.509799575928295
B11000758,17,3.7049180327868854,1.4411318672679285
B11000758,18,3.5081967213114753,1.3625308036183703
B11000758,19,3.2295081967213113,1.246548580957402
B11000758,20,2.7868852459016393,1.2559987743854395
B11000758,21,2.2950819672131146,1.121244365741744
B11000758,22,2.0327868852459017,1.1009267796971025
B11000758,23,1.9180327868852458,1.0908724432533854
B11000758,24,1.5245901639344261,1.0651953930979152
B11000759,1,1.0,0.0
B11000759,2,1.0,0.0
B11000759,3,1.0,0.0
B11000759,4,1.0,0.0
B11000759,5,1.0,0.0
B11000759,6,1.0,0.0
B11000759,7,1.0,0.0
B11000759,8,3.442622950819672,1.3970060511730946
B11000759,9,3.622950819672131,2.017659205543008
B11000759,10,3.7049180327868854,2.1143092682495546
B11000759,11,3.6885245901639343,1.8602043216399058
B11000759,12,3.459016393442623,1.806851899469489
B11000759,13,2.9672131147540983,1.4138334485206778
B11000759,14,2.7540983606557377,1.2630400186398836
B11000759,15,2.7704918032786887,1.1789609571387019
B11000759,16,2.918032786885246,1.1775924587585556
B11000759,17,3.081967213114754,1.3585802855803712
B11000759,18,3.377049180327869,1.505878474906874
B11000759,19,3.377049180327869,1.4390791047445732
B11000759,20,3.0,1.3428621256572062
B11000759,21,1.7868852459016393,0.9074329510228228
B11000759,22,1.0819672131147542,0.3286875025534987
B11000759,23,1.0327868852459017,0.2539661210627815
B11000759,24,1.0,0.0
B11000760,1,1.0491803278688525,0.2162443599716872
B11000760,2,1.0163934426229508,0.12698306053139075
B11000760,3,1.0163934426229508,0.12698306053139075
B11000760,4,1.0163934426229508,0.12698306053139075
B11000760,5,1.0491803278688525,0.2162443599716872
B11000760,6,1.0163934426229508,0.12698306053139075
B11000760,7,1.0491803278688525,0.2162443599716872
B11000760,8,1.9344262295081966,0.4386586282052346
B11000760,9,3.3114754098360657,1.713408869567727
B11000760,10,2.9344262295081966,1.341260142234935
B11000760,11,3.4098360655737703,1.7403320691265851
B11000760,12,3.360655737704918,1.9504752416702753
B11000760,13,2.918032786885246,1.5395877877867408
B11000760,14,2.6721311475409837,1.1972825991154237
B11000760,15,2.6065573770491803,1.2581366461868781
B11000760,16,2.819672131147541,1.2995358152528795
B11000760,17,2.901639344262295,1.3514402521655704
B11000760,18,3.262295081967213,1.5775228490123816
B11000760,19,3.442622950819672,2.0042953069610396
B11000760,20,3.0655737704918034,1.4357137079220532
B11000760,21,2.278688524590164,1.057853495403389
B11000760,22,1.5737704918032787,0.8190161309374949
B11000760,23,1.3442622950819672,0.5084610629269122
B11000760,24,1.1311475409836065,0.33756164396678695
B11000761,1,1.0163934426229508,0.12698306053139075
B11000761,2,1.0163934426229508,0.12698306053139075
B11000761,3,1.0163934426229508,0.12698306053139075
B11000761,4,1.0163934426229508,0.12698306053139075
B11000761,5,1.0163934426229508,0.12698306053139075
B11000761,6,1.639344262295082,0.5131959292622468
B11000761,7,1.2622950819672132,0.47569239765727567
B11000761,8,2.80327868852459,1.7816889402221012
B11000761,9,3.918032786885246,2.159956602229587
B11000761,10,3.80327868852459,1.914737255708542
B11000761,11,3.8688524590163933,1.8419110695328709
B11000761,12,3.737704918032787,1.791616536696951
B11000761,13,3.442622950819672,1.6045487610809388
B11000761,14,3.098360655737705,1.4565276249994212
B11000761,15,3.1147540983606556,1.5051644499853152
B11000761,16,3.278688524590164,1.5590155315368839
B11000761,17,3.459016393442623,1.6050511507277787
B11000761,18,3.3934426229508197,1.6819064955646699
B11000761,19,3.3934426229508197,2.010453733345035
B11000761,20,3.180327868852459,1.6938480463068184
B11000761,21,2.557377049180328,1.3613468519361767
B11000761,22,1.3114754098360655,0.4972377340361673
B11000761,23,1.0327868852459017,0.17807836870820026
B11000761,24,1.0163934426229508,0.12698306053139075
B11000762,1,1.0163934426229508,0.12698306053139075
B11000762,2,1.0163934426229508,0.12698306053139075
B11000762,3,1.0163934426229508,0.12698306053139075
B11000762,4,1.0163934426229508,0.12698306053139075
B11000762,5,1.0327868852459017,0.17807836870820026
B11000762,6,1.0163934426229508,0.12698306053139075
B11000762,7,1.2295081967213115,0.4205165684714971
B11000762,8,1.9180327868852458,1.321884918073407
B11000762,9,4.573770491803279,2.7666575465917123
B11000762,10,4.901639344262295,2.640820277637215
B11000762,11,5.081967213114754,2.569015132891081
B11000762,12,4.688524590163935,2.191944892858795
B11000762,13,4.278688524590164,1.9846224197274172
B11000762,14,3.9344262295081966,1.8718698677886143
B11000762,15,4.180327868852459,1.937618926831788
B11000762,16,4.295081967213115,1.9781118857702764
B11000762,17,4.262295081967213,1.9324802660054263
B11000762,18,4.163934426229508,2.081773580772347
B11000762,19,4.081967213114754,2.175083054507801
B11000762,20,3.80327868852459,2.2962526288384435
B11000762,21,3.5901639344262297,2.445317031176442
B11000762,22,3.19672131147541,2.223714748565662
B11000762,23,1.7377049180327868,1.158031672947499
B11000762,24,1.1147540983606556,0.4088512758472106
B11000763,1,1.0,0.0
B11000763,2,1.0,0.0
B11000763,3,1.0,0.0
B11000763,4,1.0,0.0
B11000763,5,1.0,0.0
B11000763,6,1.0,0.0
B11000763,7,1.0,0.0
B11000763,8,2.9836065573770494,1.078733368941777
B11000763,9,3.540983606557377,1.9126307562013427
B11000763,10,3.7868852459016393,2.0414937804666358
B11000763,11,3.6885245901639343,1.8864572017370251
B11000763,12,3.2295081967213113,1.4416912043226657
B11000763,13,3.1639344262295084,1.3328181392903506
B11000763,14,3.0655737704918034,1.2786885245901638
B11000763,15,3.0491803278688523,1.1794167704003244
B11000763,16,3.0,1.1873651778512668
B11000763,17,3.0,1.2931091011747553
B11000763,18,3.098360655737705,1.4338406298799917
B11000763,19,3.1475409836065573,1.7162298135478558
B11000763,20,2.9836065573770494,1.6643987077373188
B11000763,21,2.557377049180328,1.3970060511730948
B11000763,22,1.639344262295082,0.9756508863191155
B11000763,23,1.2622950819672132,0.7661194390523228
B11000763,24,1.0655737704918034,0.39954287235914576
B11000764,1,5.377049180327869,2.656041269839287
B11000764,2,3.9508196721311477,1.2469796889007614
B11000764,3,3.4754098360655736,0.8017717547959006
B11000764,4,3.557377049180328,0.8000940552073724
B11000764,5,3.7704918032786887,0.8375108048816262
B11000764,6,3.6557377049180326,0.8662193320408463
B11000764,7,6.311475409836065,1.7134088695677272
B11000764,8,9.557377049180328,4.119225576444824
B11000764,9,12.19672131147541,6.258946834708675
B11000764,10,12.540983606557377,6.336399584011085
B11000764,11,12.01639344262295,5.541177608399306
B11000764,12,11.688524590163935,4.917486308436213
B11000764,13,10.573770491803279,4.377509646068681
B11000764,14,10.065573770491802,4.379044182179023
B11000764,15,9.639344262295081,4.148998642316299
B11000764,16,9.770491803278688,4.026117369079663
B11000764,17,9.918032786885245,4.11034313898931
B11000764,18,10.049180327868852,4.422098861912863
B11000764,19,9.508196721311476,4.3593613264348114
B11000764,20,8.901639344262295,3.8949522526284337
B11000764,21,6.737704918032787,2.4354057752201816
B11000764,22,5.819672131147541,2.7131023723158605
B11000764,23,5.737704918032787,2.792857631350407
B11000764,24,6.065573770491803,3.293654368177835
B11000765,1,3.2295081967213113,1.508374900380124
B11000765,2,3.1639344262295084,1.3571948875947022
B11000765,3,3.0163934426229506,1.2738453888565515
B11000765,4,3.0327868852459017,1.2409305487065945
B11000765,5,3.0,1.3182203601950573
B11000765,6,3.1475409836065573,1.2258963341534372
B11000765,7,3.1147540983606556,0.9767520727715563
B11000765,8,5.327868852459017,1.835187143495938
B11000765,9,6.60655737704918,2.63817304224083
B11000765,10,7.180327868852459,2.7009906908714343
B11000765,11,7.065573770491803,2.7273289188220695
B11000765,12,6.786885245901639,2.7882349672746622
B11000765,13,6.573770491803279,2.5379675384083447
B11000765,14,6.360655737704918,2.3190782997070185
B11000765,15,6.508196721311475,2.6956124084116198
B11000765,16,6.262295081967213,2.353244285454656
B11000765,17,6.295081967213115,2.2856950895650328
B11000765,18,6.377049180327869,2.3758617723924353
B11000765,19,6.508196721311475,2.344319614110671
B11000765,20,6.229508196721311,2.384330284518174
B11000765,21,5.360655737704918,2.4497091622974607
B11000765,22,4.229508196721311,2.0437304578537367
B11000765,23,3.622950819672131,1.6413102964962398
B11000765,24,3.278688524590164,1.4041057774009087
B11000766,1,1.7868852459016393,0.5758743629590262
B11000766,2,1.7049180327868851,0.5230510207719284
B11000766,3,1.4098360655737705,0.524077618463796
B11000766,4,1.8852459016393444,0.3187249523807144
B11000766,5,1.6065573770491803,0.48851358772955217
B11000766,6,1.721311475409836,0.44835391249761786
B11000766,7,1.7704918032786885,0.4205165684714971
B11000766,8,2.6065573770491803,0.7077715785220624
B11000766,9,4.295081967213115,2.0272266632276343
B11000766,10,4.950819672131147,2.3638412023181554
B11000766,11,4.573770491803279,2.060232490409542
B11000766,12,3.9672131147540983,1.425381319297322
B11000766,13,3.918032786885246,1.346459619565972
B11000766,14,3.8688524590163933,1.273634399970822
B11000766,15,3.7540983606557377,1.1686581587292864
B11000766,16,3.8524590163934427,1.2258963341534372
B11000766,17,3.9672131147540983,1.425381319297322
B11000766,18,4.032786885245901,1.503735383012279
B11000766,19,3.9836065573770494,1.4199030592480317
B11000766,20,3.557377049180328,1.3733361338443115
B11000766,21,2.819672131147541,0.819999934452446
B11000766,22,2.540983606557377,0.6671144245696985
B11000766,23,2.4262295081967213,0.7565889022435623
B11000766,24,2.098360655737705,0.3485293709093328
B11000767,1,1.7868852459016393,1.3320113485752052
B11000767,2,1.6721311475409837,0.7179504406707603
B11000767,3,1.6721311475409837,0.564563126482707
B11000767,4,1.5245901639344261,0.5897083852001623
B11000767,5,1.7377049180327868,0.5402379361732486
B11000767,6,2.0163934426229506,0.2858294389206999
B11000767,7,3.2459016393442623,0.9171541462753681
B11000767,8,5.180327868852459,3.0272434938720303
B11000767,9,7.622950819672131,4.304644591967502
B11000767,10,6.967213114754099,3.2439967916276213
B11000767,11,7.639344262295082,3.4021824571365085
B11000767,12,6.508196721311475,2.5065353975169877
B11000767,13,6.081967213114754,2.2853423316202566
B11000767,14,5.786885245901639,1.9927306752816714
B11000767,15,5.836065573770492,1.9263515831565092
B11000767,16,6.327868852459017,2.281222791711339
B11000767,17,6.786885245901639,2.740795350033622
B11000767,18,6.60655737704918,2.6935179539069996
B11000767,19,6.081967213114754,2.7057624116749825
B11000767,20,5.688524590163935,2.5641985524932425
B11000767,21,4.672131147540983,2.702283863912335
B11000767,22,3.7868852459016393,2.4301032434274767
B11000767,23,3.4262295081967213,2.257657398927602
B11000767,24,2.737704918032787,1.8278504740677186
B11000768,1,1.0327868852459017,0.2539661210627815
B11000768,2,1.0327868852459017,0.2539661210627815
B11000768,3,1.0327868852459017,0.2539661210627815
B11000768,4,1.0327868852459017,0.2539661210627815
B11000768,5,1.0327868852459017,0.2539661210627815
B11000768,6,1.0327868852459017,0.2539661210627815
B11000768,7,2.0327868852459017,0.5716588778413998
B11000768,8,2.5081967213114753,1.1821479591685211
B11000768,9,3.459016393442623,1.806851899469489
B11000768,10,3.7704918032786887,1.6634296254381409
B11000768,11,3.6885245901639343,1.431965101765407
B11000768,12,3.6557377049180326,1.4472726855307043
B11000768,13,3.540983606557377,1.3129090524705522
B11000768,14,3.5901639344262297,1.3474572188875096
B11000768,15,3.6885245901639343,1.454681347637968
B11000768,16,3.557377049180328,1.3492510389214594
B11000768,17,3.4754098360655736,1.3861913545317837
B11000768,18,3.4918032786885247,1.3745097584429236
B11000768,19,3.4918032786885247,1.6656899404433492
B11000768,20,3.2295081967213113,1.613401280697324
B11000768,21,2.5737704918032787,1.336241565397694
B11000768,22,1.7704918032786885,1.2064504585556788
B11000768,23,1.2459016393442623,0.5910739795842604
B11000768,24,1.0163934426229508,0.12698306053139075
B11000789,1,1.1311475409836065,0.46076948598541634
B11000789,2,1.0655737704918034,0.24753555525477872
B11000789,3,1.0491803278688525,0.2820434513784468
B11000789,4,1.0327868852459017,0.2539661210627815
B11000789,5,1.0327868852459017,0.2539661210627815
B11000789,6,1.0163934426229508,0.12698306053139075
B11000789,7,1.8852459016393444,0.36656852090160486
B11000789,8,1.278688524590164,0.4835370886476271
B11000789,9,3.19672131147541,2.1257181785908785
B11000789,10,3.2295081967213113,1.8322560010029991
B11000789,11,3.278688524590164,1.7474210274703015
B11000789,12,2.9508196721311477,1.5087311953893165
B11000789,13,2.7868852459016393,1.5797359615274231
B11000789,14,2.19672131147541,1.0052268666725175
B11000789,15,2.2459016393442623,1.0504602848262816
B11000789,16,2.4754098360655736,1.1538468429355917
B11000789,17,2.6557377049180326,1.2131147540983607
B11000789,18,2.5245901639344264,1.0804758723464971
B11000789,19,2.3442622950819674,1.0694758314950878
B11000789,20,1.8524590163934427,0.7647150026026623
B11000789,21,1.3770491803278688,0.6050046585982274
B11000789,22,1.278688524590164,0.5471580087960207
B11000789,23,1.2459016393442623,0.5626558131714923
B11000789,24,1.2295081967213115,0.5245901639344263
B11000790,1,1.0327868852459017,0.2539661210627815
B11000790,2,1.0327868852459017,0.2539661210627815
B11000790,3,1.0163934426229508,0.12698306053139075
B11000790,4,1.0,0.0
B11000790,5,1.0163934426229508,0.12698306053139075
B11000790,6,1.0163934426229508,0.12698306053139075
B11000790,7,1.8852459016393444,0.36656852090160486
B11000790,8,2.721311475409836,1.4613170293814133
B11000790,9,3.639344262295082,2.2179061672508533
B11000790,10,3.737704918032787,1.9409448378937268
B11000790,11,3.639344262295082,1.746498012513321
B11000790,12,3.7868852459016393,1.802682464772626
B11000790,13,3.5737704918032787,1.7504942289783887
B11000790,14,3.442622950819672,1.6843015788906655
B11000790,15,3.3934426229508197,1.5917686680574896
B11000790,16,3.4754098360655736,1.6556565472724722
B11000790,17,3.278688524590164,1.590248434462659
B11000790,18,3.3278688524590163,1.5334661421204676
B11000790,19,2.9344262295081966,1.4126924932990506
B11000790,20,2.360655737704918,1.1739353304897153
B11000790,21,1.7049180327868851,0.8934050225205712
B11000790,22,1.2459016393442623,0.43062050939553104
B11000790,23,1.0327868852459017,0.17807836870820024
B11000790,24,1.0163934426229508,0.12698306053139075
B11000791,1,1.0163934426229508,0.12698306053139075
B11000791,2,1.0,0.0
B11000791,3,1.0,0.0
B11000791,4,1.0,0.0
B11000791,5,1.0,0.0
B11000791,6,1.0,0.0
B11000791,7,2.737704918032787,0.6751232879335738
B11000791,8,2.3442622950819674,0.9731686609610379
B11000791,9,3.901639344262295,1.9893562516947403
B11000791,10,4.524590163934426,2.399498290299277
B11000791,11,4.770491803278689,2.465456048811525
B11000791,12,4.672131147540983,2.4409169969663065
B11000791,13,4.426229508196721,2.3008125178744905
B11000791,14,4.590163934426229,2.4852156233286844
B11000791,15,4.39344262295082,2.3278688524590163
B11000791,16,3.6885245901639343,1.8156061500276632
B11000791,17,3.540983606557377,1.6354051033888426
B11000791,18,3.622950819672131,1.9176824676576731
B11000791,19,3.540983606557377,1.8516609335529033
B11000791,20,3.262295081967213,1.7358480645179077
B11000791,21,2.557377049180328,1.7973075506446878
B11000791,22,1.819672131147541,1.3611494265342339
B11000791,23,1.2295081967213115,0.6111918649936803
B11000791,24,1.0163934426229508,0.12698306053139075
B11000792,1,1.0,0.0
B11000792,2,1.0,0.0
B11000792,3,1.0,0.0
B11000792,4,1.0,0.0
B11000792,5,1.0,0.0
B11000792,6,1.0,0.0
B11000792,7,1.0327868852459017,0.17807836870820024
B11000792,8,2.9344262295081966,1.6483359960982846
B11000792,9,3.7540983606557377,2.2298697874570403
B11000792,10,4.016393442622951,2.236007883492133
B11000792,11,4.049180327868853,2.2718969434330027
B11000792,12,3.819672131147541,2.012324296138643
B11000792,13,4.098360655737705,2.1630649023010804
B11000792,14,3.5737704918032787,1.8238764014192015
B11000792,15,3.6885245901639343,1.8951273464417606
B11000792,16,3.721311475409836,1.9846224197274174
B11000792,17,3.7049180327868854,1.9781118857702764
B11000792,18,3.6065573770491803,1.8490466176516098
B11000792,19,3.4098360655737703,1.7403320691265851
B11000792,20,3.1147540983606556,1.765780008351278
B11000792,21,2.7049180327868854,1.8934248810466765
B11000792,22,1.8688524590163935,1.4081194276388467
B11000792,23,1.1147540983606556,0.65532774069858
B11000792,24,1.0163934426229508,0.12698306053139075
B11000793,1,1.0163934426229508,0.4243337411654027
B11000793,2,1.0491803278688525,0.3809491815941719
B11000793,3,1.0163934426229508,0.4243337411654027
B11000793,4,1.0163934426229508,0.4243337411654027
B11000793,5,1.0327868852459017,0.40355847951118606
B11000793,6,1.0491803278688525,0.3809491815941719
B11000793,7,1.1639344262295082,0.485201593014713
B11000793,8,1.4754098360655739,0.5897083852001622
B11000793,9,1.9672131147540983,0.788591047265947
B11000793,10,2.8524590163934427,1.4913528413828407
B11000793,11,3.0491803278688523,1.4757740898264786
B11000793,12,2.9672131147540983,1.3178125580630422
B11000793,13,3.0163934426229506,1.372944702702302
B11000793,14,3.098360655737705,1.4223614402284501
B11000793,15,2.9344262295081966,1.3165883937876237
B11000793,16,2.9508196721311477,1.2730012234962085
B11000793,17,3.0163934426229506,1.324322323188243
B11000793,18,2.9508196721311477,1.2469796889007616
B11000793,19,2.6721311475409837,0.9871520798245639
B11000793,20,2.262295081967213,1.0227196039660476
B11000793,21,1.7704918032786885,0.9982516293533329
B11000793,22,1.4262295081967213,0.8770108770554266
B11000793,23,1.2131147540983607,0.6557377049180328
B11000793,24,1.1147540983606556,0.4471534982618314
B11000794,1,1.0491803278688525,0.3809491815941719
B11000794,2,1.0491803278688525,0.3809491815941719
B11000794,3,1.0655737704918034,0.507932242125563
B11000794,4,1.0655737704918034,0.507932242125563
B11000794,5,1.0655737704918034,0.507932242125563
B11000794,6,1.0491803278688525,0.3809491815941719
B11000794,7,1.2131147540983607,0.6036705783449827
B11000794,8,1.1967213114754098,0.6731300054966495
B11000794,9,3.3442622950819674,2.380833618312405
B11000794,10,4.229508196721311,2.993947132175296
B11000794,11,3.5901639344262297,1.9866525860642235
B11000794,12,3.2459016393442623,1.7616659189520902
B11000794,13,2.918032786885246,1.5181425446282266
B11000794,14,3.081967213114754,1.5181425446282264
B11000794,15,3.0655737704918034,1.5667534822256215
B11000794,16,2.9836065573770494,1.5310106303095796
B11000794,17,2.80327868852459,1.4236834255209962
B11000794,18,2.721311475409836,1.3566007124968658
B11000794,19,2.442622950819672,1.2350693902844172
B11000794,20,2.081967213114754,1.2186404944292328
B11000794,21,1.4754098360655739,0.8416719772454713
B11000794,22,1.1639344262295082,0.6573750051069975
B11000794,23,1.0491803278688525,0.3809491815941719
B11000794,24,1.0491803278688525,0.3809491815941719
B11000795,1,1.0,0.0
B11000795,2,1.0,0.0
B11000795,3,1.0,0.0
B11000795,4,1.0,0.0
B11000795,5,1.0,0.0
B11000795,6,1.0,0.0
B11000795,7,1.0,0.0
B11000795,8,1.5245901639344261,0.49939495776156767
B11000795,9,3.6721311475409837,2.1249594902631297
B11000795,10,4.032786885245901,2.332712577874853
B11000795,11,4.0,2.429328990536748
B11000795,12,3.6885245901639343,2.169392024875183
B11000795,13,3.377049180327869,2.105137621966165
B11000795,14,3.098360655737705,1.8878812656536763
B11000795,15,3.098360655737705,2.022049909656177
B11000795,16,2.7868852459016393,1.7935654946370954
B11000795,17,3.2459016393442623,2.0458333321930375
B11000795,18,3.3114754098360657,2.108071790908657
B11000795,19,3.1311475409836067,1.8945600279598251
B11000795,20,3.0,1.8376749387004954
B11000795,21,2.0327868852459017,1.4927937623386507
B11000795,22,1.1639344262295082,0.5777380389083966
B11000795,23,1.0655737704918034,0.39954287235914565
B11000795,24,1.0163934426229508,0.12698306053139075
B11000797,1,1.1639344262295082,0.5777380389083966
B11000797,2,1.1147540983606556,0.44715349826183126
B11000797,3,1.0819672131147542,0.375263053844577
B11000797,4,1.0819672131147542,0.375263053844577
B11000797,5,1.098360655737705,0.4688639228221342
B11000797,6,1.098360655737705,0.4688639228221342
B11000797,7,1.2295081967213115,0.5549610124528117
B11000797,8,1.2459016393442623,0.532723829812194
B11000797,9,3.098360655737705,1.6957508906210816
B11000797,10,3.6557377049180326,1.9990591713467494
B11000797,11,3.8688524590163933,2.0762151080639426
B11000797,12,3.721311475409836,1.8915788144245511
B11000797,13,3.459016393442623,1.6750216097632524
B11000797,14,3.3278688524590163,1.5547000287906454
B11000797,15,3.2131147540983607,1.4944131377151901
B11000797,16,3.19672131147541,1.3887094153801556
B11000797,17,3.1311475409836067,1.3241193774628635
B11000797,18,3.5901639344262297,1.5927813510152284
B11000797,19,3.5737704918032787,1.741104006210066
B11000797,20,3.5081967213114753,1.6949582984344698
B11000797,21,3.0491803278688523,1.6930545633165832
B11000797,22,2.459016393442623,1.625350105960057
B11000797,23,1.8524590163934427,1.4353392878588545
B11000797,24,1.360655737704918,0.9923112098637086
B11000798,1,1.4262295081967213,0.49452797144256905
B11000798,2,1.4262295081967213,0.49452797144256905
B11000798,3,1.4262295081967213,0.49452797144256905
B11000798,4,1.4098360655737705,0.4918032786885246
B11000798,5,1.4426229508196722,0.4966969641817416
B11000798,6,1.4426229508196722,0.5286726392326918
B11000798,7,1.5245901639344261,1.080475872346497
B11000798,8,2.1475409836065573,1.2910291430948972
B11000798,9,5.442622950819672,3.2919404321241275
B11000798,10,6.0,3.5250857448006454
B11000798,11,5.868852459016393,3.355814185422684
B11000798,12,5.442622950819672,3.0273322680394044
B11000798,13,4.655737704918033,2.553591144737148
B11000798,14,4.295081967213115,2.3839921216112114
B11000798,15,4.557377049180328,2.4927737540702437
B11000798,16,4.721311475409836,2.5358488573992797
B11000798,17,4.688524590163935,2.4397055963653296
B11000798,18,4.065573770491803,2.296603710964008
B11000798,19,4.0,2.2470381233679264
B11000798,20,3.6557377049180326,2.2315564361948375
B11000798,21,3.2459016393442623,2.132156129559228
B11000798,22,2.4918032786885247,1.8432237513026735
B11000798,23,2.0327868852459017,1.4368363826990447
B11000798,24,1.6229508196721312,0.8524590163934427
B11000799,1,1.0491803278688525,0.2162443599716872
B11000799,2,1.0,0.0
B11000799,3,1.0,0.0
B11000799,4,1.0,0.0
B11000799,5,1.0,0.0
B11000799,6,1.0163934426229508,0.12698306053139075
B11000799,7,1.1311475409836065,0.3830597195261615
B11000799,8,2.918032786885246,1.1494129929808592
B11000799,9,3.557377049180328,1.815458124577984
B11000799,10,3.6065573770491803,1.6916253560018923
B11000799,11,3.901639344262295,1.7527955940490045
B11000799,12,3.5737704918032787,1.7504942289783887
B11000799,13,2.7540983606557377,1.386772851315187
B11000799,14,2.8360655737704916,1.3811414603164291
B11000799,15,2.9508196721311477,1.335839264751696
B11000799,16,3.1639344262295084,1.3328181392903506
B11000799,17,3.3442622950819674,1.3291837246311138
B11000799,18,3.3934426229508197,1.4629712470375806
B11000799,19,3.459016393442623,1.4884668147955626
B11000799,20,3.278688524590164,1.5271439918473726
B11000799,21,3.0491803278688523,1.3358392647516957
B11000799,22,2.5245901639344264,1.2753213336902771
B11000799,23,2.0491803278688523,1.2858145279427922
B11000799,24,1.3934426229508197,0.8546629769007918
B11000800,1,1.2459016393442623,0.7164515863413821
B11000800,2,1.1147540983606556,0.546174795047793
B11000800,3,1.0327868852459017,0.17807836870820026
B11000800,4,1.0163934426229508,0.12698306053139075
B11000800,5,1.0,0.0
B11000800,6,1.0,0.0
B11000800,7,1.639344262295082,0.4801907710123544
B11000800,8,2.4754098360655736,1.7044450794190205
B11000800,9,3.6065573770491803,1.813236292727799
B11000800,10,4.360655737704918,2.290627996683091
B11000800,11,4.360655737704918,2.2834600355474772
B11000800,12,3.9508196721311477,2.003490638354385
B11000800,13,3.9836065573770494,1.979334242093592
B11000800,14,3.737704918032787,1.9068611178485702
B11000800,15,3.721311475409836,1.9428823234193058
B11000800,16,3.540983606557377,1.9800130028700653
B11000800,17,3.5737704918032787,1.8594818279933425
B11000800,18,3.7704918032786887,1.77776284743947
B11000800,19,3.80327868852459,1.7816889402221012
B11000800,20,3.7868852459016393,1.8564442841825661
B11000800,21,3.2950819672131146,1.7587650501070624
B11000800,22,2.4262295081967213,1.3844453987355678
B11000800,23,2.081967213114754,1.1775924587585553
B11000800,24,1.721311475409836,1.010293700861023
B11000801,1,1.8852459016393444,0.3187249523807144
B11000801,2,1.9508196721311475,0.2162443599716872
B11000801,3,1.9836065573770492,0.12698306053139072
B11000801,4,1.9508196721311475,0.2162443599716872
B11000801,5,2.0,0.0
B11000801,6,2.0,0.0
B11000801,7,2.6885245901639343,0.46309661940411584
B11000801,8,2.442622950819672,0.6408137798587562
B11000801,9,4.360655737704918,2.1579649405776173
B11000801,10,5.19672131147541,2.281929526728566
B11000801,11,5.426229508196721,2.3008125178744914
B11000801,12,5.163934426229508,2.1742179891980795
B11000801,13,4.557377049180328,1.7227940531697905
B11000801,14,4.327868852459017,1.6567923925406736
B11000801,15,4.360655737704918,1.5995161859213731
B11000801,16,4.442622950819672,1.7227940531697903
B11000801,17,4.442622950819672,1.7511082220625027
B11000801,18,4.229508196721311,1.8938506408724036
B11000801,19,4.081967213114754,1.6326091153473279
B11000801,20,3.7868852459016393,1.5053429879670814
B11000801,21,2.6721311475409837,0.9871520798245638
B11000801,22,2.2459016393442623,0.7608394351391667
B11000801,23,2.0491803278688523,0.42179279771372474
B11000801,24,1.9344262295081966,0.3066932284240935
B11000802,1,1.0163934426229508,0.12698306053139075
B11000802,2,1.0,0.0
B11000802,3,1.0,0.0
B11000802,4,1.0,0.0
B11000802,5,1.0,0.0
B11000802,6,1.0,0.0
B11000802,7,1.0,0.0
B11000802,8,2.8360655737704916,0.9440118064844568
B11000802,9,4.704918032786885,2.271305411425311
B11000802,10,5.114754098360656,2.5291634115816253
B11000802,11,4.655737704918033,2.6357270804612343
B11000802,12,4.524590163934426,2.6026881272584514
B11000802,13,4.19672131147541,2.26751595241662
B11000802,14,4.0,2.0485900789263356
B11000802,15,3.9836065573770494,1.937480223304152
B11000802,16,3.9672131147540983,1.828438490963762
B11000802,17,4.262295081967213,1.9909766887690359
B11000802,18,4.39344262295082,2.082548002120024
B11000802,19,4.016393442622951,1.8773176127052649
B11000802,20,3.19672131147541,1.4911726283628626
B11000802,21,2.8852459016393444,1.368238794417399
B11000802,22,2.4918032786885247,1.2883201773369508
B11000802,23,2.0,1.130791105638068
B11000802,24,1.1967213114754098,0.5063424659501803
B11000803,1,1.0,0.0
B11000803,2,1.0,0.0
B11000803,3,1.0,0.0
B11000803,4,1.0,0.0
B11000803,5,1.0163934426229508,0.12698306053139075
B11000803,6,1.0,0.0
B11000803,7,1.180327868852459,0.4961556049318543
B11000803,8,3.19672131147541,1.5130001910344926
B11000803,9,4.557377049180328,2.1541008558510386
B11000803,10,4.032786885245901,1.828438490963762
B11000803,11,3.9508196721311477,1.7872612027418155
B11000803,12,3.4918032786885247,1.5641784186067627
B11000803,13,2.9836065573770494,1.3118851818847577
B11000803,14,2.6065573770491803,1.0906260576052391
B11000803,15,2.622950819672131,1.042756976641918
B11000803,16,2.721311475409836,1.161276114650809
B11000803,17,3.262295081967213,1.503020339993717
B11000803,18,3.2295081967213113,1.5512389825814574
B11000803,19,3.4262295081967213,1.683663223143314
B11000803,20,2.9672131147540983,1.598843979047424
B11000803,21,2.459016393442623,1.5636628970046451
B11000803,22,1.7377049180327868,1.0386251843578465
B11000803,23,1.1639344262295082,0.4852015930147129
B11000803,24,1.0,0.0
B11000804,1,1.1311475409836065,0.3830597195261615
B11000804,2,1.0163934426229508,0.12698306053139075
B11000804,3,1.0655737704918034,0.39954287235914576
B11000804,4,1.0655737704918034,0.39954287235914576
B11000804,5,1.0655737704918034,0.39954287235914576
B11000804,6,1.0327868852459017,0.2539661210627815
B11000804,7,1.0327868852459017,0.2539661210627815
B11000804,8,1.7049180327868851,0.5823711366666102
B11000804,9,2.7049180327868854,1.2193019004450525
B11000804,10,3.1147540983606556,1.5051644499853154
B11000804,11,2.9836065573770494,1.454127007313881
B11000804,12,2.8688524590163933,1.1084682953689815
B11000804,13,2.721311475409836,0.9431573681077067
B11000804,14,2.4754098360655736,0.8219640089653557
B11000804,15,2.459016393442623,0.8213098393360885
B11000804,16,2.639344262295082,0.8104398094628377
B11000804,17,2.7704918032786887,1.0923495900955857
B11000804,18,2.819672131147541,1.1089530836254267
B11000804,19,2.5737704918032787,0.9488390903926414
B11000804,20,2.180327868852459,0.9836065573770493
B11000804,21,1.8688524590163935,0.9662401330027132
B11000804,22,1.6885245901639345,0.9673520322578314
B11000804,23,1.5245901639344261,0.8797644501638516
B11000804,24,1.2622950819672132,0.5978551648790318
B11000805,1,1.0163934426229508,0.12698306053139075
B11000805,2,1.0,0.0
B11000805,3,1.0,0.0
B11000805,4,1.0,0.0
B11000805,5,1.0,0.0
B11000805,6,1.0,0.0
B11000805,7,1.0,0.0
B11000805,8,3.0327868852459017,0.2539661210627815
B11000805,9,3.3278688524590163,1.7151333311017138
B11000805,10,4.180327868852459,2.4860805726712667
B11000805,11,4.377049180327869,2.457267137383834
B11000805,12,4.229508196721311,2.3566678520077686
B11000805,13,4.032786885245901,2.195130326723999
B11000805,14,3.9344262295081966,2.373824834084977
B11000805,15,3.901639344262295,2.208069537637389
B11000805,16,3.7868852459016393,2.135682438621149
B11000805,17,3.6557377049180326,1.9408063720588513
B11000805,18,3.540983606557377,1.8338687091376542
B11000805,19,3.4918032786885247,1.9301146727138563
B11000805,20,3.4262295081967213,1.8857447664981513
B11000805,21,2.262295081967213,1.4587400732999771
B11000805,22,1.7377049180327868,1.1997491451496387
B11000805,23,1.1475409836065573,0.5960543922196014
B11000805,24,1.0327868852459017,0.1780783687082003
B11000806,1,1.0,0.0
B11000806,2,1.0,0.0
B11000806,3,1.0,0.0
B11000806,4,1.0,0.0
B11000806,5,1.0,0.0
B11000806,6,1.0,0.0
B11000806,7,1.4262295081967213,0.49452797144256905
B11000806,8,1.6885245901639345,0.7138210182648275
B11000806,9,2.80327868852459,1.3406589049351392
B11000806,10,3.0491803278688523,1.5621153114192259
B11000806,11,3.3278688524590163,1.9894913385282706
B11000806,12,2.918032786885246,1.5501991618975839
B11000806,13,2.6557377049180326,1.329183724631114
B11000806,14,2.2459016393442623,1.1826025440571433
B11000806,15,2.262295081967213,1.1293642393213006
B11000806,16,2.4098360655737703,1.2331094799404254
B11000806,17,2.5737704918032787,1.247410647852249
B11000806,18,2.6065573770491803,1.2966373726744387
B11000806,19,2.442622950819672,1.2350693902844172
B11000806,20,1.3278688524590163,0.5928898793450861
B11000806,21,1.0,0.0
B11000806,22,1.0,0.0
B11000806,23,1.0,0.0
B11000806,24,1.0,0.0
B11000841,1,1.0327868852459017,0.2539661210627815
B11000841,2,1.0327868852459017,0.2539661210627815
B11000841,3,1.0327868852459017,0.2539661210627815
B11000841,4,1.0327868852459017,0.2539661210627815
B11000841,5,1.0327868852459017,0.2539661210627815
B11000841,6,1.0327868852459017,0.2539661210627815
B11000841,7,1.360655737704918,0.5131959292622468
B11000841,8,2.8688524590163933,1.324119377462864
B11000841,9,4.245901639344262,2.3929934453878983
B11000841,10,4.0,1.9077065451203656
B11000841,11,4.180327868852459,1.9034756538062585
B11000841,12,3.8852459016393444,1.6306325902699284
B11000841,13,3.6885245901639343,1.454681347637968
B11000841,14,3.8688524590163933,1.453942180238802
B11000841,15,3.9672131147540983,1.5145979622886685
B11000841,16,3.9344262295081966,1.480682745256018
B11000841,17,3.9344262295081966,1.6182246136725333
B11000841,18,3.6065573770491803,1.6122348659861305
B11000841,19,3.3934426229508197,1.5917686680574892
B11000841,20,2.8524590163934427,1.5023049566404867
B11000841,21,2.1639344262295084,1.1334023617995808
B11000841,22,1.3442622950819672,0.6747251025330058
B11000841,23,1.098360655737705,0.3927589688757685
B11000841,24,1.0327868852459017,0.2539661210627815
B11000843,1,1.0,0.0
B11000843,2,1.0,0.0
B11000843,3,1.0,0.0
B11000843,4,1.0,0.0
B11000843,5,1.0,0.0
B11000843,6,1.0,0.0
B11000843,7,1.1475409836065573,0.3546443877505563
B11000843,8,1.1967213114754098,0.39751985747482427
B11000843,9,3.2295081967213113,1.9450942294419116
B11000843,10,3.262295081967213,1.8545614067178493
B11000843,11,3.081967213114754,1.4743165348142373
B11000843,12,2.7704918032786887,1.3476566501353844
B11000843,13,2.2950819672131146,1.013745890737069
B11000843,14,2.1475409836065573,0.9723398443499618
B11000843,15,2.1639344262295084,1.0271770621521668
B11000843,16,2.360655737704918,1.1878177660811011
B11000843,17,2.7704918032786887,1.37176973911292
B11000843,18,2.8852459016393444,1.5374916836319152
B11000843,19,2.6065573770491803,1.3216815980817296
B11000843,20,2.2950819672131146,1.150114210937074
B11000843,21,1.5737704918032787,0.8387933642928546
B11000843,22,1.1475409836065573,0.3981953377538071
B11000843,23,1.0163934426229508,0.12698306053139075
B11000843,24,1.0,0.0
B11000844,1,1.8032786885245902,0.4368168063762042
B11000844,2,1.8524590163934427,0.3981953377538071
B11000844,3,1.8360655737704918,0.41212475704841106
B11000844,4,1.8688524590163935,0.3830597195261615
B11000844,5,1.8852459016393444,0.36656852090160486
B11000844,6,1.9508196721311475,0.2820434513784468
B11000844,7,1.9672131147540983,0.2539661210627815
B11000844,8,2.557377049180328,0.75800839486537
B11000844,9,5.950819672131147,2.865431215270936
B11000844,10,6.459016393442623,3.2822112223207043
B11000844,11,6.147540983606557,3.023601508860901
B11000844,12,5.557377049180328,2.452998099776281
B11000844,13,5.19672131147541,2.3104869413046387
B11000844,14,4.934426229508197,2.0634910134504345
B11000844,15,4.885245901639344,2.033315637208348
B11000844,16,4.983606557377049,2.213903927297041
B11000844,17,5.19672131147541,2.303380780655548
B11000844,18,5.180327868852459,2.2796907808815745
B11000844,19,5.262295081967213,2.4952521430085834
B11000844,20,4.852459016393443,2.5079288402968047
B11000844,21,3.721311475409836,1.9680326161913337
B11000844,22,2.8360655737704916,1.601027619475389
B11000844,23,2.1311475409836067,0.8958082683484756
B11000844,24,1.9836065573770492,0.6399744687194471
B11000845,1,3.4098360655737703,1.32290104930046
B11000845,2,3.180327868852459,1.3490518433731793
B11000845,3,3.360655737704918,1.4261352898971504
B11000845,4,3.442622950819672,1.542029641482603
B11000845,5,3.5737704918032787,1.4424366496694385
B11000845,6,3.5081967213114753,1.574624085450573
B11000845,7,3.6721311475409837,1.596320682226864
B11000845,8,8.147540983606557,2.974404834109305
B11000845,9,10.491803278688524,4.737790004341175
B11000845,10,10.081967213114755,4.1460828124206115
B11000845,11,10.40983606557377,4.4070623246989875
B11000845,12,9.40983606557377,3.623136261109721
B11000845,13,9.442622950819672,3.499529664716012
B11000845,14,9.295081967213115,3.7475424178532317
B11000845,15,9.065573770491802,3.5337661721330704
B11000845,16,9.19672131147541,3.4299532670483988
B11000845,17,9.278688524590164,3.617494593291228
B11000845,18,9.78688524590164,3.9675518077886816
B11000845,19,9.19672131147541,3.647679127978962
B11000845,20,8.901639344262295,3.277868749974377
B11000845,21,7.80327868852459,2.9577332488770915
B11000845,22,6.836065573770492,2.9319066021224027
B11000845,23,5.721311475409836,3.0034469134645048
B11000845,24,4.016393442622951,2.012190742178241
B11000846,1,3.6557377049180326,1.6484990281936438
B11000846,2,3.4918032786885247,1.6949582984344698
B11000846,3,3.3934426229508197,1.5814362482767403
B11000846,4,3.4098360655737703,1.6132347016580382
B11000846,5,3.278688524590164,1.4613170293814133
B11000846,6,3.098360655737705,1.4338406298799917
B11000846,7,3.2131147540983607,1.403914364984042
B11000846,8,4.459016393442623,1.6050511507277787
B11000846,9,5.934426229508197,2.5980374210698405
B11000846,10,6.147540983606557,2.282047294618961
B11000846,11,6.327868852459017,2.427447633953657
B11000846,12,6.360655737704918,2.4829436977252697
B11000846,13,6.016393442622951,2.3223207956675123
B11000846,14,5.918032786885246,2.5369084190789923
B11000846,15,5.885245901639344,2.4434479847720274
B11000846,16,5.983606557377049,2.4460862234222276
B11000846,17,6.213114754098361,2.430103243427477
B11000846,18,6.262295081967213,2.318151039254234
B11000846,19,6.491803278688525,2.170011338035441
B11000846,20,6.213114754098361,2.1585875322470662
B11000846,21,5.622950819672131,2.0257678926664684
B11000846,22,4.901639344262295,2.0301410597262586
B11000846,23,4.081967213114754,1.8755989816345675
B11000846,24,3.8852459016393444,1.8025333780201258
B11000866,1,3.3278688524590163,1.276795572368574
B11000866,2,3.3278688524590163,1.276795572368574
B11000866,3,3.3114754098360657,1.1670473265939467
B11000866,4,3.3278688524590163,1.276795572368574
B11000866,5,3.3442622950819674,1.2788986796617758
B11000866,6,3.3278688524590163,1.276795572368574
B11000866,7,4.60655737704918,1.5394132214516039
B11000866,8,7.950819672131147,4.571566541089936
B11000866,9,10.114754098360656,5.688926144470264
B11000866,10,11.360655737704919,6.140520581565624
B11000866,11,11.491803278688524,5.67890243037858
B11000866,12,10.032786885245901,4.79058918007869
B11000866,13,8.688524590163935,4.190312729855075
B11000866,14,8.049180327868852,4.126786665263497
B11000866,15,8.278688524590164,4.1256143011677
B11000866,16,8.901639344262295,4.2952696742865255
B11000866,17,9.131147540983607,4.532127245750529
B11000866,18,9.262295081967213,4.804033958412697
B11000866,19,9.573770491803279,5.084399206552165
B11000866,20,9.098360655737705,4.685887140783158
B11000866,21,6.262295081967213,3.648047487397016
B11000866,22,3.442622950819672,1.180783154450433
B11000866,23,3.377049180327869,1.3326164874033817
B11000866,24,3.3278688524590163,1.1695776381466867
B11000867,1,0.9836065573770492,0.12698306053139072
B11000867,2,1.0,0.0
B11000867,3,1.0,0.0
B11000867,4,1.0,0.0
B11000867,5,1.0,0.0
B11000867,6,1.0,0.0
B11000867,7,1.7377049180327868,0.4398822250819258
B11000867,8,2.1147540983606556,1.472127496435649
B11000867,9,3.5245901639344264,2.0374088122171194
B11000867,10,3.3278688524590163,1.7435719082371581
B11000867,11,3.4262295081967213,1.8238764014192015
B11000867,12,3.0655737704918034,1.5771820945318942
B11000867,13,2.6885245901639343,1.2744781459394627
B11000867,14,2.557377049180328,1.2613366597817277
B11000867,15,2.7049180327868854,1.496928684034298
B11000867,16,2.6721311475409837,1.3147500102139948
B11000867,17,2.7704918032786887,1.3836687112137174
B11000867,18,2.721311475409836,1.2691955312030108
B11000867,19,2.6721311475409837,1.2508529742252648
B11000867,20,2.4754098360655736,1.2361568866563184
B11000867,21,1.9836065573770492,1.180327868852459
B11000867,22,1.360655737704918,0.7020528887004543
B11000867,23,1.0327868852459017,0.17807836870820026
B11000867,24,1.0,0.0
B11000868,1,1.0,0.0
B11000868,2,1.0,0.0
B11000868,3,1.0,0.0
B11000868,4,1.0,0.0
B11000868,5,1.0,0.0
B11000868,6,1.0,0.0
B11000868,7,1.6721311475409837,0.4694367561729952
B11000868,8,1.9672131147540983,0.788591047265947
B11000868,9,4.426229508196721,2.639293350491555
B11000868,10,4.39344262295082,2.536802482825931
B11000868,11,4.295081967213115,2.175453691479821
B11000868,12,3.9672131147540983,1.6090646210087716
B11000868,13,3.4098360655737703,1.4300871139386484
B11000868,14,3.442622950819672,1.4768663120728143
B11000868,15,3.6557377049180326,1.6682694076339082
B11000868,16,3.557377049180328,1.465724127688991
B11000868,17,3.7540983606557377,1.5749653933738292
B11000868,18,3.9344262295081966,1.8004448672391362
B11000868,19,3.540983606557377,1.7886139930473253
B11000868,20,3.262295081967213,1.8367972780890884
B11000868,21,2.540983606557377,1.6750216097632524
B11000868,22,1.9180327868852458,1.4291471946034995
B11000868,23,1.5081967213114753,0.9855172698484681
B11000868,24,1.0655737704918034,0.3066932284240935
B11000869,1,1.0,0.0
B11000869,2,1.0,0.0
B11000869,3,1.0,0.0
B11000869,4,1.0,0.0
B11000869,5,1.0,0.0
B11000869,6,1.0,0.0
B11000869,7,1.0,0.0
B11000869,8,2.4098360655737703,0.5544765418127136
B11000869,9,4.163934426229508,2.355184917517111
B11000869,10,4.672131147540983,2.690123474985707
B11000869,11,4.819672131147541,2.7431476279805755
B11000869,12,4.262295081967213,2.2536065037140736
B11000869,13,4.655737704918033,2.6232581787130482
B11000869,14,3.6065573770491803,1.7488046364714211
B11000869,15,3.6557377049180326,1.827703440284424
B11000869,16,3.737704918032787,1.9068611178485702
B11000869,17,3.8852459016393444,1.8912946442412568
B11000869,18,3.918032786885246,1.9358150057869523
B11000869,19,3.80327868852459,2.0148601394015166
B11000869,20,3.5737704918032787,1.9116469287273923
B11000869,21,2.8524590163934427,1.791016430655431
B11000869,22,1.8032786885245902,1.290820962952756
B11000869,23,1.2295081967213115,0.8757842878159396
B11000869,24,1.0327868852459017,0.17807836870820026
B11000870,1,1.0,0.0
B11000870,2,1.0,0.0
B11000870,3,1.0,0.0
B11000870,4,1.0,0.0
B11000870,5,1.0,0.0
B11000870,6,1.0,0.0
B11000870,7,1.7540983606557377,0.5010067799979057
B11000870,8,2.7868852459016393,1.7378595662703584
B11000870,9,4.0,2.119387477241603
B11000870,10,2.9672131147540983,1.4482008410070673
B11000870,11,3.3934426229508197,1.6324444963284725
B11000870,12,3.0491803278688523,1.5725746823016982
B11000870,13,2.80327868852459,1.1709555035035129
B11000870,14,3.0655737704918034,1.8275563946717088
B11000870,15,2.639344262295082,1.086923570770543
B11000870,16,2.6721311475409837,1.0669600062474085
B11000870,17,2.7049180327868854,1.1782769066273053
B11000870,18,2.7049180327868854,1.0916112665302617
B11000870,19,2.6721311475409837,1.224360809825432
B11000870,20,2.4098360655737703,1.1070126567956808
B11000870,21,1.819672131147541,0.9145131594086133
B11000870,22,1.1967213114754098,0.5956033483470475
B11000870,23,1.0327868852459017,0.17807836870820026
B11000870,24,1.0,0.0
B11000871,1,95.42622950819673,19.21360431312731
B11000871,2,96.95081967213115,21.70474468753522
B11000871,3,99.06557377049181,19.8179160973418
B11000871,4,98.65573770491804,18.68451208003319
B11000871,5,97.31147540983606,17.000039521271862
B11000871,6,97.54098360655738,17.263221372248932
B11000871,7,108.27868852459017,18.706649249635397
B11000871,8,147.75409836065575,33.232739011701
B11000871,9,255.18032786885246,69.50610497935197
B11000871,10,276.72131147540983,74.33996589606141
B11000871,11,286.73770491803276,79.29751027438506
B11000871,12,280.9016393442623,78.65982058434744
B11000871,13,260.42622950819674,80.777869680041
B11000871,14,247.9344262295082,84.5962191249973
B11000871,15,245.9344262295082,87.08293933389848
B11000871,16,241.672131147541,91.18162766329115
B11000871,17,201.70491803278688,77.98514870432642
B11000871,18,172.49180327868854,64.03933805138574
B11000871,19,148.63934426229508,36.23558290441134
B11000871,20,131.2622950819672,28.189000086561066
B11000871,21,122.1311475409836,26.649808789543226
B11000871,22,112.47540983606558,23.489520898586868
B11000871,23,105.24590163934427,22.60614724006516
B11000871,24,98.75409836065573,20.56947901163268
B11000876,1,1.0,0.0
B11000876,2,1.0,0.0
B11000876,3,1.0,0.0
B11000876,4,1.0,0.0
B11000876,5,1.1967213114754098,0.3975198574748243
B11000876,6,1.0,0.0
B11000876,7,1.0327868852459017,0.2539661210627815
B11000876,8,1.5081967213114753,0.7601326635652216
B11000876,9,4.032786885245901,2.353701048713122
B11000876,10,3.7868852459016393,1.9342872970392053
B11000876,11,3.5901639344262297,1.7590706299981886
B11000876,12,3.3442622950819674,1.587711477088951
B11000876,13,2.901639344262295,1.3145455866707838
B11000876,14,2.9508196721311477,1.419145777562567
B11000876,15,2.918032786885246,1.4176300005985876
B11000876,16,2.918032786885246,1.4743165348142373
B11000876,17,2.9672131147540983,1.6393442622950818
B11000876,18,2.80327868852459,1.435152041196019
B11000876,19,2.6885245901639343,1.4204707555694733
B11000876,20,2.2950819672131146,1.2057820031759536
B11000876,21,1.4262295081967213,0.7565889022435623
B11000876,22,1.1475409836065573,0.5678855106783204
B11000876,23,1.0327868852459017,0.2539661210627815
B11000876,24,1.0,0.0
B11000877,1,1.0819672131147542,0.27431476279805744
B11000877,2,1.0655737704918034,0.24753555525477872
B11000877,3,1.0491803278688525,0.2162443599716872
B11000877,4,1.0491803278688525,0.2162443599716872
B11000877,5,1.1311475409836065,0.3375616439667869
B11000877,6,1.0491803278688525,0.2162443599716872
B11000877,7,1.7377049180327868,0.4398822250819258
B11000877,8,2.6065573770491803,1.571035875503074
B11000877,9,6.672131147540983,4.460101121677312
B11000877,10,6.475409836065574,4.103603204290579
B11000877,11,6.901639344262295,4.34082759365035
B11000877,12,6.950819672131147,4.174183848795766
B11000877,13,6.754098360655738,3.998588840033025
B11000877,14,6.590163934426229,4.1345289310055895
B11000877,15,6.721311475409836,4.227665121363434
B11000877,16,7.016393442622951,4.0142851609470425
B11000877,17,7.147540983606557,4.253585047523685
B11000877,18,7.0,4.184279713560206
B11000877,19,6.852459016393443,4.124441603829821
B11000877,20,6.147540983606557,3.958125345200723
B11000877,21,5.163934426229508,3.6582730310175826
B11000877,22,4.032786885245901,3.449719461698033
B11000877,23,1.9836065573770492,1.8241710740766568
B11000877,24,1.098360655737705,0.29780167417352377
B11000879,1,128.18032786885246,20.466292316977626
B11000879,2,127.39344262295081,19.894210945195937
B11000879,3,127.88524590163935,19.92946443857398
B11000879,4,132.91803278688525,22.175377781147947
B11000879,5,135.98360655737704,24.10665631720879
B11000879,6,142.72131147540983,30.974410986892877
B11000879,7,145.88524590163934,31.93081576520299
B11000879,8,163.27868852459017,41.36448589505253
B11000879,9,182.21311475409837,52.028401686978484
B11000879,10,209.672131147541,68.46890434840714
B11000879,11,220.0983606557377,75.96455275983054
B11000879,12,223.1639344262295,78.59194893231307
B11000879,13,209.52459016393442,69.39825824747228
B11000879,14,222.8360655737705,78.59549487107061
B11000879,15,226.0327868852459,81.37707560005383
B11000879,16,224.1639344262295,80.17075635594456
B11000879,17,219.19672131147541,77.39568753016279
B11000879,18,208.327868852459,71.60793099024794
B11000879,19,194.5737704918033,61.425006659832285
B11000879,20,173.68852459016392,45.04225374482642
B11000879,21,158.13114754098362,36.87172065321947
B11000879,22,141.59016393442624,26.424887083016547
B11000879,23,134.55737704918033,23.47270796797074
B11000879,24,130.01639344262296,21.158644943502473
B11000880,1,35.75409836065574,4.76206229503569
B11000880,2,34.85245901639344,4.647707228067248
B11000880,3,35.77049180327869,5.418224991010571
B11000880,4,35.83606557377049,5.575650599011514
B11000880,5,45.049180327868854,4.819449085950803
B11000880,6,58.08196721311475,5.307881803961601
B11000880,7,71.72131147540983,6.890552209760991
B11000880,8,74.04918032786885,7.854050285395087
B11000880,9,78.11475409836065,7.3798537473973695
B11000880,10,84.39344262295081,8.555084172439658
B11000880,11,82.55737704918033,8.851274966351742
B11000880,12,85.19672131147541,8.64001303909753
B11000880,13,76.8688524590164,5.351498671158574
B11000880,14,83.0327868852459,6.0651306882916804
B11000880,15,82.27868852459017,7.3286573089593565
B11000880,16,74.39344262295081,7.437782783767697
B11000880,17,73.27868852459017,7.620359157537676
B11000880,18,85.19672131147541,7.718021644350356
B11000880,19,78.22950819672131,5.080962354382693
B11000880,20,72.0327868852459,5.194471251006489
B11000880,21,54.49180327868852,6.0642001102943635
B11000880,22,38.557377049180324,3.948540258033255
B11000880,23,36.295081967213115,4.154177286504225
B11000880,24,35.24590163934426,4.661160545365225
B11000881,1,23.704918032786885,1.9020632653548941
B11000881,2,24.18032786885246,1.6743797160398304
B11000881,3,28.295081967213115,1.602705318373802
B11000881,4,25.639344262295083,2.9198741657438854
B11000881,5,23.37704918032787,2.355070806956346
B11000881,6,23.016393442622952,1.6839824312650833
B11000881,7,33.91803278688525,5.831781444687134
B11000881,8,52.950819672131146,18.39228832472841
B11000881,9,76.67213114754098,30.172032056343667
B11000881,10,84.75409836065573,31.594591640158256
B11000881,11,88.77049180327869,33.82132097090748
B11000881,12,87.90163934426229,33.02691645351265
B11000881,13,86.40983606557377,32.32335452136905
B11000881,14,86.11475409836065,32.49115812166555
B11000881,15,84.75409836065573,31.81846857125329
B11000881,16,82.49180327868852,30.701963920105577
B11000881,17,82.18032786885246,29.98880020269934
B11000881,18,80.44262295081967,28.22946059667356
B11000881,19,73.73770491803279,23.935638864407878
B11000881,20,60.50819672131148,18.19351618501535
B11000881,21,44.85245901639344,10.295369109496724
B11000881,22,30.60655737704918,4.764206326224654
B11000881,23,26.42622950819672,2.955733613373781
B11000881,24,24.557377049180328,2.123441300388257
B11000904,1,112.32786885245902,21.53055115790416
B11000904,2,101.85245901639344,17.839756729920577
B11000904,3,101.78688524590164,17.41124072009405
B11000904,4,99.09836065573771,17.255747360942713
B11000904,5,102.09836065573771,16.929656700626715
B11000904,6,124.1639344262295,23.379394267678727
B11000904,7,153.62295081967213,27.871581351447716
B11000904,8,162.9016393442623,34.00371480093565
B11000904,9,177.2622950819672,34.18843714001652
B11000904,10,170.2622950819672,34.49395368226492
B11000904,11,158.36065573770492,28.412669066886945
B11000904,12,157.13114754098362,27.64439018172069
B11000904,13,161.70491803278688,28.374165265280986
B11000904,14,170.50819672131146,29.723657824250093
B11000904,15,172.72131147540983,29.43741967239243
B11000904,16,170.60655737704917,32.71450206751428
B11000904,17,172.0327868852459,37.6009972021212
B11000904,18,187.2295081967213,44.42506803877663
B11000904,19,201.36065573770492,46.8146091765903
B11000904,20,197.9672131147541,50.53969944610002
B11000904,21,190.59016393442624,54.926889425310975
B11000904,22,173.40983606557376,50.92211251112896
B11000904,23,144.49180327868854,33.39069417373535
B11000904,24,132.45901639344262,26.166286512460843
B11000909,1,66.90163934426229,8.677661009237394
B11000909,2,63.377049180327866,7.527357611017207
B11000909,3,58.704918032786885,5.587879923769095
B11000909,4,57.75409836065574,5.0168755795304625
B11000909,5,57.40983606557377,5.1162776209307665
B11000909,6,62.65573770491803,4.958467656945216
B11000909,7,87.1639344262295,17.196244660446347
B11000909,8,134.29508196721312,53.918075153625146
B11000909,9,203.37704918032787,96.64064988898198
B11000909,10,234.08196721311475,115.5446539302783
B11000909,11,240.40983606557376,118.59856204712288
B11000909,12,239.44262295081967,116.7834656765041
B11000909,13,238.59016393442624,116.7943936798984
B11000909,14,244.45901639344262,117.13444339109104
B11000909,15,245.08196721311475,116.57914993432043
B11000909,16,235.80327868852459,110.05882475877611
B11000909,17,230.7704918032787,107.6584449479491
B11000909,18,194.9016393442623,84.44528831512167
B11000909,19,153.40983606557376,59.02163455780232
B11000909,20,136.60655737704917,49.45548708588811
B11000909,21,117.0327868852459,39.87602394517153
B11000909,22,98.59016393442623,28.729020598748047
B11000909,23,85.44262295081967,19.490665769452885
B11000909,24,74.54098360655738,12.673159672382358
B11000912,1,1.2295081967213115,1.5299570616813245
B11000912,2,1.1147540983606556,0.65532774069858
B11000912,3,1.0327868852459017,0.17807836870820026
B11000912,4,1.0327868852459017,0.17807836870820026
B11000912,5,1.0327868852459017,0.17807836870820026
B11000912,6,1.0327868852459017,0.17807836870820026
B11000912,7,1.1147540983606556,0.4824242285102348
B11000912,8,1.4918032786885247,1.3382512545546592
B11000912,9,2.9672131147540983,2.566922078011349
B11000912,10,10.19672131147541,4.497065243865005
B11000912,11,16.295081967213115,5.715507413456952
B11000912,12,16.62295081967213,5.596146022849716
B11000912,13,16.60655737704918,5.862575634171384
B11000912,14,16.83606557377049,6.0467585893867986
B11000912,15,17.40983606557377,6.33330268690398
B11000912,16,17.950819672131146,6.886494812569558
B11000912,17,19.688524590163933,7.534708722179236
B11000912,18,23.311475409836067,8.631890896328372
B11000912,19,28.65573770491803,10.59056995618154
B11000912,20,12.672131147540984,8.628434334499367
B11000912,21,3.8360655737704916,4.0979016136364645
B11000912,22,2.540983606557377,3.0113107569862483
B11000912,23,1.7377049180327868,1.96611991482819
B11000912,24,1.278688524590164,1.5484645757418318
B11000917,1,89.26229508196721,15.046269228065091
B11000917,2,83.91803278688525,11.533692741755353
B11000917,3,81.40983606557377,9.751632144483418
B11000917,4,79.72131147540983,8.359016232691076
B11000917,5,78.95081967213115,7.586498424472982
B11000917,6,78.52459016393442,7.046930636057903
B11000917,7,88.62295081967213,10.37993640718735
B11000917,8,109.18032786885246,25.652474521434183
B11000917,9,154.70491803278688,57.50391127461268
B11000917,10,189.98360655737704,79.09207993411363
B11000917,11,194.19672131147541,78.00122312452756
B11000917,12,194.9016393442623,75.8265287107945
B11000917,13,183.86885245901638,66.20942318397948
B11000917,14,199.9672131147541,77.44357379241654
B11000917,15,202.9344262295082,78.23186823972277
B11000917,16,202.80327868852459,76.91890975420019
B11000917,17,200.34426229508196,75.81791934172455
B11000917,18,194.44262295081967,72.18748917312563
B11000917,19,176.2295081967213,62.347096490067095
B11000917,20,161.68852459016392,54.40845552163189
B11000917,21,144.75409836065575,45.34626549870286
B11000917,22,132.13114754098362,39.2563977911322
B11000917,23,115.8688524590164,30.20719456687732
B11000917,24,101.59016393442623,22.903487492462535
B11000918,1,8.40983606557377,9.561495611763947
B11000918,2,7.311475409836065,3.6419278969760476
B11000918,3,6.737704918032787,1.0386251843578465
B11000918,4,6.639344262295082,0.8499332063485718
B11000918,5,6.60655737704918,0.83526158707259
B11000918,6,6.655737704918033,0.7440528339613258
B11000918,7,10.918032786885245,34.87227048227702
B11000918,8,12.180327868852459,31.55349773899295
B11000918,9,41.90163934426229,22.659058853628995
B11000918,10,96.0,24.922831720805856
B11000918,11,130.9672131147541,13.929526621727021
B11000918,12,134.81967213114754,22.300855086687147
B11000918,13,136.24590163934425,18.199852042007947
B11000918,14,136.29508196721312,17.302841861055406
B11000918,15,138.31147540983608,21.112921211558124
B11000918,16,139.08196721311475,21.14531695002366
B11000918,17,141.14754098360655,22.075753382293918
B11000918,18,141.78688524590163,18.42585029654713
B11000918,19,149.70491803278688,15.706680485657284
B11000918,20,148.9016393442623,12.572028434262096
B11000918,21,58.16393442622951,16.987150715712243
B11000918,22,13.754098360655737,15.206400440307393
B11000918,23,9.967213114754099,13.984730798694667
B11000918,24,9.508196721311476,14.75440801132256
B11000919,1,26.983606557377048,4.5646245003077155
B11000919,2,15.721311475409836,2.964993282501354
B11000919,3,15.114754098360656,3.525543142230585
B11000919,4,14.426229508196721,3.5225689973041856
B11000919,5,13.868852459016393,3.291695511265796
B11000919,6,13.80327868852459,4.222576604944875
B11000919,7,13.737704918032787,3.9954959861351025
B11000919,8,14.852459016393443,1.7818397710321263
B11000919,9,17.57377049180328,2.9668055149806207
B11000919,10,29.540983606557376,5.174254584761749
B11000919,11,33.68852459016394,5.135989963496136
B11000919,12,39.73770491803279,6.0946136911271225
B11000919,13,44.885245901639344,7.628888926377668
B11000919,14,45.868852459016395,8.112882711851839
B11000919,15,43.40983606557377,7.4709866120032675
B11000919,16,40.40983606557377,7.309049071786373
B11000919,17,38.19672131147541,6.769797130241628
B11000919,18,39.08196721311475,6.394913660108046
B11000919,19,43.59016393442623,6.539607069913544
B11000919,20,44.622950819672134,6.453271973310572
B11000919,21,44.59016393442623,5.39391596906387
B11000919,22,42.721311475409834,4.892721752653087
B11000919,23,40.18032786885246,3.830456877776072
B11000919,24,37.704918032786885,3.355173457171418
B11000921,1,13.39344262295082,4.736598656934299
B11000921,2,13.180327868852459,4.66767115281943
B11000921,3,13.37704918032787,4.852459016393443
B11000921,4,13.229508196721312,4.774912041496804
B11000921,5,13.163934426229508,4.70151816383606
B11000921,6,13.131147540983607,4.6499617831536035
B11000921,7,17.34426229508197,5.872651943477842
B11000921,8,17.737704918032787,5.931028825534409
B11000921,9,23.049180327868854,8.83255199463743
B11000921,10,31.18032786885246,13.722672631626725
B11000921,11,32.16393442622951,14.184013545467137
B11000921,12,32.36065573770492,14.112002549725204
B11000921,13,29.557377049180328,12.495933227193943
B11000921,14,29.901639344262296,12.840388276179276
B11000921,15,33.049180327868854,14.859369434261849
B11000921,16,32.68852459016394,14.984736478542509
B11000921,17,32.36065573770492,14.672415053577046
B11000921,18,30.524590163934427,13.212768982173898
B11000921,19,24.65573770491803,9.389364834576142
B11000921,20,21.60655737704918,7.780342376310282
B11000921,21,19.42622950819672,6.860337458586614
B11000921,22,16.983606557377048,5.962978140511609
B11000921,23,15.098360655737705,5.309147435594369
B11000921,24,13.885245901639344,4.875829851708432
B11000922,1,84.22950819672131,8.697829845451372
B11000922,2,83.1639344262295,8.88022361236113
B11000922,3,82.62295081967213,8.964710292972415
B11000922,4,81.91803278688525,8.860105986797544
B11000922,5,81.06557377049181,8.90545762386524
B11000922,6,80.70491803278688,9.052387172335898
B11000922,7,79.24590163934427,8.730304743155187
B11000922,8,80.60655737704919,8.138712768331144
B11000922,9,90.9672131147541,8.680045352141764
B11000922,10,98.62295081967213,10.876601347223946
B11000922,11,101.47540983606558,11.161418555734603
B11000922,12,103.65573770491804,11.312093116894841
B11000922,13,93.1639344262295,8.981183112155144
B11000922,14,103.52459016393442,11.349307131848095
B11000922,15,104.63934426229508,11.976798317190775
B11000922,16,104.72131147540983,11.803210382316017
B11000922,17,105.47540983606558,12.349562356853173
B11000922,18,102.47540983606558,12.94453053353708
B11000922,19,98.19672131147541,13.325459020336242
B11000922,20,92.8360655737705,11.854556193847037
B11000922,21,89.01639344262296,10.258130407231148
B11000922,22,87.55737704918033,10.182795825560238
B11000922,23,86.24590163934427,9.728537938280072
B11000922,24,85.54098360655738,9.094357412013022
B11000923,1,8.819672131147541,6.400584493600184
B11000923,2,8.442622950819672,5.949306586303478
B11000923,3,8.39344262295082,5.943114733749566
B11000923,4,8.360655737704919,5.942436401820402
B11000923,5,10.01639344262295,6.001343574372485
B11000923,6,10.39344262295082,5.9320709029417
B11000923,7,10.40983606557377,5.948900020048692
B11000923,8,11.901639344262295,8.003492921961927
B11000923,9,26.688524590163933,21.807308884270554
B11000923,10,64.73770491803279,7.677733697687017
B11000923,11,72.77049180327869,7.393824278615741
B11000923,12,74.65573770491804,7.249387189254404
B11000923,13,75.24590163934427,6.958084666043766
B11000923,14,75.88524590163935,7.181712569529337
B11000923,15,76.72131147540983,6.801955233706241
B11000923,16,77.29508196721312,6.919547654823958
B11000923,17,79.45901639344262,6.637137864510436
B11000923,18,92.88524590163935,6.412330234625556
B11000923,19,92.50819672131148,6.166070435620926
B11000923,20,91.8688524590164,5.971175049354603
B11000923,21,68.63934426229508,9.057254653872223
B11000923,22,26.475409836065573,18.40046912924496
B11000923,23,11.655737704918034,10.370015485866112
B11000923,24,8.754098360655737,6.058879779880642
B11000926,1,2.9836065573770494,0.22115963218413184
B11000926,2,2.9508196721311477,0.28204345137844683
B11000926,3,2.9836065573770494,0.22115963218413184
B11000926,4,2.9672131147540983,0.3119065178760729
B11000926,5,3.0327868852459017,0.17807836870820026
B11000926,6,3.0327868852459017,0.17807836870820026
B11000926,7,2.8360655737704916,0.4501485317293764
B11000926,8,2.80327868852459,0.4728591836674085
B11000926,9,7.360655737704918,5.453327415246303
B11000926,10,30.704918032786885,3.364931306609306
B11000926,11,33.60655737704918,3.707673427731719
B11000926,12,34.131147540983605,3.681924878958998
B11000926,13,34.98360655737705,4.0871321593295535
B11000926,14,35.22950819672131,4.102751745996469
B11000926,15,35.67213114754098,3.7622861530663005
B11000926,16,35.80327868852459,3.7452469205785612
B11000926,17,36.31147540983606,3.969312545701195
B11000926,18,39.16393442622951,4.117855274444921
B11000926,19,42.52459016393443,2.061406152081069
B11000926,20,42.885245901639344,2.0252371701284986
B11000926,21,29.16393442622951,7.609701159270645
B11000926,22,8.557377049180328,6.562498000409212
B11000926,23,3.4098360655737703,1.529781396365666
B11000926,24,3.0327868852459017,0.17807836870820026
B11000927,1,14.950819672131148,13.596559629346206
B11000927,2,14.967213114754099,13.451756193608587
B11000927,3,14.934426229508198,13.33166925027231
B11000927,4,14.950819672131148,13.436464002925327
B11000927,5,14.967213114754099,13.439563826249273
B11000927,6,15.21311475409836,13.383516597957916
B11000927,7,15.065573770491802,13.439443846390953
B11000927,8,15.180327868852459,13.417028813697312
B11000927,9,26.721311475409838,20.06475676039465
B11000927,10,238.14754098360655,36.4636967747077
B11000927,11,295.2950819672131,35.71166143850212
B11000927,12,302.55737704918033,35.77182909853164
B11000927,13,307.5081967213115,33.916301487400595
B11000927,14,309.78688524590166,32.92122478155968
B11000927,15,310.7704918032787,31.213906864174223
B11000927,16,311.21311475409834,29.099667483931082
B11000927,17,313.1803278688525,28.17131909521869
B11000927,18,313.95081967213116,26.511009917940154
B11000927,19,325.73770491803276,25.99489334424168
B11000927,20,323.26229508196724,25.32600661624413
B11000927,21,315.1311475409836,23.71723825588528
B11000927,22,221.14754098360655,20.57440401349734
B11000927,23,69.42622950819673,42.54311564827005
B11000927,24,20.475409836065573,21.053878235765985
B11000929,1,29.147540983606557,24.861475936808684
B11000929,2,28.78688524590164,24.25014095216657
B11000929,3,27.557377049180328,22.515222238840796
B11000929,4,27.295081967213115,22.11767653161642
B11000929,5,25.19672131147541,17.96336862064076
B11000929,6,23.75409836065574,16.550623521219517
B11000929,7,21.852459016393443,9.970178592500394
B11000929,8,22.885245901639344,4.842091272410306
B11000929,9,50.90163934426229,18.85119026379318
B11000929,10,112.98360655737704,12.43407771537914
B11000929,11,148.91803278688525,13.221065012490438
B11000929,12,154.72131147540983,16.141922963778413
B11000929,13,156.98360655737704,14.205161614742037
B11000929,14,158.39344262295083,14.728447647853466
B11000929,15,160.0327868852459,13.83624038425813
B11000929,16,159.65573770491804,13.528216106093533
B11000929,17,158.63934426229508,12.616711253282155
B11000929,18,156.29508196721312,11.210861627720874
B11000929,19,159.9672131147541,8.48521803020735
B11000929,20,158.2295081967213,9.300790452258243
B11000929,21,94.21311475409836,13.309819811442264
B11000929,22,53.622950819672134,25.142977336136035
B11000929,23,33.21311475409836,25.78226277705012
B11000929,24,29.65573770491803,25.17277038226199
B11000954,1,36.459016393442624,3.860577424286628
B11000954,2,32.50819672131148,3.7749083185899686
B11000954,3,23.327868852459016,2.5589528562490633
B11000954,4,20.57377049180328,2.4391547608394974
B11000954,5,19.311475409836067,3.30692757016439
B11000954,6,18.262295081967213,2.2825183054175002
B11000954,7,18.491803278688526,2.440256307551858
B11000954,8,19.950819672131146,2.153352167585645
B11000954,9,22.442622950819672,2.1992889325083205
B11000954,10,28.147540983606557,3.367326446286627
B11000954,11,33.09836065573771,3.606482860631089
B11000954,12,35.19672131147541,3.3866646493154393
B11000954,13,36.65573770491803,3.5152373046852
B11000954,14,36.032786885245905,3.4639464516871317
B11000954,15,34.68852459016394,3.4190449419346765
B11000954,16,33.032786885245905,3.7107164838390116
B11000954,17,32.721311475409834,3.2498733773113133
B11000954,18,34.32786885245902,3.5191341682686286
B11000954,19,36.967213114754095,3.328797415474638
B11000954,20,38.24590163934426,3.232294711977743
B11000954,21,37.77049180327869,3.1591316643792533
B11000954,22,37.14754098360656,2.9411499121427647
B11000954,23,36.78688524590164,2.661903387159121
B11000954,24,36.704918032786885,3.3988631768461524
B11000955,1,27.78688524590164,3.6803187410891227
B11000955,2,19.131147540983605,2.7189403060875983
B11000955,3,17.57377049180328,2.813661149122276
B11000955,4,17.147540983606557,3.1717816556741676
B11000955,5,16.80327868852459,3.187165203921316
B11000955,6,16.278688524590162,3.635576250537853
B11000955,7,16.24590163934426,3.6108022708956953
B11000955,8,15.62295081967213,3.0737595628221004
B11000955,9,16.491803278688526,2.8378180883002933
B11000955,10,24.81967213114754,3.0862370143745372
B11000955,11,28.295081967213115,3.66348513767111
B11000955,12,29.75409836065574,3.722575072534206
B11000955,13,31.491803278688526,3.514013868711597
B11000955,14,30.21311475409836,3.516307461977602
B11000955,15,28.950819672131146,3.3799128396376488
B11000955,16,27.885245901639344,3.0195991518565903
B11000955,17,28.18032786885246,2.9000180707255607
B11000955,18,29.672131147540984,3.3716334100333007
B11000955,19,34.0,3.440358349615704
B11000955,20,35.278688524590166,3.417079318206924
B11000955,21,35.049180327868854,3.0751581567121606
B11000955,22,34.278688524590166,2.7706373033866223
B11000955,23,33.14754098360656,2.622950819672131
B11000955,24,33.14754098360656,2.9799112406947135
B11000956,1,27.262295081967213,4.630269755779601
B11000956,2,16.770491803278688,2.106924124482478
B11000956,3,15.327868852459016,2.4742696320952007
B11000956,4,14.868852459016393,2.286635511365599
B11000956,5,14.639344262295081,3.6079728965815523
B11000956,6,14.754098360655737,3.0442406666074917
B11000956,7,15.147540983606557,2.946718461431851
B11000956,8,15.836065573770492,1.9517149068619868
B11000956,9,19.491803278688526,4.355599188305735
B11000956,10,31.524590163934427,5.535597343267346
B11000956,11,33.85245901639344,4.382663557116576
B11000956,12,35.78688524590164,5.639773144194635
B11000956,13,43.295081967213115,7.7657175621816465
B11000956,14,44.31147540983606,8.074531877222393
B11000956,15,41.622950819672134,8.31385163432577
B11000956,16,38.49180327868852,8.149470365612066
B11000956,17,37.08196721311475,8.150822309852785
B11000956,18,41.52459016393443,8.777031421257377
B11000956,19,47.442622950819676,8.745068099846259
B11000956,20,48.622950819672134,7.8764307769742095
B11000956,21,47.47540983606557,7.002590989750816
B11000956,22,46.09836065573771,6.16628835415996
B11000956,23,43.63934426229508,4.845253844321235
B11000956,24,40.967213114754095,4.269476925441475
B11000957,1,34.47540983606557,3.583233073393902
B11000957,2,24.21311475409836,4.22372205563114
B11000957,3,18.295081967213115,3.2760645237499793
B11000957,4,17.0,3.223886260858286
B11000957,5,15.60655737704918,2.765588832594276
B11000957,6,14.852459016393443,1.9821834754349954
B11000957,7,14.147540983606557,1.9904366896571863
B11000957,8,13.655737704918034,1.9492347880822725
B11000957,9,16.508196721311474,4.167095740695237
B11000957,10,29.16393442622951,3.3445837196869745
B11000957,11,34.114754098360656,3.5487165107907135
B11000957,12,35.967213114754095,4.665770764132605
B11000957,13,39.24590163934426,5.3459214964365955
B11000957,14,38.950819672131146,5.904780584777651
B11000957,15,36.295081967213115,5.755522685797008
B11000957,16,34.67213114754098,5.01055054556738
B11000957,17,34.67213114754098,4.363489773013541
B11000957,18,37.032786885245905,4.296270640171368
B11000957,19,40.704918032786885,4.517159495890549
B11000957,20,41.22950819672131,4.733533815351946
B11000957,21,40.42622950819672,4.06689560743231
B11000957,22,38.67213114754098,3.4627825041900784
B11000957,23,37.80327868852459,3.472702316834701
B11000957,24,36.32786885245902,3.5051311870653326
B11000958,1,33.49180327868852,4.572271920902974
B11000958,2,26.442622950819672,4.910759649305162
B11000958,3,13.0,2.5735094364839877
B11000958,4,10.737704918032787,2.202097653797637
B11000958,5,10.0,2.2323992826949772
B11000958,6,9.868852459016393,3.73497167823908
B11000958,7,9.60655737704918,3.484291157417631
B11000958,8,10.344262295081966,3.4777288891291187
B11000958,9,12.065573770491802,2.380720737122368
B11000958,10,21.78688524590164,3.1420717510061484
B11000958,11,28.278688524590162,4.085685316998906
B11000958,12,29.901639344262296,4.389648471801929
B11000958,13,33.114754098360656,4.680263270778116
B11000958,14,32.08196721311475,4.78143637780433
B11000958,15,30.34426229508197,4.508226527472257
B11000958,16,28.21311475409836,4.204270873409018
B11000958,17,28.114754098360656,4.300584636793109
B11000958,18,31.147540983606557,4.291952307397658
B11000958,19,35.442622950819676,4.444648984513719
B11000958,20,36.39344262295082,3.7603570135904243
B11000958,21,36.19672131147541,3.298383469594862
B11000958,22,34.85245901639344,3.28850988016258
B11000958,23,34.114754098360656,3.464567063794896
B11000958,24,33.49180327868852,3.757497208618542
B11000959,1,26.524590163934427,4.063457937004503
B11000959,2,16.83606557377049,3.9221118762052893
B11000959,3,12.639344262295081,2.080611408289194
B11000959,4,11.442622950819672,1.3370458035477824
B11000959,5,11.524590163934427,1.3502465758671476
B11000959,6,11.442622950819672,1.7417213095466788
B11000959,7,11.262295081967213,2.3809464941507184
B11000959,8,11.78688524590164,1.6606808212628295
B11000959,9,12.688524590163935,2.8315609065369065
B11000959,10,22.57377049180328,5.695724644504378
B11000959,11,27.75409836065574,3.9282738782391853
B11000959,12,29.885245901639344,4.065441563159752
B11000959,13,31.918032786885245,4.677448800106053
B11000959,14,31.901639344262296,4.820396956760627
B11000959,15,30.40983606557377,4.757658361828811
B11000959,16,28.901639344262296,4.063854739694478
B11000959,17,29.016393442622952,3.7130333288216804
B11000959,18,30.360655737704917,4.168707732639936
B11000959,19,32.57377049180328,4.0668956074323095
B11000959,20,33.40983606557377,3.9187529347088774
B11000959,21,33.0655737704918,3.4254058151781486
B11000959,22,32.39344262295082,3.27072804110018
B11000959,23,31.39344262295082,3.295693606066639
B11000959,24,30.278688524590162,3.4504984080040972
B11000960,1,17.934426229508198,3.7542057397485813
B11000960,2,15.01639344262295,3.404393512722229
B11000960,3,13.737704918032787,2.691222157275738
B11000960,4,13.426229508196721,3.021556522088979
B11000960,5,12.967213114754099,3.0351342267277466
B11000960,6,12.639344262295081,3.896331973625527
B11000960,7,12.770491803278688,4.829531568171556
B11000960,8,14.098360655737705,2.962635723018354
B11000960,9,18.21311475409836,3.5487922401685728
B11000960,10,25.016393442622952,5.215021818412113
B11000960,11,30.049180327868854,4.248148022752923
B11000960,12,33.34426229508197,5.175241329295398
B11000960,13,37.032786885245905,7.02680398193117
B11000960,14,36.19672131147541,7.41027127693329
B11000960,15,33.49180327868852,6.5876759025749205
B11000960,16,31.80327868852459,5.844486464787716
B11000960,17,30.81967213114754,5.3882330712587905
B11000960,18,33.442622950819676,5.126352968677953
B11000960,19,36.77049180327869,4.839704104974116
B11000960,20,37.85245901639344,4.522570230988347
B11000960,21,37.34426229508197,4.453347408895476
B11000960,22,35.9344262295082,3.8956421742090157
B11000960,23,34.40983606557377,3.681486910850676
B11000960,24,29.83606557377049,3.3543723747501506
B11000961,1,11.770491803278688,0.8757842878159396
B11000961,2,11.360655737704919,1.4824966412506768
B11000961,3,11.245901639344263,1.870002522176944
B11000961,4,11.262295081967213,1.8982445673613282
B11000961,5,10.78688524590164,1.8026824647726258
B11000961,6,10.39344262295082,1.2048901524598659
B11000961,7,10.311475409836065,1.0641857289913104
B11000961,8,10.39344262295082,0.8736336127524084
B11000961,9,12.229508196721312,0.9302466202695807
B11000961,10,20.37704918032787,4.025182754943687
B11000961,11,28.24590163934426,5.370397725311422
B11000961,12,33.01639344262295,7.200846496866352
B11000961,13,34.98360655737705,7.394042358722321
B11000961,14,35.0,7.399601229840412
B11000961,15,32.77049180327869,6.315200093199417
B11000961,16,31.016393442622952,5.7673240187288055
B11000961,17,29.59016393442623,5.8907458660488325
B11000961,18,31.81967213114754,5.208782610739734
B11000961,19,34.75409836065574,4.671699721237137
B11000961,20,35.91803278688525,4.846141212827245
B11000961,21,34.295081967213115,4.138362162344422
B11000961,22,32.75409836065574,3.2322947119777434
B11000961,23,28.475409836065573,3.0277760998334937
B11000961,24,15.639344262295081,2.429550230825949
B11000962,1,21.39344262295082,3.8931578843249657
B11000962,2,14.0,2.429328990536748
B11000962,3,12.672131147540984,2.3728057092016606
B11000962,4,12.475409836065573,2.9620914043580937
B11000962,5,11.59016393442623,1.371573813990288
B11000962,6,10.852459016393443,0.9553312973333419
B11000962,7,10.491803278688524,1.018242633001281
B11000962,8,10.508196721311476,0.9516672310622947
B11000962,9,13.032786885245901,1.1303156836680788
B11000962,10,19.0,3.7416573867739413
B11000962,11,26.278688524590162,4.50184351142326
B11000962,12,32.32786885245902,5.49133837033873
B11000962,13,33.57377049180328,5.890973969385854
B11000962,14,33.32786885245902,6.1450268082900665
B11000962,15,32.24590163934426,5.827171340057777
B11000962,16,31.0,5.486197285528265
B11000962,17,30.147540983606557,4.824242285102348
B11000962,18,32.34426229508197,4.786885245901639
B11000962,19,35.049180327868854,4.205485214040663
B11000962,20,35.967213114754095,4.234778772222236
B11000962,21,36.31147540983606,3.994015948508006
B11000962,22,35.442622950819676,3.35605442697974
B11000962,23,34.59016393442623,2.999328062347385
B11000962,24,33.34426229508197,3.2080086561227774
B11000963,1,33.65573770491803,3.4254842706657316
B11000963,2,27.59016393442623,3.60044190903542
B11000963,3,13.98360655737705,2.6394969918136044
B11000963,4,10.901639344262295,2.609597155223463
B11000963,5,10.426229508196721,2.1151988349231883
B11000963,6,10.327868852459016,2.2229895059257614
B11000963,7,10.01639344262295,2.4258971859248923
B11000963,8,11.836065573770492,2.490508723256779
B11000963,9,14.885245901639344,2.9202423021843256
B11000963,10,24.9672131147541,3.1621076863629853
B11000963,11,30.75409836065574,4.489169983177978
B11000963,12,32.73770491803279,5.488890835264555
B11000963,13,37.540983606557376,7.39644081551635
B11000963,14,37.278688524590166,8.162551729639981
B11000963,15,35.18032786885246,8.043953429610836
B11000963,16,33.22950819672131,7.812124755836435
B11000963,17,31.9672131147541,7.42165023652224
B11000963,18,35.21311475409836,6.59138721213328
B11000963,19,39.83606557377049,6.443144349652131
B11000963,20,40.049180327868854,6.413168392950111
B11000963,21,39.26229508196721,5.401583372430724
B11000963,22,37.967213114754095,4.74934754143516
B11000963,23,36.98360655737705,4.370136372102898
B11000963,24,35.0655737704918,3.625360818488285
B11000964,1,31.049180327868854,4.286563947461716
B11000964,2,22.9672131147541,3.78507514755188
B11000964,3,10.278688524590164,3.445744096475085
B11000964,4,9.311475409836065,3.480818556484354
B11000964,5,8.672131147540984,3.0445937653347253
B11000964,6,8.639344262295081,2.4763324738063206
B11000964,7,8.737704918032787,1.2532140887617307
B11000964,8,7.786885245901639,0.6036705783449827
B11000964,9,12.278688524590164,2.662004344942221
B11000964,10,22.83606557377049,3.63579800638609
B11000964,11,29.950819672131146,4.271239039751226
B11000964,12,31.80327868852459,5.340288173384628
B11000964,13,36.950819672131146,6.644179579071992
B11000964,14,38.42622950819672,7.916488326444739
B11000964,15,35.98360655737705,6.983568075011345
B11000964,16,34.16393442622951,6.724509435136594
B11000964,17,31.950819672131146,6.291879308265294
B11000964,18,33.049180327868854,5.9103305766140455
B11000964,19,37.52459016393443,5.148950417881774
B11000964,20,37.622950819672134,4.690988691013937
B11000964,21,36.704918032786885,4.138362162344421
B11000964,22,35.31147540983606,3.7044102364904186
B11000964,23,33.950819672131146,3.399258499221711
B11000964,24,32.622950819672134,3.6447309124009144
B11000965,1,29.885245901639344,3.299768301134449
B11000965,2,19.918032786885245,3.6137037989389786
B11000965,3,12.295081967213115,2.7481395333790313
B11000965,4,11.163934426229508,2.277331828696723
B11000965,5,10.688524590163935,2.23636842331606
B11000965,6,10.557377049180328,2.5058920087412506
B11000965,7,10.950819672131148,2.1685246893078247
B11000965,8,13.754098360655737,2.0458333321930375
B11000965,9,20.16393442622951,2.8062011417856523
B11000965,10,23.59016393442623,2.904925433880221
B11000965,11,27.721311475409838,3.6355762505378526
B11000965,12,29.278688524590162,4.9227845896502345
B11000965,13,34.557377049180324,6.444020204718288
B11000965,14,34.16393442622951,7.0622067973232765
B11000965,15,32.08196721311475,6.668484926281215
B11000965,16,30.34426229508197,6.637907150679148
B11000965,17,28.885245901639344,6.116621698708051
B11000965,18,33.278688524590166,5.578445483980027
B11000965,19,36.14754098360656,5.19721257439046
B11000965,20,36.278688524590166,5.128292297304203
B11000965,21,35.73770491803279,4.647938514816735
B11000965,22,34.42622950819672,3.9854613505633427
B11000965,23,33.24590163934426,3.495457181594128
B11000965,24,32.114754098360656,3.4692955804857974
B11000966,1,28.098360655737704,2.7562442849740347
B11000966,2,26.721311475409838,2.6742925986105317
B11000966,3,19.229508196721312,2.9330979684551557
B11000966,4,10.59016393442623,2.6075366755060436
B11000966,5,9.704918032786885,2.098744841879108
B11000966,6,9.032786885245901,1.6493139469384561
B11000966,7,8.40983606557377,1.092103537701408
B11000966,8,10.147540983606557,1.6677860614242463
B11000966,9,13.131147540983607,3.350925538092157
B11000966,10,25.39344262295082,4.297458984343854
B11000966,11,27.639344262295083,3.8540282817122105
B11000966,12,31.229508196721312,4.582194486870519
B11000966,13,34.9344262295082,5.321989189493201
B11000966,14,35.90163934426229,6.080619354866731
B11000966,15,33.868852459016395,5.713014793207872
B11000966,16,31.81967213114754,5.484727519036454
B11000966,17,30.80327868852459,4.974754865469557
B11000966,18,32.50819672131148,5.062309946465902
B11000966,19,34.91803278688525,5.220687354931476
B11000966,20,35.14754098360656,5.085614767144259
B11000966,21,34.39344262295082,4.764206326224655
B11000966,22,33.049180327868854,3.960568884076459
B11000966,23,31.327868852459016,3.212278245075282
B11000966,24,29.885245901639344,2.7940121023461897
B11000967,1,31.16393442622951,6.611416672841728
B11000967,2,21.39344262295082,5.2768553990464415
B11000967,3,9.344262295081966,1.7071234159927624
B11000967,4,8.819672131147541,2.184207075402816
B11000967,5,8.508196721311476,1.9637948443788427
B11000967,6,7.704918032786885,1.150114210937074
B11000967,7,7.426229508196721,1.0473857603254615
B11000967,8,8.245901639344263,1.770947118138544
B11000967,9,10.40983606557377,2.1907184926660728
B11000967,10,28.65573770491803,4.6549295073165755
B11000967,11,30.9672131147541,5.178667507313384
B11000967,12,33.442622950819676,6.120443009155933
B11000967,13,39.131147540983605,6.802784892211944
B11000967,14,39.0,7.038535615208421
B11000967,15,37.08196721311475,6.959590816046147
B11000967,16,34.80327868852459,6.573218569692906
B11000967,17,32.278688524590166,5.28260724109211
B11000967,18,32.26229508196721,5.2538873643728605
B11000967,19,35.950819672131146,4.6462614250359335
B11000967,20,36.59016393442623,4.585712126903565
B11000967,21,36.80327868852459,4.881613788966491
B11000967,22,37.377049180327866,5.096330838355644
B11000967,23,35.540983606557376,5.710426961418776
B11000967,24,32.90163934426229,5.63858172503755
B11000968,1,25.459016393442624,4.716812519487451
B11000968,2,14.163934426229508,4.872742277935032
B11000968,3,8.245901639344263,2.72604762659355
B11000968,4,7.770491803278689,3.480123620486382
B11000968,5,7.754098360655738,4.051535785332936
B11000968,6,7.229508196721311,1.8764584939297249
B11000968,7,7.360655737704918,1.837967399104782
B11000968,8,8.737704918032787,1.872156986414091
B11000968,9,11.59016393442623,2.438603800890105
B11000968,10,20.262295081967213,2.7987212498278757
B11000968,11,23.34426229508197,3.3869820499393155
B11000968,12,25.65573770491803,3.7586413917171138
B11000968,13,29.016393442622952,4.477601096894164
B11000968,14,29.18032786885246,4.812920440978693
B11000968,15,28.18032786885246,4.910704923259152
B11000968,16,26.57377049180328,4.32855185867371
B11000968,17,25.311475409836067,3.7088329816076775
B11000968,18,25.39344262295082,3.6090900198385243
B11000968,19,29.557377049180328,3.1232842642863674
B11000968,20,30.475409836065573,3.1860688423353274
B11000968,21,30.37704918032787,3.5211954677597013
B11000968,22,29.78688524590164,3.459909759546995
B11000968,23,29.60655737704918,3.6721311475409837
B11000968,24,29.360655737704917,4.085290634704961
B11000969,1,25.278688524590162,1.9846224197274174
B11000969,2,18.770491803278688,2.6512814261697084
B11000969,3,9.278688524590164,1.9928655333791616
B11000969,4,8.180327868852459,1.61456685275346
B11000969,5,7.213114754098361,1.461133111813586
B11000969,6,7.229508196721311,2.356667852007769
B11000969,7,6.950819672131147,1.9952914205017174
B11000969,8,7.327868852459017,1.2243608098254322
B11000969,9,10.737704918032787,3.6838221390657417
B11000969,10,22.9672131147541,2.93071475148676
B11000969,11,25.868852459016395,3.466350704666199
B11000969,12,29.24590163934426,3.907352202736121
B11000969,13,34.0,4.394482382469643
B11000969,14,33.704918032786885,4.923494235305314
B11000969,15,31.918032786885245,5.096752685127193
B11000969,16,29.40983606557377,4.698716424588663
B11000969,17,27.950819672131146,4.354858712989987
B11000969,18,29.0,3.6931482859878617
B11000969,19,31.934426229508198,2.8102205295822933
B11000969,20,32.40983606557377,2.7243711813519904
B11000969,21,31.901639344262296,2.6221310194271745
B11000969,22,30.65573770491803,2.0153935945708854
B11000969,23,29.147540983606557,1.8539816750979587
B11000969,24,27.639344262295083,1.890726175745025
B11000970,1,18.24590163934426,3.9115454901448765
B11000970,2,9.426229508196721,1.6738981342123034
B11000970,3,8.688524590163935,1.9123497142842865
B11000970,4,8.311475409836065,1.741875601198622
B11000970,5,8.081967213114755,1.5919374932865855
B11000970,6,8.0,1.3670597861894678
B11000970,7,7.819672131147541,1.5096215650126348
B11000970,8,8.98360655737705,2.153851322012281
B11000970,9,12.78688524590164,3.2295498041756794
B11000970,10,25.327868852459016,3.4769560433031965
B11000970,11,28.39344262295082,4.239852644070214
B11000970,12,29.59016393442623,4.2013934034439755
B11000970,13,31.688524590163933,4.1351788813233785
B11000970,14,30.885245901639344,4.239155346798048
B11000970,15,29.475409836065573,3.7002727297670037
B11000970,16,28.278688524590162,3.6937303883298784
B11000970,17,27.16393442622951,3.9801982316102293
B11000970,18,28.540983606557376,3.787701281744807
B11000970,19,32.032786885245905,3.2791802909891383
B11000970,20,32.22950819672131,3.45649041480484
B11000970,21,31.721311475409838,2.875168690936886
B11000970,22,30.704918032786885,3.026355608974249
B11000970,23,29.918032786885245,3.116824161126841
B11000970,24,28.9672131147541,3.4781152476439847
B11000971,1,21.360655737704917,4.11726786254857
B11000971,2,9.229508196721312,3.296264366600922
B11000971,3,7.081967213114754,2.4514638113986402
B11000971,4,6.590163934426229,2.0675244497162986
B11000971,5,6.475409836065574,1.8161981311813231
B11000971,6,6.344262295081967,0.8470826677222173
B11000971,7,6.098360655737705,0.6194899550062684
B11000971,8,7.180327868852459,0.558340536587751
B11000971,9,9.918032786885245,1.1635880343485483
B11000971,10,18.704918032786885,2.1297599518015566
B11000971,11,23.311475409836067,3.118117252480252
B11000971,12,25.442622950819672,3.2214678975912463
B11000971,13,28.688524590163933,3.433399040412693
B11000971,14,28.540983606557376,3.7441704217719893
B11000971,15,27.360655737704917,3.343860470877424
B11000971,16,26.131147540983605,3.2666993912293014
B11000971,17,25.737704918032787,3.2888367535673093
B11000971,18,27.524590163934427,3.7135399459807967
B11000971,19,31.475409836065573,3.1341930086771868
B11000971,20,32.01639344262295,2.432645482170432
B11000971,21,31.59016393442623,1.9109438847079085
B11000971,22,31.016393442622952,1.9626997405187605
B11000971,23,29.81967213114754,1.8422028574269047
B11000971,24,28.459016393442624,1.6354051033888426
B11000972,1,25.885245901639344,3.6173460095278607
B11000972,2,17.688524590163933,6.221435666917408
B11000972,3,10.639344262295081,3.8963319736255264
B11000972,4,7.590163934426229,2.175700747717228
B11000972,5,6.918032786885246,1.5607383915294302
B11000972,6,6.852459016393443,1.1284119927444605
B11000972,7,8.049180327868852,0.8381523299124076
B11000972,8,7.459016393442623,1.0012086219411456
B11000972,9,10.80327868852459,2.985317470176755
B11000972,10,24.327868852459016,4.378491811135127
B11000972,11,28.0327868852459,3.929573510061308
B11000972,12,30.065573770491802,4.348992166871393
B11000972,13,33.032786885245905,5.191314351133729
B11000972,14,33.16393442622951,5.540256039147165
B11000972,15,31.901639344262296,5.571310932740309
B11000972,16,30.229508196721312,4.956841414379712
B11000972,17,28.295081967213115,4.297709120194847
B11000972,18,28.639344262295083,4.1013104138789185
B11000972,19,31.049180327868854,3.8769018791551346
B11000972,20,30.62295081967213,3.469605422013653
B11000972,21,29.9672131147541,3.2084274944852638
B11000972,22,29.459016393442624,2.889062304577604
B11000972,23,28.639344262295083,3.0408841837841165
B11000972,24,28.147540983606557,3.103863618633145
B11000973,1,27.278688524590162,3.3394372135111436
B11000973,2,23.311475409836067,3.851935785884242
B11000973,3,11.688524590163935,4.877317804973016
B11000973,4,8.081967213114755,3.384124372628291
B11000973,5,6.967213114754099,3.12560663286898
B11000973,6,7.0,2.7579987993197497
B11000973,7,7.049180327868853,2.49869624698461
B11000973,8,8.639344262295081,2.5092144083472103
B11000973,9,10.754098360655737,3.5001439675538872
B11000973,10,22.60655737704918,4.473157422746833
B11000973,11,28.24590163934426,4.1356337857693966
B11000973,12,30.0327868852459,5.450123214473481
B11000973,13,32.32786885245902,7.1922574751852215
B11000973,14,32.049180327868854,6.778524984646871
B11000973,15,30.672131147540984,6.3728967896080855
B11000973,16,29.065573770491802,5.75701668090601
B11000973,17,28.098360655737704,5.020302773289796
B11000973,18,29.491803278688526,4.4523817564942725
B11000973,19,31.60655737704918,3.884727087169682
B11000973,20,31.704918032786885,3.095974447595881
B11000973,21,31.360655737704917,3.146857849364414
B11000973,22,30.295081967213115,2.4651290146471334
B11000973,23,29.327868852459016,2.702283863912335
B11000973,24,28.540983606557376,2.9508196721311477
B11000974,1,28.40983606557377,3.2410130433085267
B11000974,2,21.081967213114755,3.2557393558181804
B11000974,3,11.19672131147541,1.8271151868284778
B11000974,4,9.147540983606557,1.5453374142012415
B11000974,5,8.442622950819672,1.6248539925723102
B11000974,6,8.885245901639344,1.4721274964356492
B11000974,7,9.62295081967213,1.404488523974026
B11000974,8,8.60655737704918,0.8736336127524084
B11000974,9,12.344262295081966,1.8455551024337702
B11000974,10,24.278688524590162,3.274997922867486
B11000974,11,27.114754098360656,3.608270829934379
B11000974,12,28.37704918032787,4.353871216670492
B11000974,13,32.19672131147541,5.278535788443012
B11000974,14,33.0655737704918,5.650674854398515
B11000974,15,32.557377049180324,5.5737222755870155
B11000974,16,31.42622950819672,5.484580520724405
B11000974,17,30.37704918032787,5.3536074383670185
B11000974,18,30.65573770491803,5.007814371925172
B11000974,19,34.50819672131148,4.163159860835816
B11000974,20,34.47540983606557,3.6241745578099605
B11000974,21,33.98360655737705,3.587280824532052
B11000974,22,32.98360655737705,3.08083341544581
B11000974,23,31.885245901639344,2.6370522580456255
B11000974,24,30.770491803278688,3.048210669018744
B11000975,1,26.62295081967213,3.068421575467492
B11000975,2,16.60655737704918,3.590874995083292
B11000975,3,11.754098360655737,2.0458333321930375
B11000975,4,10.655737704918034,1.7638003483688873
B11000975,5,10.37704918032787,1.821222201999719
B11000975,6,10.065573770491802,1.7821413943556632
B11000975,7,10.311475409836065,2.439705596365329
B11000975,8,12.688524590163935,4.437326708162145
B11000975,9,16.557377049180328,5.18991642171541
B11000975,10,25.475409836065573,5.690390396521251
B11000975,11,31.688524590163933,5.582587048227253
B11000975,12,32.85245901639344,6.5156459000027
B11000975,13,36.18032786885246,7.225882887167449
B11000975,14,35.59016393442623,6.771146715437346
B11000975,15,34.721311475409834,6.528954796829938
B11000975,16,33.0655737704918,6.9255262035009
B11000975,17,31.672131147540984,5.782169629312563
B11000975,18,31.672131147540984,4.608336392958871
B11000975,19,34.60655737704918,3.9558161725452017
B11000975,20,34.60655737704918,3.384044958255543
B11000975,21,33.32786885245902,3.0499734558125224
B11000975,22,32.40983606557377,2.6635182524852774
B11000975,23,31.9672131147541,2.4626203098828845
B11000975,24,31.049180327868854,2.724667099582522
B11000976,1,29.049180327868854,2.563464801231722
B11000976,2,25.459016393442624,3.722214088555725
B11000976,3,13.032786885245901,3.78507514755188
B11000976,4,8.59016393442623,3.0642146544482385
B11000976,5,8.0,2.7875601882791137
B11000976,6,7.737704918032787,2.1263502120775026
B11000976,7,7.540983606557377,1.7137225370979645
B11000976,8,8.21311475409836,1.2945630834360415
B11000976,9,11.918032786885245,2.675297329682013
B11000976,10,22.19672131147541,2.1179921835421918
B11000976,11,26.78688524590164,3.2447422999968536
B11000976,12,30.918032786885245,4.596131951647799
B11000976,13,34.967213114754095,5.432045815479408
B11000976,14,35.442622950819676,6.061230168283984
B11000976,15,33.967213114754095,6.198802668931525
B11000976,16,32.14754098360656,5.936373197510718
B11000976,17,31.24590163934426,5.415992522771669
B11000976,18,32.459016393442624,5.472955177669595
B11000976,19,35.22950819672131,4.71270846431274
B11000976,20,35.50819672131148,4.241183529604977
B11000976,21,34.540983606557376,3.852075320969176
B11000976,22,32.81967213114754,3.251774782601696
B11000976,23,30.885245901639344,2.8057222596951354
B11000976,24,30.016393442622952,2.633278846713193
B11000977,1,24.540983606557376,2.8026554766939746
B11000977,2,16.57377049180328,2.6640226971504104
B11000977,3,14.59016393442623,2.904925433880221
B11000977,4,13.114754098360656,2.312463455844081
B11000977,5,12.852459016393443,2.366681744094153
B11000977,6,12.39344262295082,1.7012886969337193
B11000977,7,12.37704918032787,1.5802462396440513
B11000977,8,12.524590163934427,1.167968074134877
B11000977,9,15.278688524590164,2.7228911078025657
B11000977,10,24.24590163934426,4.58670830111372
B11000977,11,27.62295081967213,4.029253416694208
B11000977,12,29.508196721311474,4.572271920902975
B11000977,13,32.704918032786885,4.660064948168666
B11000977,14,32.32786885245902,4.755398352503925
B11000977,15,31.278688524590162,5.3011942593263095
B11000977,16,29.639344262295083,4.490546671183101
B11000977,17,28.131147540983605,3.531940486642219
B11000977,18,30.950819672131146,3.9063891738174177
B11000977,19,34.540983606557376,3.0812695408447817
B11000977,20,34.67213114754098,2.912501665237883
B11000977,21,34.39344262295082,2.938041549799325
B11000977,22,34.80327868852459,3.012649137216621
B11000977,23,32.885245901639344,2.9089931820090276
B11000977,24,30.983606557377048,3.0325653441458402
B11000978,1,13.885245901639344,2.970336188157819
B11000978,2,9.885245901639344,0.9425873122272165
B11000978,3,9.131147540983607,1.2864413978238327
B11000978,4,8.704918032786885,1.2326735211218005
B11000978,5,8.540983606557377,1.1952607300693892
B11000978,6,8.37704918032787,1.1617388666574802
B11000978,7,8.426229508196721,1.0629223001604804
B11000978,8,8.704918032786885,0.9640124870812561
B11000978,9,12.278688524590164,2.0734950895986293
B11000978,10,21.295081967213115,1.6129014919670615
B11000978,11,25.557377049180328,1.8512254706220463
B11000978,12,26.098360655737704,1.8350406975679632
B11000978,13,29.16393442622951,2.00147755149607
B11000978,14,28.639344262295083,2.072717285848999
B11000978,15,27.16393442622951,2.042020277904265
B11000978,16,25.901639344262296,2.1015600609070324
B11000978,17,26.229508196721312,1.9281643578586398
B11000978,18,27.311475409836067,2.5577973593235526
B11000978,19,29.262295081967213,2.421905761891657
B11000978,20,29.62295081967213,2.6436681820148475
B11000978,21,29.34426229508197,2.216815363856629
B11000978,22,28.147540983606557,2.079060834424615
B11000978,23,27.327868852459016,1.7529489109610887
B11000978,24,24.770491803278688,2.0356933214787394
B11000979,1,27.459016393442624,4.636186146320897
B11000979,2,19.688524590163933,4.190312729855075
B11000979,3,13.885245901639344,2.5613672108295433
B11000979,4,11.967213114754099,2.1191338558110004
B11000979,5,12.147540983606557,3.727769365859649
B11000979,6,11.573770491803279,2.525015931736413
B11000979,7,12.459016393442623,1.4550507905258643
B11000979,8,11.737704918032787,1.3778295993082423
B11000979,9,13.78688524590164,4.71869235185148
B11000979,10,24.885245901639344,5.531129077680127
B11000979,11,26.770491803278688,5.135519009392765
B11000979,12,27.62295081967213,5.7663919862046225
B11000979,13,29.18032786885246,6.096245005836834
B11000979,14,29.360655737704917,5.875854418191328
B11000979,15,28.081967213114755,5.208111837984838
B11000979,16,26.16393442622951,4.982527924687451
B11000979,17,26.278688524590162,4.153336196206704
B11000979,18,27.770491803278688,4.209253828283158
B11000979,19,30.9672131147541,4.008054239983246
B11000979,20,31.57377049180328,3.8473282890493543
B11000979,21,31.75409836065574,3.860925471764756
B11000979,22,30.983606557377048,3.906664349161082
B11000979,23,30.42622950819672,4.01415126440889
B11000979,24,29.770491803278688,4.009797192953945
B11000980,1,27.557377049180328,3.1337642486362367
B11000980,2,21.540983606557376,3.102477965162914
B11000980,3,9.934426229508198,2.5790381512380773
B11000980,4,7.80327868852459,1.7444964713997415
B11000980,5,7.19672131147541,1.6478468030333198
B11000980,6,7.262295081967213,1.5981714894365824
B11000980,7,6.786885245901639,1.2559987743854393
B11000980,8,6.885245901639344,1.0879121326581678
B11000980,9,9.704918032786885,1.9614670178552163
B11000980,10,21.34426229508197,2.5017059484505304
B11000980,11,24.885245901639344,2.8347860280413206
B11000980,12,26.37704918032787,3.39316542781694
B11000980,13,30.491803278688526,4.135503818176594
B11000980,14,30.42622950819672,4.488451543550559
B11000980,15,29.016393442622952,4.3248871994337446
B11000980,16,27.950819672131146,3.4040777355661165
B11000980,17,26.60655737704918,2.7774188307603107
B11000980,18,28.311475409836067,3.256977295262333
B11000980,19,31.114754098360656,2.3265985913144007
B11000980,20,31.147540983606557,2.1025828423574855
B11000980,21,30.737704918032787,2.0952846306453057
B11000980,22,30.114754098360656,1.660518985193521
B11000980,23,29.491803278688526,1.7332141167251898
B11000980,24,28.311475409836067,2.0688238807098407
B11000981,1,18.016393442622952,3.6686165851014727
B11000981,2,9.0,1.7555532498659088
B11000981,3,8.40983606557377,3.1329923326960216
B11000981,4,7.737704918032787,1.7824429666387855
B11000981,5,7.524590163934426,1.6556565472724718
B11000981,6,7.065573770491803,1.1575674389449002
B11000981,7,8.081967213114755,0.7309343216264903
B11000981,8,7.360655737704918,0.830421320781242
B11000981,9,9.344262295081966,2.2315564361948366
B11000981,10,26.19672131147541,3.453768064066476
B11000981,11,28.311475409836067,2.8083072528561583
B11000981,12,29.868852459016395,3.9316930397170538
B11000981,13,33.98360655737705,4.702604103409049
B11000981,14,34.14754098360656,4.878309521678997
B11000981,15,33.22950819672131,4.6952834465424385
B11000981,16,31.327868852459016,4.751949768858163
B11000981,17,30.459016393442624,4.503455032443362
B11000981,18,31.721311475409838,4.113676300617461
B11000981,19,33.0,3.870866383301941
B11000981,20,32.73770491803279,3.7804572511378476
B11000981,21,32.049180327868854,3.195417977268243
B11000981,22,30.688524590163933,3.022001202148796
B11000981,23,29.19672131147541,2.647731303112203
B11000981,24,27.278688524590162,2.776547847987388
B11000982,1,36.721311475409834,3.393007020430107
B11000982,2,32.59016393442623,4.189671332546844
B11000982,3,17.83606557377049,4.480121221533465
B11000982,4,14.327868852459016,5.043162264110147
B11000982,5,12.770491803278688,4.546277319197276
B11000982,6,12.80327868852459,5.994039859757815
B11000982,7,11.80327868852459,2.4749212415430315
B11000982,8,13.475409836065573,2.9896354148962074
B11000982,9,14.737704918032787,4.01595849100202
B11000982,10,29.098360655737704,5.70505935381773
B11000982,11,33.295081967213115,5.487225887832671
B11000982,12,34.57377049180328,5.535160389500012
B11000982,13,39.22950819672131,6.917294654118764
B11000982,14,39.557377049180324,7.18268544273723
B11000982,15,37.59016393442623,6.302164731343854
B11000982,16,36.47540983606557,5.796003590312868
B11000982,17,35.40983606557377,5.448347769347002
B11000982,18,35.540983606557376,5.687414263066412
B11000982,19,39.91803278688525,4.852902062184496
B11000982,20,41.32786885245902,5.324614390641807
B11000982,21,40.540983606557376,5.148846028573856
B11000982,22,40.39344262295082,4.3012719755165
B11000982,23,39.09836065573771,3.9987904648034323
B11000982,24,38.47540983606557,3.9113393680050987
B11000983,1,19.21311475409836,5.220121077982647
B11000983,2,9.59016393442623,1.7308867165659685
B11000983,3,8.78688524590164,3.5163074619776022
B11000983,4,8.295081967213115,2.227578721503348
B11000983,5,8.081967213114755,2.0105874026868498
B11000983,6,8.081967213114755,1.5919374932865853
B11000983,7,7.786885245901639,1.3684351970301116
B11000983,8,7.836065573770492,1.3204610206952307
B11000983,9,11.163934426229508,2.2628889693273417
B11000983,10,23.852459016393443,3.1562379846160935
B11000983,11,25.049180327868854,3.096408440399448
B11000983,12,26.65573770491803,3.5569615229101905
B11000983,13,29.59016393442623,4.1106700390382604
B11000983,14,29.901639344262296,4.633112886329062
B11000983,15,29.016393442622952,4.600398426361404
B11000983,16,26.78688524590164,4.648690117280741
B11000983,17,25.098360655737704,4.233763268170652
B11000983,18,28.16393442622951,4.909610274235665
B11000983,19,33.704918032786885,5.502143434183679
B11000983,20,34.885245901639344,5.411276509671498
B11000983,21,34.377049180327866,5.552030892418393
B11000983,22,33.40983606557377,4.585712126903565
B11000983,23,32.75409836065574,4.329296833469888
B11000983,24,31.19672131147541,4.449423142316528
B11000984,1,28.065573770491802,3.616305752247484
B11000984,2,14.21311475409836,3.917655513765397
B11000984,3,9.754098360655737,1.9303931282693283
B11000984,4,9.065573770491802,2.0152602440169587
B11000984,5,8.934426229508198,1.6483359960982846
B11000984,6,9.0,0.9750998267516755
B11000984,7,8.475409836065573,0.8609289183935007
B11000984,8,9.39344262295082,0.7950397149496484
B11000984,9,12.852459016393443,3.061319042685233
B11000984,10,28.983606557377048,3.241593431686096
B11000984,11,31.852459016393443,4.128414396429725
B11000984,12,33.34426229508197,4.931947528411526
B11000984,13,36.65573770491803,6.214433875279202
B11000984,14,36.622950819672134,6.46596114956974
B11000984,15,34.622950819672134,5.808879394276786
B11000984,16,31.950819672131146,5.57049083839087
B11000984,17,30.721311475409838,4.922784589650234
B11000984,18,30.57377049180328,4.69201979085956
B11000984,19,33.704918032786885,3.66348513767111
B11000984,20,33.67213114754098,3.3374247040092855
B11000984,21,33.278688524590166,3.459987432655011
B11000984,22,32.40983606557377,3.1172552511776055
B11000984,23,32.08196721311475,2.9437072754462497
B11000984,24,30.508196721311474,2.945532604123822
B11000985,1,23.852459016393443,4.160060157090931
B11000985,2,11.39344262295082,2.594310853403062
B11000985,3,9.918032786885245,2.2418894400081597
B11000985,4,9.78688524590164,1.9427439956754815
B11000985,5,9.278688524590164,2.120401659607216
B11000985,6,9.147540983606557,2.345809417256832
B11000985,7,10.524590163934427,3.7835127982246193
B11000985,8,9.60655737704918,3.455946116215252
B11000985,9,12.459016393442623,3.8944002273622047
B11000985,10,27.688524590163933,6.4389719768180225
B11000985,11,32.278688524590166,5.590187971680448
B11000985,12,34.49180327868852,6.268900473099616
B11000985,13,38.50819672131148,8.00946765759261
B11000985,14,38.47540983606557,8.765817660564466
B11000985,15,36.34426229508197,8.342828953514193
B11000985,16,34.131147540983605,8.357730121361323
B11000985,17,33.49180327868852,7.858634075656609
B11000985,18,35.131147540983605,7.551952108585091
B11000985,19,37.377049180327866,7.23190547963908
B11000985,20,37.32786885245902,6.248203181651006
B11000985,21,35.83606557377049,5.2014510203414925
B11000985,22,34.78688524590164,4.323457761979222
B11000985,23,32.77049180327869,3.568502659875619
B11000985,24,31.34426229508197,3.40628756090773
B11000986,1,24.901639344262296,2.8613015382651055
B11000986,2,16.934426229508198,4.482639929367648
B11000986,3,9.081967213114755,2.8874805057447865
B11000986,4,6.885245901639344,1.6306325902699281
B11000986,5,6.491803278688525,1.9216023950285384
B11000986,6,6.442622950819672,2.75517153173978
B11000986,7,6.262295081967213,2.268108472731005
B11000986,8,6.524590163934426,1.7330590539544273
B11000986,9,15.098360655737705,2.995652139147651
B11000986,10,27.42622950819672,2.3079265862790908
B11000986,11,25.688524590163933,4.16283708271945
B11000986,12,30.327868852459016,6.120969899239049
B11000986,13,32.42622950819672,6.900841042573505
B11000986,14,33.278688524590166,7.514207630403829
B11000986,15,32.18032786885246,7.155207198707557
B11000986,16,29.311475409836067,6.281748173736973
B11000986,17,28.0,5.462239977680447
B11000986,18,29.19672131147541,5.324917215183933
B11000986,19,32.22950819672131,5.230407446194943
B11000986,20,32.21311475409836,4.697801209070713
B11000986,21,31.442622950819672,3.9318980948551707
B11000986,22,30.442622950819672,3.4333207657870735
B11000986,23,28.475409836065573,2.5389203680527452
B11000986,24,26.770491803278688,2.4521214811117193
B11000987,1,36.49180327868852,3.006130080296158
B11000987,2,33.114754098360656,3.5022164441250054
B11000987,3,23.81967213114754,4.083185018157029
B11000987,4,19.78688524590164,3.431363319838506
B11000987,5,18.278688524590162,2.8751686909368854
B11000987,6,17.60655737704918,2.587984141921859
B11000987,7,17.16393442622951,2.5554847980524418
B11000987,8,19.295081967213115,2.699995520913601
B11000987,9,19.016393442622952,3.475873770457397
B11000987,10,32.16393442622951,2.4034151103006307
B11000987,11,34.75409836065574,2.5521173318582124
B11000987,12,36.442622950819676,4.034785590272829
B11000987,13,38.721311475409834,4.530881821821325
B11000987,14,38.622950819672134,5.089893343036073
B11000987,15,36.540983606557376,5.036176569815062
B11000987,16,34.81967213114754,5.227632121469533
B11000987,17,33.22950819672131,4.913659257530293
B11000987,18,35.26229508196721,4.786941387499209
B11000987,19,39.39344262295082,4.122225598636268
B11000987,20,40.42622950819672,3.6325442305180884
B11000987,21,40.57377049180328,3.3213616425256585
B11000987,22,38.90163934426229,2.5005239977592817
B11000987,23,37.73770491803279,2.5278879887009302
B11000987,24,37.19672131147541,2.481536225221547
B11000988,1,30.131147540983605,3.712960949298894
B11000988,2,18.672131147540984,3.3177185103543465
B11000988,3,14.655737704918034,3.023868144306579
B11000988,4,13.262295081967213,2.739520356153444
B11000988,5,12.950819672131148,2.465674047489949
B11000988,6,12.426229508196721,2.5119975487708794
B11000988,7,12.098360655737705,2.4675262586526925
B11000988,8,12.262295081967213,1.8457007141032877
B11000988,9,14.737704918032787,1.4699351981285176
B11000988,10,26.34426229508197,3.8576525857294226
B11000988,11,30.524590163934427,4.12352927532877
B11000988,12,33.16393442622951,4.701518163836061
B11000988,13,34.75409836065574,6.184739913173704
B11000988,14,34.73770491803279,7.11936090183884
B11000988,15,31.868852459016395,6.1443707672773655
B11000988,16,29.37704918032787,4.1376477614196805
B11000988,17,29.049180327868854,4.118834108106905
B11000988,18,32.81967213114754,4.362689036615713
B11000988,19,35.68852459016394,4.139141368181179
B11000988,20,36.18032786885246,4.139011510728695
B11000988,21,36.21311475409836,3.892467522415698
B11000988,22,34.77049180327869,3.531560016702556
B11000988,23,34.0655737704918,3.23337539949603
B11000988,24,33.40983606557377,3.5361229541541674
B11000989,1,29.950819672131146,3.1280131939063733
B11000989,2,17.16393442622951,3.8843119857006156
B11000989,3,12.049180327868852,2.5183017274410706
B11000989,4,10.688524590163935,2.439705596365329
B11000989,5,9.967213114754099,2.217421431988317
B11000989,6,9.672131147540984,2.0623185382700036
B11000989,7,9.524590163934427,2.1623193177776496
B11000989,8,10.852459016393443,2.2090430060138493
B11000989,9,13.459016393442623,3.8350145680865633
B11000989,10,27.540983606557376,4.351648530632671
B11000989,11,30.18032786885246,3.9276581130691284
B11000989,12,31.885245901639344,4.101572511937333
B11000989,13,35.131147540983605,5.4486437170437965
B11000989,14,35.42622950819672,5.767230822254477
B11000989,15,34.131147540983605,5.394214903102639
B11000989,16,33.377049180327866,5.207699011807546
B11000989,17,32.39344262295082,5.119165814871648
B11000989,18,33.42622950819672,5.261860969786143
B11000989,19,36.32786885245902,4.430598936218442
B11000989,20,36.85245901639344,4.4161999300406265
B11000989,21,35.98360655737705,4.0871321593295535
B11000989,22,34.950819672131146,3.1954179772682436
B11000989,23,33.622950819672134,2.741089495170144
B11000989,24,33.131147540983605,2.6947149843877956
B11000990,1,13.327868852459016,3.181510680841496
B11000990,2,11.229508196721312,1.8322560010029991
B11000990,3,11.081967213114755,2.299644177516886
B11000990,4,10.655737704918034,2.179526538310853
B11000990,5,10.098360655737705,2.085900505562949
B11000990,6,10.524590163934427,1.921462535324941
B11000990,7,11.147540983606557,1.781839771032126
B11000990,8,10.295081967213115,1.8847469047383312
B11000990,9,15.59016393442623,4.236365009972071
B11000990,10,28.540983606557376,6.22678974335315
B11000990,11,30.78688524590164,5.510391834267266
B11000990,12,32.32786885245902,6.219275461136035
B11000990,13,36.21311475409836,7.041131508589918
B11000990,14,35.950819672131146,7.205249064552589
B11000990,15,35.442622950819676,7.634100782637944
B11000990,16,32.91803278688525,7.3491274868923835
B11000990,17,30.934426229508198,6.949156930724517
B11000990,18,32.14754098360656,5.452736012206363
B11000990,19,36.21311475409836,4.235349886250562
B11000990,20,36.81967213114754,3.5181412599963777
B11000990,21,36.19672131147541,3.372111621993727
B11000990,22,35.868852459016395,3.4852165999724405
B11000990,23,34.557377049180324,3.704337688479944
B11000990,24,25.65573770491803,5.5982586458315335
B11000991,1,35.540983606557376,3.5785049103185362
B11000991,2,22.62295081967213,4.077784412998407
B11000991,3,16.42622950819672,2.511997548770879
B11000991,4,14.360655737704919,2.347183780864976
B11000991,5,14.278688524590164,2.668155546016231
B11000991,6,13.852459016393443,3.114408954130181
B11000991,7,13.868852459016393,3.8516567005494395
B11000991,8,13.868852459016393,2.5445242386706552
B11000991,9,19.24590163934426,4.027185233926789
B11000991,10,30.21311475409836,5.172800091837126
B11000991,11,36.377049180327866,6.324980229156502
B11000991,12,38.967213114754095,6.897296246498272
B11000991,13,42.75409836065574,7.65368386112615
B11000991,14,43.21311475409836,7.708021697882552
B11000991,15,41.557377049180324,6.7593883469621
B11000991,16,38.77049180327869,6.4233014406513576
B11000991,17,38.049180327868854,6.294484261241967
B11000991,18,41.36065573770492,6.409605463127889
B11000991,19,44.39344262295082,5.859778680217719
B11000991,20,44.36065573770492,5.040923630190989
B11000991,21,44.16393442622951,4.942888011814492
B11000991,22,42.557377049180324,4.33258560655895
B11000991,23,40.67213114754098,3.9493569157995956
B11000991,24,39.18032786885246,3.206081294906789
B11000992,1,60.34426229508197,6.993873773341266
B11000992,2,43.08196721311475,4.687951357826918
B11000992,3,18.491803278688526,3.564961319173374
B11000992,4,13.049180327868852,2.871146623684512
B11000992,5,10.868852459016393,1.8945600279598254
B11000992,6,11.01639344262295,1.2738453888565515
B11000992,7,9.80327868852459,1.4801381429896017
B11000992,8,9.721311475409836,1.243094335090418
B11000992,9,14.901639344262295,2.889806380903013
B11000992,10,47.26229508196721,3.9417963756420744
B11000992,11,89.21311475409836,6.483559926051456
B11000992,12,98.0,6.6332495807108
B11000992,13,103.77049180327869,6.94331484736253
B11000992,14,98.62295081967213,9.35136342198507
B11000992,15,89.04918032786885,10.858895619824143
B11000992,16,86.34426229508196,12.164022800262241
B11000992,17,89.88524590163935,11.869644933239227
B11000992,18,95.59016393442623,9.552919130169151
B11000992,19,100.8360655737705,9.220754081514466
B11000992,20,104.34426229508196,9.399834748986308
B11000992,21,105.0,9.223988682403874
B11000992,22,98.50819672131148,7.808408563156105
B11000992,23,95.62295081967213,6.731779134007347
B11000992,24,87.1639344262295,6.450772803795828
B11000993,1,16.9672131147541,3.836696038985328
B11000993,2,8.245901639344263,2.029743888430327
B11000993,3,6.540983606557377,1.704129704251288
B11000993,4,5.688524590163935,1.722950039774589
B11000993,5,5.557377049180328,1.0639331632516689
B11000993,6,6.016393442622951,0.7126906596486611
B11000993,7,6.704918032786885,0.964012487081256
B11000993,8,5.639344262295082,1.4029569111694864
B11000993,9,9.442622950819672,1.520618836105604
B11000993,10,26.147540983606557,3.5659411907922984
B11000993,11,30.42622950819672,4.618065084822199
B11000993,12,32.0655737704918,4.871694263668059
B11000993,13,36.09836065573771,5.104497913790802
B11000993,14,35.377049180327866,5.402379361732486
B11000993,15,33.295081967213115,5.061407379910505
B11000993,16,32.09836065573771,4.370935744181502
B11000993,17,29.59016393442623,4.185756680639589
B11000993,18,34.19672131147541,4.991204303346292
B11000993,19,37.557377049180324,4.2754525794906515
B11000993,20,37.60655737704918,4.102293195253433
B11000993,21,36.68852459016394,3.744026865211855
B11000993,22,35.32786885245902,3.4246996349107315
B11000993,23,34.950819672131146,3.9439774776906424
B11000993,24,31.21311475409836,3.9343579229043235
B11000994,1,24.57377049180328,4.897168858899179
B11000994,2,15.672131147540984,2.109473646379005
B11000994,3,15.114754098360656,2.9258506436099427
B11000994,4,14.081967213114755,1.8313757434451072
B11000994,5,13.557377049180328,1.4202815486747853
B11000994,6,12.754098360655737,1.2234825021013305
B11000994,7,12.704918032786885,1.061150972634902
B11000994,8,13.491803278688524,1.8253492890059415
B11000994,9,17.983606557377048,3.6641452977789633
B11000994,10,32.65573770491803,4.092717426258657
B11000994,11,35.032786885245905,4.398089052672518
B11000994,12,37.34426229508197,4.697000249205589
B11000994,13,42.01639344262295,6.299861573495317
B11000994,14,40.967213114754095,6.277639770306166
B11000994,15,38.868852459016395,6.122989224537752
B11000994,16,36.540983606557376,5.744773163898579
B11000994,17,36.39344262295082,5.904370952529026
B11000994,18,38.68852459016394,5.6410119531829315
B11000994,19,41.01639344262295,4.5104316367861
B11000994,20,41.21311475409836,3.8159061150183944
B11000994,21,40.21311475409836,3.644509700089247
B11000994,22,38.721311475409834,3.5672974917696942
B11000994,23,37.34426229508197,3.088239170968293
B11000994,24,36.622950819672134,3.3883306708888687
B11000995,1,35.42622950819672,4.870314953943398
B11000995,2,30.262295081967213,4.958521855845131
B11000995,3,15.98360655737705,5.058645588442147
B11000995,4,12.0,2.605165109144071
B11000995,5,11.098360655737705,2.622131019427174
B11000995,6,10.950819672131148,2.1533521675856444
B11000995,7,10.737704918032787,1.8098241862285354
B11000995,8,12.311475409836065,1.4990815068399124
B11000995,9,14.19672131147541,3.4868355334151917
B11000995,10,27.0327868852459,6.2409730565262835
B11000995,11,33.0655737704918,7.247088397733115
B11000995,12,35.18032786885246,7.810266880520859
B11000995,13,37.31147540983606,8.402850772318542
B11000995,14,37.90163934426229,8.588411784764487
B11000995,15,35.85245901639344,8.137821164015628
B11000995,16,34.31147540983606,7.634135985780926
B11000995,17,33.80327868852459,6.662396733444213
B11000995,18,37.59016393442623,6.89589340656922
B11000995,19,40.01639344262295,6.250224398014104
B11000995,20,40.59016393442623,6.228904198501459
B11000995,21,38.91803278688525,5.448101133985872
B11000995,22,38.557377049180324,5.535354595432724
B11000995,23,38.31147540983606,5.421695892223759
B11000995,24,37.0655737704918,4.851462015432138
B11000996,1,23.34426229508197,4.654929507316576
B11000996,2,15.065573770491802,2.7512670848950247
B11000996,3,13.98360655737705,2.19157704486143
B11000996,4,13.01639344262295,1.979334242093592
B11000996,5,12.540983606557377,1.4774121203989585
B11000996,6,11.78688524590164,1.2026576321938507
B11000996,7,12.491803278688524,1.4329031726827646
B11000996,8,12.639344262295081,2.276269502650463
B11000996,9,19.114754098360656,3.5301899853938465
B11000996,10,32.80327868852459,5.256751075821679
B11000996,11,37.377049180327866,4.52013322894551
B11000996,12,36.77049180327869,4.896949343508021
B11000996,13,40.540983606557376,5.905190188610836
B11000996,14,41.950819672131146,6.564749953432226
B11000996,15,40.42622950819672,5.874253399071777
B11000996,16,38.31147540983606,6.19238290320351
B11000996,17,37.01639344262295,5.469713341841984
B11000996,18,39.22950819672131,5.042096371917469
B11000996,19,42.950819672131146,5.481492645550076
B11000996,20,43.622950819672134,5.717857945890627
B11000996,21,43.47540983606557,5.202794196870102
B11000996,22,41.98360655737705,4.305893038801167
B11000996,23,40.377049180327866,4.285560714413641
B11000996,24,38.049180327868854,4.158444812975619
B11000997,1,32.967213114754095,3.776403064044288
B11000997,2,28.19672131147541,4.790084266794107
B11000997,3,17.0327868852459,3.468675814399751
B11000997,4,14.344262295081966,2.40140154364576
B11000997,5,13.754098360655737,2.4738351304442787
B11000997,6,13.19672131147541,2.4616379468453715
B11000997,7,13.229508196721312,3.6547451420326835
B11000997,8,12.868852459016393,2.589229962344749
B11000997,9,14.754098360655737,1.6362265435448085
B11000997,10,26.114754098360656,2.2767417087550452
B11000997,11,30.360655737704917,2.4497091622974607
B11000997,12,33.09836065573771,3.5468985206556276
B11000997,13,36.868852459016395,4.339960753150585
B11000997,14,35.81967213114754,4.182352450911993
B11000997,15,34.32786885245902,3.990650185224597
B11000997,16,32.114754098360656,4.0289866140573976
B11000997,17,31.262295081967213,3.9749281438778494
B11000997,18,33.08196721311475,3.716578198709364
B11000997,19,37.40983606557377,3.4753325076457466
B11000997,20,38.08196721311475,3.558849887746768
B11000997,21,37.0,3.630472127541053
B11000997,22,35.67213114754098,3.2376945424195647
B11000997,23,35.278688524590166,2.746867948397572
B11000997,24,33.91803278688525,2.9437072754462497
B11000998,1,35.52459016393443,4.026985030837808
B11000998,2,29.065573770491802,4.908570131551672
B11000998,3,16.262295081967213,3.0776914881991
B11000998,4,13.344262295081966,2.171991953473905
B11000998,5,12.540983606557377,2.4666548031218403
B11000998,6,12.508196721311476,4.6186469909351695
B11000998,7,12.295081967213115,2.7778058465541164
B11000998,8,13.098360655737705,2.208069537637389
B11000998,9,15.754098360655737,2.7914138711701724
B11000998,10,31.16393442622951,5.9207341366600446
B11000998,11,35.459016393442624,6.12860471509051
B11000998,12,38.78688524590164,6.945017683647448
B11000998,13,42.36065573770492,7.876157811083398
B11000998,14,41.22950819672131,8.29851545606339
B11000998,15,39.52459016393443,7.883592751284148
B11000998,16,37.0655737704918,7.021906827241413
B11000998,17,34.75409836065574,6.398400767673733
B11000998,18,37.36065573770492,6.437677992153987
B11000998,19,45.63934426229508,7.876157811083398
B11000998,20,40.77049180327869,6.207857111923887
B11000998,21,40.59016393442623,5.3050456934121755
B11000998,22,38.049180327868854,4.205485214040664
B11000998,23,37.622950819672134,4.045495104054083
B11000998,24,37.049180327868854,4.078838751120936
B11000999,1,31.78688524590164,4.842146773929319
B11000999,2,24.0,4.0650449153649495
B11000999,3,12.852459016393443,3.166608909547445
B11000999,4,9.19672131147541,2.223714748565661
B11000999,5,7.868852459016393,1.8771744535474937
B11000999,6,7.360655737704918,2.096310473855184
B11000999,7,7.131147540983607,1.5937933905228374
B11000999,8,7.344262295081967,1.278898679661776
B11000999,9,11.344262295081966,2.9691597635851616
B11000999,10,22.75409836065574,3.327263128270953
B11000999,11,27.442622950819672,5.103918745704318
B11000999,12,29.18032786885246,5.354661510544062
B11000999,13,30.688524590163933,5.193125921789232
B11000999,14,29.770491803278688,5.233540764956111
B11000999,15,27.950819672131146,4.575151093118008
B11000999,16,26.83606557377049,4.56350572699216
B11000999,17,25.639344262295083,4.176565326995832
B11000999,18,29.540983606557376,4.3365536308425705
B11000999,19,32.90163934426229,4.006981276708771
B11000999,20,33.60655737704918,3.764714033615913
B11000999,21,34.0655737704918,3.723513467095276
B11000999,22,34.39344262295082,3.384044958255543
B11000999,23,33.704918032786885,3.943636760012352
B11000999,24,33.22950819672131,4.038314218252791
B11001000,1,25.049180327868854,4.491982765350193
B11001000,2,9.245901639344263,2.6652329748067642
B11001000,3,6.852459016393443,1.2653783931411746
B11001000,4,6.786885245901639,1.3684351970301116
B11001000,5,6.508196721311475,0.8419912156325415
B11001000,6,6.426229508196721,1.1082258217151193
B11001000,7,6.327868852459017,0.8439041099169673
B11001000,8,7.262295081967213,0.6246740617461524
B11001000,9,9.655737704918034,5.315875530193758
B11001000,10,24.65573770491803,7.2040181090005495
B11001000,11,29.737704918032787,5.9833146122356125
B11001000,12,32.08196721311475,6.775788822185904
B11001000,13,36.32786885245902,7.873427631681446
B11001000,14,36.63934426229508,8.630925689549914
B11001000,15,35.19672131147541,8.143829348857718
B11001000,16,33.9344262295082,7.9565806406055835
B11001000,17,33.22950819672131,6.938591160971595
B11001000,18,34.47540983606557,6.4467721173990435
B11001000,19,36.73770491803279,5.6304256582655015
B11001000,20,37.14754098360656,5.321888194357185
B11001000,21,36.73770491803279,4.95521463810075
B11001000,22,36.32786885245902,4.8068302206012605
B11001000,23,35.950819672131146,4.660353288191846
B11001000,24,34.22950819672131,4.444165239520503
B11001001,1,22.40983606557377,3.0748959688137654
B11001001,2,11.475409836065573,2.6402096127481083
B11001001,3,9.245901639344263,2.2590853923650855
B11001001,4,8.049180327868852,1.5829649448620737
B11001001,5,7.491803278688525,1.2230431117111138
B11001001,6,7.524590163934426,1.1957103297580634
B11001001,7,7.278688524590164,0.907729062288992
B11001001,8,7.049180327868853,0.6120706459867038
B11001001,9,8.655737704918034,2.5407191824340156
B11001001,10,23.83606557377049,4.949516710531567
B11001001,11,24.491803278688526,3.262418648290032
B11001001,12,27.508196721311474,3.5695568481883386
B11001001,13,31.442622950819672,5.835236632969733
B11001001,14,31.327868852459016,6.064466004293086
B11001001,15,29.852459016393443,5.716917848888796
B11001001,16,27.442622950819672,5.987759618695171
B11001001,17,26.918032786885245,5.157503151043476
B11001001,18,29.491803278688526,4.79283259557118
B11001001,19,33.36065573770492,4.766800442147118
B11001001,20,33.75409836065574,4.2567429159652415
B11001001,21,33.08196721311475,3.4130659356203816
B11001001,22,32.049180327868854,2.588918563442581
B11001001,23,31.0327868852459,2.442567938647761
B11001001,24,29.475409836065573,2.6894240798384192
B11001003,1,29.295081967213115,2.445097217518649
B11001003,2,23.983606557377048,3.185478337494312
B11001003,3,13.39344262295082,1.2966373726744387
B11001003,4,12.147540983606557,1.3650925096108886
B11001003,5,11.147540983606557,1.353030182423826
B11001003,6,10.770491803278688,1.3231041819003984
B11001003,7,10.918032786885245,1.2968446191190888
B11001003,8,11.62295081967213,0.9437270796474921
B11001003,9,12.295081967213115,1.3711818797591135
B11001003,10,22.491803278688526,4.043302297565376
B11001003,11,27.57377049180328,3.6370543674677385
B11001003,12,29.60655737704918,4.801907710123545
B11001003,13,34.78688524590164,6.628588738107279
B11001003,14,35.31147540983606,6.997753699549539
B11001003,15,34.14754098360656,6.659976038882144
B11001003,16,33.08196721311475,6.484015862399093
B11001003,17,31.60655737704918,5.637342382005352
B11001003,18,31.0,5.063530809849495
B11001003,19,34.42622950819672,4.85007695187708
B11001003,20,34.68852459016394,4.650192957768236
B11001003,21,33.59016393442623,3.8041265307097887
B11001003,22,32.0,3.0027309973793774
B11001003,23,30.39344262295082,2.5432565191340233
B11001003,24,30.37704918032787,2.4505866438917514
B11001004,1,16.983606557377048,4.385115671423079
B11001004,2,12.852459016393443,2.6166933555869334
B11001004,3,12.01639344262295,2.3434023414103464
B11001004,4,11.540983606557377,1.615232516295554
B11001004,5,11.21311475409836,0.7039642804453734
B11001004,6,11.131147540983607,0.7123134748328009
B11001004,7,11.049180327868852,0.711180720114225
B11001004,8,12.262295081967213,0.7872267018716702
B11001004,9,13.032786885245901,1.3178125580630422
B11001004,10,21.360655737704917,3.653127054309239
B11001004,11,28.311475409836067,5.5383639165683345
B11001004,12,31.918032786885245,7.090272907340335
B11001004,13,35.50819672131148,8.40691158047689
B11001004,14,35.59016393442623,9.247732640464847
B11001004,15,34.63934426229508,9.150889568663636
B11001004,16,33.65573770491803,8.125824540056932
B11001004,17,32.295081967213115,7.25494576878666
B11001004,18,33.16393442622951,6.511478711636362
B11001004,19,36.868852459016395,5.938138500160139
B11001004,20,37.442622950819676,5.508635813880335
B11001004,21,36.377049180327866,5.18877708965281
B11001004,22,35.85245901639344,4.314808908914912
B11001004,23,34.65573770491803,4.1563115974546125
B11001004,24,26.868852459016395,6.336145101615292
B11001005,1,31.508196721311474,4.063524073476981
B11001005,2,16.737704918032787,5.178459924689498
B11001005,3,9.180327868852459,2.2434472648598036
B11001005,4,7.704918032786885,1.9020632653548946
B11001005,5,8.327868852459016,1.9977143617957278
B11001005,6,7.327868852459017,0.8242495140968219
B11001005,7,7.327868852459017,0.7834625013343292
B11001005,8,8.508196721311476,0.8021068736213159
B11001005,9,11.688524590163935,3.748402866911988
B11001005,10,25.704918032786885,5.8122094844940015
B11001005,11,30.24590163934426,5.844026620222238
B11001005,12,31.75409836065574,5.21553712149909
B11001005,13,35.950819672131146,7.227965338509516
B11001005,14,35.90163934426229,7.595738490376675
B11001005,15,34.459016393442624,7.85018277012207
B11001005,16,31.901639344262296,7.4055914144514
B11001005,17,30.19672131147541,6.679598672864219
B11001005,18,31.721311475409838,6.608814649157404
B11001005,19,38.0,5.285302851257267
B11001005,20,38.278688524590166,5.51638735293065
B11001005,21,38.21311475409836,5.2012443470119045
B11001005,22,36.21311475409836,3.996370296182343
B11001005,23,35.91803278688525,3.8890138746162637
B11001005,24,34.40983606557377,3.663631850197457
B11001006,1,13.770491803278688,4.517337975077839
B11001006,2,10.524590163934427,2.6402096127481083
B11001006,3,8.655737704918034,1.365682990141543
B11001006,4,8.19672131147541,1.142612366768959
B11001006,5,8.442622950819672,1.016657818604174
B11001006,6,8.19672131147541,1.8538367138658591
B11001006,7,8.081967213114755,1.7676054189093808
B11001006,8,8.540983606557377,0.9679075028934759
B11001006,9,10.114754098360656,1.0097615471760324
B11001006,10,17.9672131147541,1.8988107849928209
B11001006,11,20.065573770491802,2.774998759172763
B11001006,12,26.950819672131146,4.347323387972536
B11001006,13,29.57377049180328,4.414800058200073
B11001006,14,30.016393442622952,4.50679560939644
B11001006,15,29.19672131147541,4.827583559162219
B11001006,16,26.704918032786885,5.103339511889176
B11001006,17,26.62295081967213,4.487373668439508
B11001006,18,27.21311475409836,4.319664354365102
B11001006,19,31.60655737704918,3.7559949393486662
B11001006,20,32.9344262295082,3.801935885054627
B11001006,21,31.62295081967213,3.295122746668792
B11001006,22,30.065573770491802,3.1925571869739304
B11001006,23,29.114754098360656,2.9978044460753996
B11001006,24,22.704918032786885,4.726431649862543
B11001007,1,15.868852459016393,2.999865624510022
B11001007,2,10.557377049180328,2.258133497076911
B11001007,3,9.737704918032787,2.6851237987411265
B11001007,4,9.262295081967213,2.296837735900771
B11001007,5,9.065573770491802,1.8185641287729046
B11001007,6,8.59016393442623,1.8410354283759285
B11001007,7,8.639344262295081,1.4489429373104494
B11001007,8,8.868852459016393,0.9139252370338595
B11001007,9,9.540983606557377,1.235722002953623
B11001007,10,15.540983606557377,2.6213109627943196
B11001007,11,22.508196721311474,5.0232996497458515
B11001007,12,28.24590163934426,4.984091865930051
B11001007,13,31.704918032786885,6.621733372926898
B11001007,14,31.78688524590164,6.956809976735404
B11001007,15,30.934426229508198,6.906563408339228
B11001007,16,30.37704918032787,7.1909869233650765
B11001007,17,29.868852459016395,6.891371202003664
B11001007,18,32.885245901639344,7.5619807463643305
B11001007,19,36.34426229508197,6.256498905470384
B11001007,20,36.721311475409834,5.347379157475439
B11001007,21,35.60655737704918,5.310918813176351
B11001007,22,34.80327868852459,4.658219149379319
B11001007,23,34.16393442622951,4.402608496047607
B11001007,24,32.34426229508197,3.9954287235914556
B11001008,1,17.557377049180328,3.7961351794235236
B11001008,2,10.0,1.933314490204009
B11001008,3,9.01639344262295,1.8061080634907154
B11001008,4,8.524590163934427,2.0534381993602278
B11001008,5,8.737704918032787,2.0478028156888115
B11001008,6,8.19672131147541,1.2521414068149712
B11001008,7,7.786885245901639,1.2689837692041723
B11001008,8,8.049180327868852,0.8949078074725365
B11001008,9,9.442622950819672,2.243567052737448
B11001008,10,24.459016393442624,4.2099560781627074
B11001008,11,27.60655737704918,4.524174369110646
B11001008,12,30.80327868852459,5.961130028561252
B11001008,13,34.49180327868852,7.610654634215162
B11001008,14,35.16393442622951,7.5708247766659325
B11001008,15,33.967213114754095,7.684276501273541
B11001008,16,32.59016393442623,6.87207952677396
B11001008,17,32.36065573770492,6.4223809151426385
B11001008,18,33.704918032786885,6.335805775854161
B11001008,19,35.59016393442623,6.356556055849606
B11001008,20,35.77049180327869,5.973694912336127
B11001008,21,34.950819672131146,4.9270954750178
B11001008,22,33.32786885245902,4.280038729238782
B11001008,23,32.09836065573771,3.818440665484941
B11001008,24,30.098360655737704,3.0283086121225007
B11001009,1,8.508196721311476,0.6173170617627124
B11001009,2,8.40983606557377,1.0616573677830938
B11001009,3,8.37704918032787,1.0427569766419182
B11001009,4,8.163934426229508,1.0271770621521668
B11001009,5,8.032786885245901,0.8864593989898869
B11001009,6,8.229508196721312,0.7331370418032096
B11001009,7,7.918032786885246,0.6085479079760848
B11001009,8,9.19672131147541,0.5956033483470475
B11001009,9,9.229508196721312,2.651281426169709
B11001009,10,20.40983606557377,5.683963778510607
B11001009,11,30.295081967213115,6.438471110378847
B11001009,12,32.47540983606557,5.202794196870103
B11001009,13,35.36065573770492,5.27609140876223
B11001009,14,35.19672131147541,5.796606333701339
B11001009,15,33.59016393442623,5.735643657851036
B11001009,16,32.36065573770492,5.581094513036908
B11001009,17,31.934426229508198,5.281793201639552
B11001009,18,34.049180327868854,5.579312577400044
B11001009,19,38.49180327868852,5.529719854225778
B11001009,20,38.78688524590164,5.429472558685605
B11001009,21,37.63934426229508,5.01810749672589
B11001009,22,35.63934426229508,4.841869259972206
B11001009,23,21.540983606557376,5.370147509931154
B11001009,24,9.868852459016393,1.9956954483322233
B11001010,1,8.229508196721312,1.2980874029396168
B11001010,2,7.262295081967213,2.691222157275738
B11001010,3,6.770491803278689,2.3003452529391537
B11001010,4,6.426229508196721,1.8944181717934059
B11001010,5,6.19672131147541,2.7270332894332197
B11001010,6,6.278688524590164,1.9174021661919274
B11001010,7,5.934426229508197,1.587542202449407
B11001010,8,5.950819672131147,0.9308242338739928
B11001010,9,10.62295081967213,4.56703776157085
B11001010,10,19.918032786885245,4.6068198980094195
B11001010,11,19.491803278688526,4.167095740695238
B11001010,12,24.131147540983605,4.788905928771738
B11001010,13,27.524590163934427,6.595096433198073
B11001010,14,27.278688524590162,7.052801205011332
B11001010,15,26.37704918032787,6.947493791374545
B11001010,16,25.065573770491802,6.970356089544474
B11001010,17,24.42622950819672,5.90487161030714
B11001010,18,26.16393442622951,5.504633898485513
B11001010,19,29.508196721311474,5.339684250564536
B11001010,20,30.081967213114755,4.62457825092462
B11001010,21,29.0,4.405659549440216
B11001010,22,27.524590163934427,3.5464438775055633
B11001010,23,26.37704918032787,3.1940720421894135
B11001010,24,18.131147540983605,3.3704375832852653
B11001011,1,9.557377049180328,1.7881631766588042
B11001011,2,8.59016393442623,1.9109438847079083
B11001011,3,7.557377049180328,1.509799575928295
B11001011,4,7.229508196721311,1.2853964448467319
B11001011,5,7.032786885245901,1.3666665574207433
B11001011,6,7.114754098360656,1.0879121326581678
B11001011,7,8.19672131147541,0.8061174329930653
B11001011,8,7.245901639344262,0.880680394659888
B11001011,9,11.147540983606557,2.8216729462383587
B11001011,10,22.131147540983605,3.4187305180842844
B11001011,11,22.18032786885246,3.605588543492037
B11001011,12,28.62295081967213,5.814520925041481
B11001011,13,33.032786885245905,5.694308959685328
B11001011,14,33.26229508196721,5.961355438742516
B11001011,15,30.983606557377048,5.865966870057547
B11001011,16,29.18032786885246,5.330113020427879
B11001011,17,27.049180327868854,4.775024605577997
B11001011,18,30.950819672131146,4.893710347730224
B11001011,19,34.01639344262295,4.347570654894669
B11001011,20,35.377049180327866,4.338784049750365
B11001011,21,33.78688524590164,3.4835197674820293
B11001011,22,32.77049180327869,3.164316633671405
B11001011,23,31.16393442622951,3.626768999088481
B11001011,24,24.40983606557377,4.166128246140466
B11001012,1,19.24590163934426,4.668189306375787
B11001012,2,9.524590163934427,3.4193593368725304
B11001012,3,8.655737704918034,3.0130059382052847
B11001012,4,8.098360655737705,2.302563916862877
B11001012,5,7.983606557377049,2.2867530368975744
B11001012,6,7.377049180327869,1.133165223526915
B11001012,7,8.01639344262295,0.5276549816206912
B11001012,8,8.0,0.652862549237373
B11001012,9,10.131147540983607,2.1230615832868294
B11001012,10,21.0327868852459,4.5519486481687945
B11001012,11,22.688524590163933,3.5966331414690265
B11001012,12,25.19672131147541,4.378860066239814
B11001012,13,29.40983606557377,5.918509585261345
B11001012,14,29.934426229508198,6.598233376228888
B11001012,15,29.065573770491802,6.868480759926167
B11001012,16,28.16393442622951,6.584084954207734
B11001012,17,27.24590163934426,6.268986211619285
B11001012,18,29.475409836065573,5.60622182870872
B11001012,19,33.31147540983606,5.526511316496379
B11001012,20,33.52459016393443,4.901008786680184
B11001012,21,32.80327868852459,4.337483111437419
B11001012,22,31.0327868852459,3.657317897104891
B11001012,23,30.24590163934426,3.433946912833867
B11001012,24,27.885245901639344,3.3047326255565115
B11001013,1,20.262295081967213,6.97278465751953
B11001013,2,10.868852459016393,4.927259105192974
B11001013,3,7.0,1.305725098474746
B11001013,4,6.360655737704918,1.086923570770543
B11001013,5,6.262295081967213,1.0697270885951116
B11001013,6,5.983606557377049,1.0478988075079927
B11001013,7,5.983606557377049,1.0161289978565073
B11001013,8,6.836065573770492,1.1477751517517572
B11001013,9,7.377049180327869,1.747728590797064
B11001013,10,16.885245901639344,2.680215067561714
B11001013,11,20.540983606557376,3.366049250547042
B11001013,12,24.557377049180328,5.094273835102923
B11001013,13,28.65573770491803,6.610684957198644
B11001013,14,30.327868852459016,7.107422376309104
B11001013,15,29.83606557377049,6.9781399369249275
B11001013,16,27.60655737704918,7.120229063649499
B11001013,17,26.131147540983605,6.654162779020894
B11001013,18,27.59016393442623,6.496851820665366
B11001013,19,33.24590163934426,5.221819724600498
B11001013,20,33.09836065573771,4.525718557322293
B11001013,21,31.918032786885245,3.7604284808490585
B11001013,22,30.78688524590164,2.903444839781043
B11001013,23,29.704918032786885,2.8362077098846696
B11001013,24,28.442622950819672,3.005593638556117
B11001014,1,19.639344262295083,5.527969973600115
B11001014,2,10.426229508196721,1.693372001130063
B11001014,3,9.508196721311476,2.200021988114203
B11001014,4,9.327868852459016,1.8262324513617862
B11001014,5,9.098360655737705,1.6860558109968635
B11001014,6,9.262295081967213,1.618556727501309
B11001014,7,9.032786885245901,0.9575791387875562
B11001014,8,9.065573770491802,1.687648985131959
B11001014,9,16.39344262295082,5.372298981355052
B11001014,10,27.737704918032787,7.458962348930494
B11001014,11,27.42622950819672,5.3083880928251
B11001014,12,28.737704918032787,5.19426429996055
B11001014,13,33.39344262295082,5.478059631719528
B11001014,14,33.09836065573771,5.538849137823378
B11001014,15,31.311475409836067,5.672889175160891
B11001014,16,28.0327868852459,5.524809063134246
B11001014,17,27.737704918032787,5.785515093449605
B11001014,18,30.34426229508197,5.825003330475765
B11001014,19,34.60655737704918,4.69138970121595
B11001014,20,35.18032786885246,4.778737732783786
B11001014,21,34.63934426229508,4.534142921106971
B11001014,22,33.442622950819676,4.437266143138929
B11001014,23,33.885245901639344,4.659199821033572
B11001014,24,32.50819672131148,4.650481909876396
B11001015,1,23.885245901639344,4.541604976129531
B11001015,2,12.21311475409836,2.4301032434274767
B11001015,3,10.672131147540984,1.9053101935432968
B11001015,4,9.819672131147541,1.3731404322211094
B11001015,5,9.934426229508198,2.1183728093307876
B11001015,6,9.655737704918034,2.209407946076255
B11001015,7,9.39344262295082,1.4962103880792965
B11001015,8,9.114754098360656,0.6298154987638868
B11001015,9,11.19672131147541,2.1940281999110303
B11001015,10,15.80327868852459,6.01042720210809
B11001015,11,21.57377049180328,4.2095092054305665
B11001015,12,27.098360655737704,4.59045666513884
B11001015,13,29.918032786885245,4.94989677642733
B11001015,14,29.278688524590162,5.657234299494454
B11001015,15,28.295081967213115,6.210367488123683
B11001015,16,27.901639344262296,6.256026387812747
B11001015,17,27.24590163934426,6.152850166439375
B11001015,18,28.721311475409838,6.049335819228649
B11001015,19,32.24590163934426,4.944464491234545
B11001015,20,33.049180327868854,4.384870521699817
B11001015,21,32.868852459016395,4.41857261217368
B11001015,22,32.08196721311475,3.850889111587698
B11001015,23,31.39344262295082,3.484291157417631
B11001015,24,29.9672131147541,3.4354335546886166
B11001016,1,7.60655737704918,1.2450385276096738
B11001016,2,6.934426229508197,1.9824546174204556
B11001016,3,6.737704918032787,1.8098241862285356
B11001016,4,6.229508196721311,1.395466225903634
B11001016,5,6.032786885245901,1.1009267796971027
B11001016,6,5.573770491803279,0.639134055397309
B11001016,7,5.622950819672131,0.6315200093199417
B11001016,8,5.573770491803279,0.6129481670767186
B11001016,9,7.131147540983607,2.2794549955180763
B11001016,10,26.459016393442624,4.917595608984308
B11001016,11,25.16393442622951,4.498379773414425
B11001016,12,26.885245901639344,4.184665059576915
B11001016,13,29.131147540983605,5.142160704989351
B11001016,14,29.147540983606557,6.1878677319406625
B11001016,15,28.0327868852459,6.3114966999853825
B11001016,16,27.114754098360656,6.111259054778675
B11001016,17,27.327868852459016,5.821726721135852
B11001016,18,29.75409836065574,5.716400729637539
B11001016,19,32.19672131147541,5.446670428656233
B11001016,20,32.98360655737705,4.664100086371937
B11001016,21,32.36065573770492,4.032786885245902
B11001016,22,31.37704918032787,3.8246994285685734
B11001016,23,28.934426229508198,3.665831833491979
B11001016,24,16.049180327868854,4.170254658687108
B11001017,1,14.327868852459016,2.0059036757957283
B11001017,2,12.901639344262295,2.316759452712067
B11001017,3,12.754098360655737,2.6405149628460176
B11001017,4,12.62295081967213,2.5489562918789255
B11001017,5,12.442622950819672,2.3575799634505343
B11001017,6,12.442622950819672,2.8256703261810543
B11001017,7,12.459016393442623,3.216625716450588
B11001017,8,12.360655737704919,2.611656009315099
B11001017,9,17.327868852459016,2.8035183484937827
B11001017,10,27.721311475409838,2.34787066097943
B11001017,11,34.85245901639344,3.328151486019546
B11001017,12,38.36065573770492,4.11726786254857
B11001017,13,40.77049180327869,4.429385638570966
B11001017,14,41.114754098360656,4.652157478184446
B11001017,15,39.21311475409836,4.595488714795751
B11001017,16,36.295081967213115,4.795299140381171
B11001017,17,35.42622950819672,3.8854879913509635
B11001017,18,39.09836065573771,3.9326498722195478
B11001017,19,44.34426229508197,3.218212750619584
B11001017,20,44.34426229508197,3.3626943037364576
B11001017,21,44.40983606557377,2.8936167690128545
B11001017,22,43.50819672131148,2.236969193890582
B11001017,23,40.885245901639344,2.1811289049912026
B11001017,24,28.59016393442623,4.705689089728631
B11001018,1,39.868852459016395,3.76992155345642
B11001018,2,35.26229508196721,4.334012033482286
B11001018,3,19.278688524590162,4.711795966598291
B11001018,4,13.163934426229508,4.216207323225625
B11001018,5,11.918032786885245,4.270735652708847
B11001018,6,11.081967213114755,4.1618685981699635
B11001018,7,10.721311475409836,2.987027402998131
B11001018,8,10.508196721311476,1.4668238333290187
B11001018,9,13.147540983606557,2.5724649502862995
B11001018,10,23.78688524590164,3.7813812815778793
B11001018,11,31.508196721311474,3.835224792264772
B11001018,12,33.540983606557376,4.954129823814336
B11001018,13,38.09836065573771,6.1449830744015514
B11001018,14,39.032786885245905,6.50842383053384
B11001018,15,37.967213114754095,6.2409730565262835
B11001018,16,36.57377049180328,6.077259456753763
B11001018,17,34.9344262295082,5.5952815380872085
B11001018,18,37.36065573770492,4.909117602541401
B11001018,19,41.57377049180328,4.328551858673709
B11001018,20,42.442622950819676,4.014419053019223
B11001018,21,42.377049180327866,3.733604308001698
B11001018,22,41.295081967213115,3.36005592408125
B11001018,23,40.24590163934426,3.409993691186501
B11001018,24,39.65573770491803,3.268755445228273
B11001019,1,22.672131147540984,3.2376945424195656
B11001019,2,12.163934426229508,3.199284386525214
B11001019,3,10.01639344262295,2.790450949388039
B11001019,4,9.327868852459016,2.513708718961672
B11001019,5,9.491803278688524,2.7676287466590446
B11001019,6,8.918032786885245,1.8929990254620919
B11001019,7,9.0,1.783347377504579
B11001019,8,8.573770491803279,1.1082258217151193
B11001019,9,11.639344262295081,1.6598714831274937
B11001019,10,21.459016393442624,3.423993308997423
B11001019,11,26.540983606557376,4.2099560781627074
B11001019,12,27.524590163934427,5.446028955983566
B11001019,13,33.19672131147541,7.722268570384766
B11001019,14,34.50819672131148,9.427241570758218
B11001019,15,33.377049180327866,8.59882556682765
B11001019,16,30.901639344262296,7.416651442802594
B11001019,17,29.21311475409836,5.636865639052712
B11001019,18,30.557377049180328,5.116750346043429
B11001019,19,33.377049180327866,5.362785960662273
B11001019,20,33.622950819672134,5.362785960662273
B11001019,21,33.49180327868852,5.006955656375167
B11001019,22,31.60655737704918,4.1931978036432245
B11001019,23,30.18032786885246,3.4284642488462334
B11001019,24,28.80327868852459,2.9410585366114916
B11001020,1,32.442622950819676,2.865993892000026
B11001020,2,21.0327868852459,3.8409664644216317
B11001020,3,16.21311475409836,2.089118993058884
B11001020,4,14.59016393442623,1.749726434639519
B11001020,5,13.573770491803279,1.476138253703663
B11001020,6,12.754098360655737,1.4671902187058654
B11001020,7,13.147540983606557,1.303665268988265
B11001020,8,12.295081967213115,1.5717199756336897
B11001020,9,13.131147540983607,2.1688964470218
B11001020,10,22.557377049180328,2.03674917908162
B11001020,11,28.147540983606557,2.768890797471136
B11001020,12,31.80327868852459,3.949765181362871
B11001020,13,34.442622950819676,5.05226646158113
B11001020,14,34.59016393442623,5.32355436909087
B11001020,15,32.77049180327869,5.775565950901393
B11001020,16,32.32786885245902,6.20343984818209
B11001020,17,31.327868852459016,6.048225078959211
B11001020,18,32.950819672131146,5.623213682141454
B11001020,19,35.60655737704918,5.6402496413899685
B11001020,20,37.557377049180324,5.003358184272739
B11001020,21,36.967213114754095,4.398089052672518
B11001020,22,36.52459016393443,3.796489134722657
B11001020,23,35.049180327868854,3.122767947831931
B11001020,24,32.950819672131146,2.6514841467745214
B11001021,1,22.65573770491803,3.4350423955273306
B11001021,2,13.114754098360656,2.535636891932499
B11001021,3,9.688524590163935,1.4659074692529936
B11001021,4,8.852459016393443,1.4123119700616293
B11001021,5,8.524590163934427,1.2093428289513437
B11001021,6,8.524590163934427,1.1104061784836785
B11001021,7,8.278688524590164,1.2820468718699773
B11001021,8,8.426229508196721,1.247410647852249
B11001021,9,9.868852459016393,2.1384490307043054
B11001021,10,26.39344262295082,3.052967857431708
B11001021,11,28.16393442622951,2.841036106710808
B11001021,12,28.737704918032787,3.1565785552115937
B11001021,13,31.278688524590162,3.407470806393753
B11001021,14,30.918032786885245,3.42265874012938
B11001021,15,29.901639344262296,3.23254413347219
B11001021,16,28.081967213114755,2.9879269745899744
B11001021,17,27.62295081967213,2.954096541183188
B11001021,18,28.704918032786885,3.479891944313939
B11001021,19,31.0,3.2391053207156637
B11001021,20,31.065573770491802,3.0400002828894195
B11001021,21,30.80327868852459,2.935479250570412
B11001021,22,30.278688524590162,2.291331830774577
B11001021,23,29.278688524590162,2.1511045393119885
B11001021,24,27.704918032786885,2.1374434115418524
B11001022,1,16.24590163934426,4.2490335939044375
B11001022,2,8.163934426229508,2.0259005515771027
B11001022,3,7.377049180327869,1.621211188862441
B11001022,4,7.262295081967213,1.9577641927050635
B11001022,5,7.245901639344262,1.896119745344644
B11001022,6,7.786885245901639,1.8386983465980264
B11001022,7,8.295081967213115,1.2193019004450525
B11001022,8,7.229508196721311,0.6869615357297365
B11001022,9,9.78688524590164,1.1610446694836574
B11001022,10,23.557377049180328,3.447615427585049
B11001022,11,26.737704918032787,4.172123095744107
B11001022,12,28.770491803278688,5.01928556937957
B11001022,13,32.295081967213115,5.7640612455508915
B11001022,14,33.295081967213115,6.162669908661135
B11001022,15,31.9672131147541,6.553605472736898
B11001022,16,30.639344262295083,6.447855881736766
B11001022,17,29.21311475409836,5.474575375698881
B11001022,18,29.0,4.828195875255691
B11001022,19,32.22950819672131,4.0016121448897986
B11001022,20,32.278688524590166,3.5672974917696942
B11001022,21,31.737704918032787,2.7928576313504068
B11001022,22,30.59016393442623,2.3773318090881954
B11001022,23,29.639344262295083,2.195619983283006
B11001022,24,27.57377049180328,2.3640685712603746
B11001023,1,9.737704918032787,1.5566003239959632
B11001023,2,8.295081967213115,2.1143092682495546
B11001023,3,7.442622950819672,1.8244656991410149
B11001023,4,7.147540983606557,2.133542160342675
B11001023,5,7.065573770491803,1.5243257306371578
B11001023,6,7.39344262295082,1.120285217263599
B11001023,7,7.114754098360656,1.5586707310170114
B11001023,8,7.032786885245901,1.5988439790474243
B11001023,9,9.081967213114755,2.299644177516886
B11001023,10,21.491803278688526,2.2660932715577013
B11001023,11,26.491803278688526,3.22705240738189
B11001023,12,27.37704918032787,3.867323954797657
B11001023,13,29.9672131147541,4.482999629254231
B11001023,14,30.016393442622952,4.593265930770466
B11001023,15,28.114754098360656,4.024915682471844
B11001023,16,26.37704918032787,4.017029056430168
B11001023,17,25.852459016393443,3.5475046208857273
B11001023,18,27.442622950819672,3.877317773942316
B11001023,19,31.852459016393443,3.2128638242599665
B11001023,20,32.09836065573771,2.8555664250078925
B11001023,21,31.327868852459016,2.3865834793930425
B11001023,22,29.737704918032787,2.0073768818319886
B11001023,23,28.114754098360656,1.8474471589483024
B11001023,24,20.311475409836067,3.476105714433886
B11001024,1,28.540983606557376,4.014619882754772
B11001024,2,21.491803278688526,5.3027148964258055
B11001024,3,19.80327868852459,3.533538013032522
B11001024,4,19.491803278688526,2.9621821310807626
B11001024,5,18.540983606557376,2.6770045070710653
B11001024,6,19.42622950819672,2.6824200988417624
B11001024,7,20.24590163934426,2.330522615735863
B11001024,8,21.721311475409838,3.402656375712921
B11001024,9,29.0327868852459,4.012142280115896
B11001024,10,49.91803278688525,5.070955812406971
B11001024,11,52.032786885245905,4.787165947305474
B11001024,12,56.131147540983605,5.564746793868613
B11001024,13,58.09836065573771,6.742828413764392
B11001024,14,58.01639344262295,7.847922985699158
B11001024,15,56.52459016393443,8.37757850177161
B11001024,16,55.049180327868854,8.094576669553827
B11001024,17,53.0,7.204279238359816
B11001024,18,54.49180327868852,6.4008783998112
B11001024,19,54.967213114754095,5.272779505031522
B11001024,20,53.57377049180328,5.094062813445275
B11001024,21,50.032786885245905,4.948810796428209
B11001024,22,46.81967213114754,4.0670938459197625
B11001024,23,44.114754098360656,3.662384606387777
B11001024,24,41.377049180327866,3.2651359242975895
B11001025,1,21.18032786885246,4.789018163931854
B11001025,2,7.655737704918033,3.01844192737018
B11001025,3,5.688524590163935,1.5737704918032787
B11001025,4,5.639344262295082,1.6892406566968399
B11001025,5,5.918032786885246,3.786494905721671
B11001025,6,5.573770491803279,3.0485633079219396
B11001025,7,6.295081967213115,2.197944362241885
B11001025,8,7.098360655737705,1.4788666244385456
B11001025,9,10.98360655737705,2.808020148908891
B11001025,10,20.65573770491803,3.1304179048603307
B11001025,11,26.42622950819672,4.022310796550572
B11001025,12,28.9672131147541,4.427807854594083
B11001025,13,32.18032786885246,4.883925445925079
B11001025,14,32.19672131147541,5.159170323853384
B11001025,15,29.704918032786885,4.68812333488758
B11001025,16,27.885245901639344,4.6627170038042385
B11001025,17,26.491803278688526,4.478081229978342
B11001025,18,29.78688524590164,4.825189214325652
B11001025,19,32.50819672131148,3.3565348585085024
B11001025,20,32.49180327868852,2.939961808716324
B11001025,21,32.114754098360656,2.8173837454348636
B11001025,22,31.327868852459016,2.677907866260035
B11001025,23,30.65573770491803,2.5663985475704627
B11001025,24,29.475409836065573,2.74970375380217
B11001026,1,18.42622950819672,5.439560663290838
B11001026,2,10.360655737704919,1.8993768338308512
B11001026,3,8.737704918032787,1.6976516020983108
B11001026,4,8.639344262295081,2.752243715888439
B11001026,5,8.032786885245901,0.6520387475852898
B11001026,6,8.032786885245901,0.7235434914988167
B11001026,7,9.098360655737705,0.7175760205980095
B11001026,8,8.19672131147541,0.6970587418186656
B11001026,9,9.524590163934427,0.9339947234914173
B11001026,10,24.0,5.197729643086773
B11001026,11,29.721311475409838,4.105698349339605
B11001026,12,31.34426229508197,4.700489147555099
B11001026,13,33.73770491803279,5.172124652512094
B11001026,14,34.31147540983606,5.736112191115813
B11001026,15,33.377049180327866,5.3382748316201525
B11001026,16,31.59016393442623,5.032279570735666
B11001026,17,30.721311475409838,4.365029237845419
B11001026,18,31.901639344262296,4.151653504418102
B11001026,19,34.42622950819672,4.091009801164943
B11001026,20,35.67213114754098,3.381343759830488
B11001026,21,36.22950819672131,3.5269149786075444
B11001026,22,35.81967213114754,3.2768847497270666
B11001026,23,34.459016393442624,3.765998748473205
B11001026,24,31.9672131147541,3.8580008970702973
B11001027,1,10.737704918032787,2.660590587366341
B11001027,2,7.836065573770492,1.2304914101505056
B11001027,3,7.80327868852459,1.5557368411958423
B11001027,4,7.655737704918033,1.7638003483688873
B11001027,5,7.163934426229508,0.750526107689154
B11001027,6,7.098360655737705,0.8815953875245084
B11001027,7,7.032786885245901,0.8091123068362667
B11001027,8,7.081967213114754,0.6349153026569536
B11001027,9,8.704918032786885,0.7755328637714668
B11001027,10,21.40983606557377,3.0102396243615432
B11001027,11,26.360655737704917,4.353377384511395
B11001027,12,29.475409836065573,5.199642350175569
B11001027,13,34.26229508196721,5.598306650724805
B11001027,14,35.18032786885246,5.75314082920788
B11001027,15,33.14754098360656,6.013198776608741
B11001027,16,31.114754098360656,5.0606108639749765
B11001027,17,30.83606557377049,5.307527373021473
B11001027,18,32.75409836065574,4.445132676863015
B11001027,19,36.52459016393443,4.799612543710098
B11001027,20,37.08196721311475,4.670433974174322
B11001027,21,36.36065573770492,4.3871376339463515
B11001027,22,34.90163934426229,3.51439623820476
B11001027,23,33.49180327868852,2.962182131080762
B11001027,24,24.639344262295083,4.555784602074583
B11001028,1,25.34426229508197,2.635727080461234
B11001028,2,21.0327868852459,3.051294877587536
B11001028,3,9.032786885245901,2.2757971985676426
B11001028,4,6.836065573770492,1.6613280078896042
B11001028,5,6.180327868852459,1.6546823450420385
B11001028,6,5.852459016393443,1.3650925096108888
B11001028,7,5.885245901639344,1.5374916836319152
B11001028,8,6.885245901639344,1.718733432404086
B11001028,9,8.491803278688524,2.30909073595528
B11001028,10,18.852459016393443,2.4882416306007684
B11001028,11,24.442622950819672,2.138826015992506
B11001028,12,26.327868852459016,3.1763537786371687
B11001028,13,28.62295081967213,3.888461006308446
B11001028,14,28.278688524590162,3.7378487173948884
B11001028,15,26.34426229508197,3.333315416954448
B11001028,16,24.57377049180328,3.331218535451036
B11001028,17,23.59016393442623,3.1225097575892793
B11001028,18,24.78688524590164,3.025112132311959
B11001028,19,28.704918032786885,2.3771057087682124
B11001028,20,29.295081967213115,2.167904951451349
B11001028,21,28.9672131147541,2.3537010487131216
B11001028,22,28.62295081967213,2.0816444825377016
B11001028,23,27.262295081967213,2.246320410880084
B11001028,24,26.049180327868854,2.264669696961197
B11001029,1,17.557377049180328,4.362750636940988
B11001029,2,8.295081967213115,2.0513431209426556
B11001029,3,7.065573770491803,1.687648985131959
B11001029,4,6.426229508196721,1.614067424937391
B11001029,5,6.442622950819672,1.1238778033444332
B11001029,6,6.163934426229508,0.8134187691839527
B11001029,7,6.262295081967213,0.7661194390523229
B11001029,8,6.311475409836065,0.8206551482481197
B11001029,9,8.262295081967213,1.6782273956812757
B11001029,10,25.901639344262296,3.415033869369941
B11001029,11,27.19672131147541,3.6296577634413074
B11001029,12,28.098360655737704,4.063854739694478
B11001029,13,31.672131147540984,5.370597889222237
B11001029,14,30.737704918032787,5.476931171784763
B11001029,15,29.327868852459016,5.052904736671995
B11001029,16,27.40983606557377,4.458835579747684
B11001029,17,26.9672131147541,3.7894037470109714
B11001029,18,28.0,3.534374524394454
B11001029,19,30.81967213114754,2.939321861800118
B11001029,20,31.65573770491803,2.7986252239833838
B11001029,21,31.21311475409836,2.402967796857282
B11001029,22,29.770491803278688,2.083451129877673
B11001029,23,28.704918032786885,2.0672644655027947
B11001029,24,27.508196721311474,2.037540713218275
B11001030,1,35.14754098360656,4.475199658789009
B11001030,2,29.360655737704917,4.704489613212864
B11001030,3,16.049180327868854,5.415297789393464
B11001030,4,10.78688524590164,4.609735791647794
B11001030,5,9.39344262295082,3.460686412177385
B11001030,6,8.737704918032787,3.962536194567124
B11001030,7,9.819672131147541,3.8772484612424476
B11001030,8,13.01639344262295,3.1440383516551313
B11001030,9,14.80327868852459,3.5242470286649907
B11001030,10,21.721311475409838,4.012812053300555
B11001030,11,28.885245901639344,4.315805343062232
B11001030,12,30.770491803278688,5.16734209708371
B11001030,13,34.47540983606557,5.5769036516898085
B11001030,14,34.01639344262295,5.675636176600587
B11001030,15,32.14754098360656,5.1113376567942534
B11001030,16,31.262295081967213,4.96182686922264
B11001030,17,30.704918032786885,4.736825603350841
B11001030,18,34.0,4.700889347319048
B11001030,19,38.01639344262295,3.5781293916743087
B11001030,20,38.50819672131148,3.4050249791802862
B11001030,21,38.01639344262295,3.5964089707021873
B11001030,22,36.67213114754098,3.267933178859208
B11001030,23,35.885245901639344,3.626398478261723
B11001030,24,35.16393442622951,3.913743450838183
B11001031,1,26.934426229508198,2.9133320029327265
B11001031,2,20.18032786885246,4.937339154371401
B11001031,3,9.639344262295081,2.8286171497472274
B11001031,4,7.262295081967213,1.1721024873258674
B11001031,5,6.868852459016393,1.166125852051065
B11001031,6,6.344262295081967,0.5693034542355849
B11001031,7,6.131147540983607,0.712313474832801
B11001031,8,6.491803278688525,1.1106481761281524
B11001031,9,10.295081967213115,2.0751793309438242
B11001031,10,20.34426229508197,2.8908291731353604
B11001031,11,27.868852459016395,4.321032852531659
B11001031,12,29.885245901639344,5.163231802316299
B11001031,13,32.83606557377049,6.252030038496093
B11001031,14,33.49180327868852,6.60010668274353
B11001031,15,32.442622950819676,6.783597841669717
B11001031,16,30.114754098360656,6.06007726146641
B11001031,17,29.081967213114755,5.423975560801406
B11001031,18,29.21311475409836,4.676816747368967
B11001031,19,30.918032786885245,3.751699426804998
B11001031,20,31.24590163934426,3.3664484262674548
B11001031,21,30.57377049180328,2.7368703940602237
B11001031,22,29.540983606557376,2.6770045070710657
B11001031,23,28.65573770491803,2.380833618312405
B11001031,24,27.639344262295083,2.7041727736371044
B11001032,1,28.770491803278688,3.8256830210828587
B11001032,2,16.40983606557377,4.960093366322221
B11001032,3,9.344262295081966,2.0636212473496114
B11001032,4,8.688524590163935,3.1233703087307627
B11001032,5,8.21311475409836,2.857918273093889
B11001032,6,8.37704918032787,2.817765272113494
B11001032,7,8.049180327868852,2.153352167585645
B11001032,8,9.278688524590164,1.0263918585244938
B11001032,9,13.37704918032787,1.8831777679704103
B11001032,10,24.278688524590162,2.605990246581547
B11001032,11,28.0,4.231032893308949
B11001032,12,32.49180327868852,5.22171679205055
B11001032,13,37.40983606557377,6.194595871072817
B11001032,14,36.885245901639344,6.904734324148422
B11001032,15,34.65573770491803,6.232872258191964
B11001032,16,31.081967213114755,5.280012052790556
B11001032,17,30.475409836065573,4.55064959289114
B11001032,18,31.868852459016395,4.286752027519761
B11001032,19,35.0655737704918,4.195504434233466
B11001032,20,35.32786885245902,4.1200084015329335
B11001032,21,34.65573770491803,3.278770490778714
B11001032,22,33.63934426229508,3.067720822600698
B11001032,23,32.442622950819676,3.1701713775050004
B11001032,24,31.295081967213115,3.582032861310862
B11001033,1,23.21311475409836,5.683207228024293
B11001033,2,15.885245901639344,4.516266994153822
B11001033,3,8.147540983606557,1.4803196993402372
B11001033,4,7.409836065573771,1.540460322732263
B11001033,5,6.967213114754099,1.4482008410070673
B11001033,6,6.688524590163935,1.1948109611992523
B11001033,7,7.360655737704918,0.9756508863191156
B11001033,8,7.672131147540983,0.8819001741844437
B11001033,9,9.540983606557377,1.2489178330977644
B11001033,10,19.016393442622952,1.6245231661426223
B11001033,11,20.62295081967213,3.613108803660567
B11001033,12,23.21311475409836,20.222625499711594
B11001033,13,22.83606557377049,10.497744219622524
B11001033,14,20.950819672131146,5.798321491175083
B11001033,15,19.0,3.6753498774009907
B11001033,16,18.360655737704917,3.309364690084077
B11001033,17,18.524590163934427,3.8903266219531005
B11001033,18,24.737704918032787,4.9485935718298935
B11001033,19,28.18032786885246,8.711229227072398
B11001033,20,27.901639344262296,6.7888648415726
B11001033,21,26.229508196721312,3.9146360198574786
B11001033,22,25.639344262295083,3.506587649989266
B11001033,23,24.639344262295083,3.776687710390064
B11001033,24,23.934426229508198,3.719108179979977
B11001034,1,12.819672131147541,3.38031037822827
B11001034,2,10.442622950819672,2.905757936529257
B11001034,3,9.967213114754099,2.1113837674848446
B11001034,4,9.704918032786885,1.849627896074536
B11001034,5,9.39344262295082,0.7526714939835407
B11001034,6,9.62295081967213,0.6569660626070123
B11001034,7,9.508196721311476,1.7982044853510935
B11001034,8,9.60655737704918,1.1633570491285357
B11001034,9,16.42622950819672,2.1612004587117375
B11001034,10,25.19672131147541,2.7864994911422443
B11001034,11,28.672131147540984,3.3910263037370245
B11001034,12,30.37704918032787,3.7248123923544165
B11001034,13,34.26229508196721,5.20057260196764
B11001034,14,33.9344262295082,5.822142168041397
B11001034,15,32.19672131147541,5.455692386318714
B11001034,16,30.016393442622952,4.400043976228407
B11001034,17,28.327868852459016,3.5745975881526233
B11001034,18,29.557377049180328,3.673228758676979
B11001034,19,33.21311475409836,3.3832507120037856
B11001034,20,34.08196721311475,3.074458939295957
B11001034,21,33.52459016393443,2.5773703549914004
B11001034,22,32.68852459016394,2.743343560099534
B11001034,23,32.049180327868854,2.9444375427051757
B11001034,24,23.442622950819672,4.2523844426389585
B11001035,1,18.147540983606557,3.5934186908381003
B11001035,2,11.62295081967213,1.7097975570534327
B11001035,3,9.754098360655737,1.6362265435448087
B11001035,4,9.180327868852459,1.123638654963527
B11001035,5,8.98360655737705,0.8196721311475409
B11001035,6,9.032786885245901,0.9403036327672122
B11001035,7,9.229508196721312,0.9477054710029268
B11001035,8,9.344262295081966,0.8470826677222172
B11001035,9,13.311475409836065,3.1338500053373166
B11001035,10,24.540983606557376,6.774043445851866
B11001035,11,31.19672131147541,6.472690858917919
B11001035,12,32.0655737704918,6.533316513899156
B11001035,13,35.85245901639344,7.135310637082635
B11001035,14,36.60655737704918,7.243490437773609
B11001035,15,35.57377049180328,6.955264585587144
B11001035,16,32.52459016393443,6.622382705709996
B11001035,17,31.81967213114754,5.946505232711559
B11001035,18,34.40983606557377,5.576228966005809
B11001035,19,38.19672131147541,5.181365324627356
B11001035,20,39.0,4.9983603869045945
B11001035,21,38.131147540983605,4.9802080733280105
B11001035,22,37.442622950819676,3.90680192956468
B11001035,23,36.49180327868852,3.642296838038148
B11001035,24,34.032786885245905,3.8109729970298
B11001036,1,17.229508196721312,2.988466587568745
B11001036,2,12.049180327868852,1.3235103535697972
B11001036,3,10.672131147540984,1.019824984589888
B11001036,4,10.229508196721312,0.8943069965236626
B11001036,5,10.19672131147541,2.031067490715388
B11001036,6,10.114754098360656,2.0089827835942957
B11001036,7,10.37704918032787,1.719358767492052
B11001036,8,10.754098360655737,0.6931926069464254
B11001036,9,13.295081967213115,1.8138290473342593
B11001036,10,20.868852459016395,3.2566472240889226
B11001036,11,24.557377049180328,3.485447922217409
B11001036,12,25.475409836065573,3.7047004143254627
B11001036,13,28.327868852459016,4.56903803584127
B11001036,14,27.557377049180328,4.593382946219573
B11001036,15,25.672131147540984,4.187104760796211
B11001036,16,24.016393442622952,3.619128612080078
B11001036,17,23.868852459016395,2.825384986598101
B11001036,18,25.262295081967213,2.8045726090590004
B11001036,19,26.9672131147541,2.360655737704918
B11001036,20,26.557377049180328,2.1768121537964373
B11001036,21,26.688524590163933,1.9294183580071471
B11001036,22,25.704918032786885,2.129759951801557
B11001036,23,25.19672131147541,2.2384103854030535
B11001036,24,23.39344262295082,2.536802482825931
B11001037,1,10.836065573770492,2.284519017920635
B11001037,2,8.852459016393443,1.5239730815333905
B11001037,3,7.950819672131147,1.6137343871901264
B11001037,4,7.147540983606557,1.9148776066162414
B11001037,5,7.311475409836065,2.7552690720202615
B11001037,6,7.065573770491803,2.4012896293246633
B11001037,7,7.377049180327869,1.7940149534825511
B11001037,8,7.639344262295082,0.9756508863191153
B11001037,9,9.442622950819672,1.9377576204311089
B11001037,10,17.18032786885246,3.1126826589173793
B11001037,11,23.147540983606557,4.382663557116576
B11001037,12,27.983606557377048,5.487666658371263
B11001037,13,30.491803278688526,6.099241959939849
B11001037,14,31.360655737704917,6.337587033412135
B11001037,15,30.475409836065573,6.388017875132944
B11001037,16,28.885245901639344,5.7973944420387316
B11001037,17,28.18032786885246,5.747439049716572
B11001037,18,29.0327868852459,5.017893271982609
B11001037,19,31.42622950819672,4.7613850319771265
B11001037,20,31.39344262295082,4.399249893306478
B11001037,21,30.639344262295083,3.7549215218938783
B11001037,22,29.59016393442623,3.5407559125336356
B11001037,23,29.016393442622952,3.1957543724662774
B11001037,24,23.16393442622951,3.631286309008856
B11001038,1,7.639344262295082,2.096310473855184
B11001038,2,6.836065573770492,2.1130378090761477
B11001038,3,6.540983606557377,2.053176431470917
B11001038,4,6.573770491803279,2.796127394512342
B11001038,5,6.655737704918033,2.868056095557907
B11001038,6,6.557377049180328,3.1856470643324024
B11001038,7,7.60655737704918,2.6751968735555978
B11001038,8,6.39344262295082,1.8578913529845495
B11001038,9,8.01639344262295,2.3987141588139895
B11001038,10,20.62295081967213,4.784414363415859
B11001038,11,24.80327868852459,5.5687055096746
B11001038,12,26.950819672131146,6.101400617241261
B11001038,13,29.885245901639344,6.854694121323681
B11001038,14,30.147540983606557,6.986722925086331
B11001038,15,28.81967213114754,6.78838979125947
B11001038,16,27.737704918032787,6.437344018404429
B11001038,17,26.065573770491802,5.512634824072269
B11001038,18,25.934426229508198,4.779974800876771
B11001038,19,28.147540983606557,4.056308850940961
B11001038,20,27.885245901639344,3.7201196907227154
B11001038,21,27.16393442622951,3.344583719686975
B11001038,22,26.081967213114755,2.9879269745899744
B11001038,23,25.081967213114755,3.3007454794692204
B11001038,24,17.475409836065573,3.490533133111026
B11001039,1,17.229508196721312,3.582257931706911
B11001039,2,10.065573770491802,2.0793193436994004
B11001039,3,8.885245901639344,2.1355565992763363
B11001039,4,8.524590163934427,1.6850991835093587
B11001039,5,8.311475409836065,1.520795559778245
B11001039,6,8.819672131147541,2.688824453489358
B11001039,7,8.360655737704919,0.7472964800027201
B11001039,8,9.21311475409836,0.7706661818716827
B11001039,9,11.278688524590164,0.9603815420247089
B11001039,10,24.065573770491802,3.1303320541354838
B11001039,11,30.0327868852459,3.625805566182835
B11001039,12,31.131147540983605,4.0790364091794995
B11001039,13,34.049180327868854,5.701383868558771
B11001039,14,33.557377049180324,6.066637035739627
B11001039,15,32.14754098360656,4.968213933693203
B11001039,16,31.18032786885246,4.924040046984315
B11001039,17,29.934426229508198,4.044299175175893
B11001039,18,30.229508196721312,3.379753811108629
B11001039,19,32.63934426229508,3.0516471600891535
B11001039,20,32.98360655737705,3.1283568372135244
B11001039,21,32.557377049180324,3.175338320242089
B11001039,22,30.885245901639344,2.728708099147297
B11001039,23,29.901639344262296,2.5588478326354576
B11001039,24,29.16393442622951,2.806201141785652
B11001040,1,23.950819672131146,4.792159681198531
B11001040,2,13.573770491803279,3.0646531448347725
B11001040,3,12.557377049180328,2.452998099776281
B11001040,4,11.770491803278688,2.3003452529391537
B11001040,5,11.836065573770492,1.926351583156509
B11001040,6,11.491803278688524,1.8871693680207422
B11001040,7,11.459016393442623,1.5103334827909536
B11001040,8,11.836065573770492,2.00147755149607
B11001040,9,17.524590163934427,2.2587284786426016
B11001040,10,28.016393442622952,2.865806345365529
B11001040,11,31.114754098360656,3.254748665251837
B11001040,12,33.32786885245902,4.226075618152295
B11001040,13,36.60655737704918,4.613873194320066
B11001040,14,36.47540983606557,5.30575486317451
B11001040,15,34.704918032786885,5.270842351241596
B11001040,16,32.540983606557376,4.934235604400266
B11001040,17,31.737704918032787,4.497364034319317
B11001040,18,33.131147540983605,4.466543791036649
B11001040,19,37.32786885245902,4.280038729238782
B11001040,20,37.885245901639344,4.323395601803786
B11001040,21,37.22950819672131,3.880989575610631
B11001040,22,35.40983606557377,3.489455071273591
B11001040,23,33.9344262295082,3.0346029121982085
B11001040,24,31.983606557377048,2.737066775533161
B11001041,1,36.459016393442624,4.455881250778877
B11001041,2,22.21311475409836,5.341193929580621
B11001041,3,12.950819672131148,4.263555929526804
B11001041,4,11.442622950819672,3.375536825133732
B11001041,5,10.918032786885245,3.3451461384294725
B11001041,6,10.934426229508198,3.0346029121982085
B11001041,7,10.918032786885245,2.2418894400081597
B11001041,8,11.868852459016393,1.6142339180447438
B11001041,9,13.081967213114755,3.8890138746162637
B11001041,10,30.491803278688526,4.703061266109143
B11001041,11,36.868852459016395,6.507184956661281
B11001041,12,38.75409836065574,6.747569660121638
B11001041,13,43.21311475409836,8.012520436225412
B11001041,14,43.295081967213115,7.803623080979929
B11001041,15,41.65573770491803,7.425885708395471
B11001041,16,39.81967213114754,7.000019196042324
B11001041,17,38.73770491803279,7.348249795731472
B11001041,18,39.83606557377049,6.912047756809946
B11001041,19,43.49180327868852,6.502516412820935
B11001041,20,45.278688524590166,6.508836736090514
B11001041,21,44.39344262295082,5.76102987299385
B11001041,22,43.31147540983606,5.2776702001165825
B11001041,23,42.0,4.76324727367412
B11001041,24,39.442622950819676,4.411328895959325
B11001042,1,28.57377049180328,3.8981248808459497
B11001042,2,14.770491803278688,4.425683026373761
B11001042,3,10.245901639344263,1.8166419904518123
B11001042,4,9.245901639344263,1.8612153415717996
B11001042,5,9.278688524590164,2.2333621463510034
B11001042,6,9.098360655737705,1.7339892225806361
B11001042,7,8.836065573770492,1.4506112659428814
B11001042,8,9.245901639344263,1.1111320133003637
B11001042,9,10.39344262295082,2.2049027971927764
B11001042,10,24.262295081967213,3.714842358565462
B11001042,11,26.21311475409836,4.409805594385554
B11001042,12,29.62295081967213,4.770688971194452
B11001042,13,32.19672131147541,5.73119068145972
B11001042,14,32.295081967213115,6.364203843926738
B11001042,15,31.311475409836067,6.372432902891512
B11001042,16,30.0,6.119037747131462
B11001042,17,29.16393442622951,5.660273780868608
B11001042,18,31.57377049180328,5.6986021190516905
B11001042,19,34.91803278688525,4.986194323829607
B11001042,20,36.60655737704918,4.7916549334030965
B11001042,21,36.24590163934426,4.2451736827699476
B11001042,22,35.967213114754095,4.093045734023944
B11001042,23,35.459016393442624,3.5922218819153673
B11001042,24,33.63934426229508,3.2189642305482438
B11001043,1,31.540983606557376,5.576807273018048
B11001043,2,23.62295081967213,5.777752511102262
B11001043,3,12.704918032786885,1.5078403000087761
B11001043,4,11.672131147540984,1.0669600062474087
B11001043,5,11.327868852459016,1.019824984589888
B11001043,6,11.475409836065573,1.2753213336902771
B11001043,7,11.540983606557377,2.8662751889425504
B11001043,8,11.180327868852459,2.1916996677203797
B11001043,9,14.19672131147541,3.3526093196496305
B11001043,10,23.688524590163933,5.17415070596942
B11001043,11,28.475409836065573,6.213698661951881
B11001043,12,32.31147540983606,7.73016442809989
B11001043,13,39.34426229508197,8.348721794582236
B11001043,14,39.032786885245905,7.9794145253706965
B11001043,15,37.704918032786885,7.5364562318283905
B11001043,16,34.21311475409836,7.188594687210807
B11001043,17,32.59016393442623,6.587063947506151
B11001043,18,32.36065573770492,5.734659613393237
B11001043,19,35.81967213114754,4.7339312215678415
B11001043,20,35.868852459016395,3.9441818941698457
B11001043,21,35.131147540983605,3.609983469541489
B11001043,22,35.0,4.028586376971618
B11001043,23,33.83606557377049,3.9387953882442512
B11001043,24,32.98360655737705,4.671124424181667
B11001044,1,13.049180327868852,3.489686112561296
B11001044,2,7.524590163934426,1.125072782739245
B11001044,3,7.049180327868853,1.7027097931277098
B11001044,4,7.19672131147541,1.3406589049351392
B11001044,5,6.950819672131147,1.193235435087072
B11001044,6,7.163934426229508,2.692919239131943
B11001044,7,7.016393442622951,2.2139039272970416
B11001044,8,7.032786885245901,1.3301942803344784
B11001044,9,6.819672131147541,1.3120900199189338
B11001044,10,12.131147540983607,2.922358186751631
B11001044,11,25.442622950819672,6.194986312754128
B11001044,12,32.57377049180328,6.89371064370483
B11001044,13,34.50819672131148,7.239742208116892
B11001044,14,34.39344262295082,7.5645391189928715
B11001044,15,34.131147540983605,7.849977362055832
B11001044,16,31.852459016393443,7.471993754986005
B11001044,17,30.229508196721312,6.6908144585532545
B11001044,18,30.81967213114754,5.687225249631229
B11001044,19,33.65573770491803,4.569626185169296
B11001044,20,33.36065573770492,3.9214951434589334
B11001044,21,32.0,3.440358349615704
B11001044,22,30.557377049180328,3.159812145090297
B11001044,23,29.16393442622951,3.2802455319378825
B11001044,24,26.295081967213115,3.245901639344262
B11001045,1,9.557377049180328,2.819862746130429
B11001045,2,7.426229508196721,1.1082258217151195
B11001045,3,7.016393442622951,0.9833332953750048
B11001045,4,6.819672131147541,1.108953083625427
B11001045,5,6.639344262295082,0.830421320781242
B11001045,6,6.524590163934426,0.6429072639713959
B11001045,7,6.60655737704918,0.9457183673348168
B11001045,8,7.639344262295082,1.5260877538015778
B11001045,9,12.78688524590164,2.7167649161792258
B11001045,10,22.81967213114754,5.00657992200792
B11001045,11,28.262295081967213,4.742212388659553
B11001045,12,30.442622950819672,4.5214410518885195
B11001045,13,33.09836065573771,4.744988445226951
B11001045,14,32.98360655737705,4.433448878689931
B11001045,15,32.65573770491803,4.644352275866768
B11001045,16,28.491803278688526,4.727398171245727
B11001045,17,27.295081967213115,4.674115195642255
B11001045,18,26.950819672131146,4.462691349649442
B11001045,19,29.40983606557377,4.278719929537406
B11001045,20,30.24590163934426,4.264438301008946
B11001045,21,30.131147540983605,4.440777549092809
B11001045,22,29.475409836065573,4.557848778510769
B11001045,23,28.62295081967213,4.552657067540941
B11001045,24,22.18032786885246,5.684342015994208
B11001046,1,32.622950819672134,3.5490194186066195
B11001046,2,20.37704918032787,4.057633706073438
B11001046,3,14.98360655737705,2.994485660308472
B11001046,4,13.704918032786885,2.543679162513615
B11001046,5,13.065573770491802,2.0793193436994004
B11001046,6,12.688524590163935,2.028816853036719
B11001046,7,13.295081967213115,1.7773092786484577
B11001046,8,13.147540983606557,1.2258963341534375
B11001046,9,14.114754098360656,1.4268888620976359
B11001046,10,24.508196721311474,4.941039085049748
B11001046,11,28.60655737704918,4.613873194320067
B11001046,12,30.852459016393443,4.682846498689398
B11001046,13,34.24590163934426,5.506049542466511
B11001046,14,33.77049180327869,5.505268542527481
B11001046,15,31.9672131147541,5.250970911360978
B11001046,16,30.524590163934427,4.97734723399645
B11001046,17,30.42622950819672,5.360630671220283
B11001046,18,32.47540983606557,5.202794196870103
B11001046,19,39.08196721311475,5.005882054789746
B11001046,20,39.540983606557376,4.761780113800958
B11001046,21,38.459016393442624,4.198257915412228
B11001046,22,37.36065573770492,3.314314640649131
B11001046,23,36.19672131147541,3.156152836225045
B11001046,24,35.59016393442623,3.5035207078272967
B11001047,1,11.163934426229508,2.516700467199408
B11001047,2,8.655737704918034,1.9152985976308068
B11001047,3,8.0,2.0803530595692203
B11001047,4,7.967213114754099,1.7738280648818336
B11001047,5,7.80327868852459,1.0837045167894037
B11001047,6,7.590163934426229,0.7327703815943282
B11001047,7,7.639344262295082,0.8104398094628377
B11001047,8,8.950819672131148,0.8949078074725365
B11001047,9,8.540983606557377,0.9846988470610626
B11001047,10,14.491803278688524,2.392768824986091
B11001047,11,22.672131147540984,2.6284777834728144
B11001047,12,26.475409836065573,3.4858334251796905
B11001047,13,28.59016393442623,4.936903686108571
B11001047,14,27.65573770491803,5.238211576613265
B11001047,15,26.24590163934426,5.2406223435487345
B11001047,16,24.83606557377049,4.49108526030983
B11001047,17,23.65573770491803,4.052464321711207
B11001047,18,25.39344262295082,4.070198321685986
B11001047,19,29.491803278688526,3.4098360655737703
B11001047,20,30.39344262295082,3.567975448918465
B11001047,21,29.37704918032787,2.903722508680428
B11001047,22,28.442622950819672,2.6950141589331786
B11001047,23,28.081967213114755,3.270810206777685
B11001047,24,24.21311475409836,3.742160128783167
B11001053,1,14.344262295081966,1.0540358954543285
B11001053,2,14.573770491803279,0.8387933642928544
B11001053,3,14.557377049180328,1.1238778033444334
B11001053,4,14.442622950819672,0.932554928087075
B11001053,5,14.442622950819672,0.8782357531789425
B11001053,6,21.114754098360656,2.85782423633118
B11001053,7,59.83606557377049,17.250498047330282
B11001053,8,67.32786885245902,21.225349298309776
B11001053,9,102.29508196721312,39.96405937072364
B11001053,10,134.14754098360655,60.7096924407324
B11001053,11,148.88524590163934,66.76140495939737
B11001053,12,148.39344262295083,65.19662032086558
B11001053,13,156.0,68.61438935259504
B11001053,14,152.72131147540983,62.89729623513135
B11001053,15,156.31147540983608,66.67699015294521
B11001053,16,152.54098360655738,65.86836693714932
B11001053,17,147.45901639344262,67.70586670236015
B11001053,18,134.5737704918033,69.88549393710093
B11001053,19,112.62295081967213,59.146432325766135
B11001053,20,100.8688524590164,48.54251994844772
B11001053,21,87.11475409836065,41.834607354205154
B11001053,22,30.42622950819672,11.943115194014078
B11001053,23,15.01639344262295,1.74141268523141
B11001053,24,14.540983606557377,0.8791532903470112
B11001054,1,161.36065573770492,11.652105680224619
B11001054,2,160.44262295081967,12.2815663418252
B11001054,3,159.98360655737704,12.662700878964209
B11001054,4,159.98360655737704,12.741428238236127
B11001054,5,159.34426229508196,12.918261627331475
B11001054,6,166.24590163934425,15.298832847054982
B11001054,7,183.81967213114754,20.265053661229274
B11001054,8,198.9672131147541,25.872301293091105
B11001054,9,275.8688524590164,63.184475010003105
B11001054,10,390.57377049180326,106.572911856255
B11001054,11,424.21311475409834,114.04429895038679
B11001054,12,430.9672131147541,117.48902525839465
B11001054,13,434.1803278688525,115.557310768396
B11001054,14,435.3114754098361,115.19328603266553
B11001054,15,434.57377049180326,114.96663222486623
B11001054,16,434.9672131147541,115.0747393928469
B11001054,17,426.9344262295082,111.71404784970362
B11001054,18,407.9016393442623,104.99472350802048
B11001054,19,371.1475409836066,103.93311784872286
B11001054,20,349.40983606557376,97.01890588938386
B11001054,21,333.08196721311475,89.93573207756077
B11001054,22,270.39344262295083,63.037141975792466
B11001054,23,194.7704918032787,24.717680300348995
B11001054,24,167.0327868852459,12.982923479299114
B11001055,1,30.262295081967213,3.0776914881991
B11001055,2,29.278688524590162,2.5870493828955885
B11001055,3,28.852459016393443,2.6416342778962436
B11001055,4,29.262295081967213,2.73352975043865
B11001055,5,28.81967213114754,2.412455362511102
B11001055,6,32.68852459016394,3.8434145662527546
B11001055,7,79.9672131147541,30.23783712292622
B11001055,8,118.0327868852459,39.2135670789198
B11001055,9,187.85245901639345,70.43607404405873
B11001055,10,204.49180327868854,76.79686275841658
B11001055,11,219.2295081967213,84.91932399803191
B11001055,12,235.27868852459017,92.67360866256547
B11001055,13,257.04918032786884,102.14140411094007
B11001055,14,245.47540983606558,96.79056425990123
B11001055,15,229.98360655737704,90.84548073844566
B11001055,16,209.72131147540983,81.32370677438365
B11001055,17,200.9016393442623,81.01886137777977
B11001055,18,188.95081967213116,80.32157218546293
B11001055,19,172.8360655737705,74.39839155847055
B11001055,20,149.65573770491804,65.98531511890383
B11001055,21,112.39344262295081,47.18859221982926
B11001055,22,57.26229508196721,17.384656547001125
B11001055,23,34.131147540983605,4.843367646437707
B11001055,24,30.721311475409838,3.0197771470320736
B11001056,1,416.9016393442623,46.67912964970034
B11001056,2,414.37704918032784,45.92337307484449
B11001056,3,410.59016393442624,44.508380882993094
B11001056,4,404.7049180327869,40.92429807014733
B11001056,5,402.37704918032784,40.34123462370474
B11001056,6,401.6393442622951,40.37002328334573
B11001056,7,412.8196721311475,41.90563489506006
B11001056,8,422.5409836065574,52.63470580111779
B11001056,9,439.655737704918,66.68740025165657
B11001056,10,458.39344262295083,84.09387390964905
B11001056,11,480.8360655737705,97.88571126454661
B11001056,12,496.0163934426229,100.64146585422844
B11001056,13,482.327868852459,92.57725552056783
B11001056,14,502.73770491803276,101.28743414680854
B11001056,15,521.0,112.59313085066113
B11001056,16,523.0327868852459,110.17228939824054
B11001056,17,523.639344262295,104.78972430959766
B11001056,18,514.0819672131148,94.89913456081868
B11001056,19,497.55737704918033,86.95439252852827
B11001056,20,480.1803278688525,78.43186626489351
B11001056,21,466.42622950819674,69.85780851396323
B11001056,22,444.75409836065575,58.501409745576495
B11001056,23,432.73770491803276,55.06029530726077
B11001056,24,423.5245901639344,49.68147939950901
B11001057,1,42.78688524590164,8.964620358228192
B11001057,2,40.278688524590166,9.537039351471066
B11001057,3,40.65573770491803,9.401578601144406
B11001057,4,41.18032786885246,10.075954491208039
B11001057,5,47.032786885245905,12.326124745826
B11001057,6,60.90163934426229,12.954782543723896
B11001057,7,66.78688524590164,12.05875609235995
B11001057,8,71.18032786885246,13.100504553819029
B11001057,9,82.54098360655738,16.12408215254519
B11001057,10,89.8688524590164,15.144631045450456
B11001057,11,83.91803278688525,14.462268694855718
B11001057,12,86.14754098360656,13.657203786453278
B11001057,13,80.85245901639344,13.10091482924282
B11001057,14,89.08196721311475,12.917512679885032
B11001057,15,86.29508196721312,13.3825727908156
B11001057,16,79.19672131147541,12.14100175753348
B11001057,17,84.01639344262296,11.897777452289956
B11001057,18,73.06557377049181,9.681601365407289
B11001057,19,67.11475409836065,7.395387043941399
B11001057,20,68.93442622950819,7.354866466249486
B11001057,21,51.90163934426229,6.565445855367594
B11001057,22,41.42622950819672,6.3722220341293845
B11001057,23,44.442622950819676,6.341444708343791
B11001057,24,45.59016393442623,6.826604295155367
B11001058,1,11.688524590163935,3.0274210396036203
B11001058,2,11.19672131147541,2.9908037854376945
B11001058,3,11.491803278688524,3.155130876294457
B11001058,4,12.032786885245901,3.89184609199316
B11001058,5,13.262295081967213,4.116745648275925
B11001058,6,14.836065573770492,4.1258097183178055
B11001058,7,17.049180327868854,3.9314879738838493
B11001058,8,17.442622950819672,2.814043180508846
B11001058,9,23.885245901639344,5.307274193572619
B11001058,10,26.950819672131146,6.484347432334235
B11001058,11,26.868852459016395,6.705699581689521
B11001058,12,26.60655737704918,6.3123056724500906
B11001058,13,23.278688524590162,4.959280578249504
B11001058,14,22.934426229508198,5.14660114632094
B11001058,15,25.21311475409836,6.089805386263931
B11001058,16,25.19672131147541,5.771097211163001
B11001058,17,25.065573770491802,5.725607856509659
B11001058,18,23.049180327868854,4.986625487678728
B11001058,19,18.065573770491802,2.7631583998964975
B11001058,20,16.459016393442624,2.5580074884969877
B11001058,21,14.540983606557377,2.4865129345132613
B11001058,22,14.245901639344263,2.5327736219080803
B11001058,23,13.37704918032787,2.753024771233255
B11001058,24,12.147540983606557,2.7570242069718107
B11001060,1,27.83606557377049,2.7944929911644603
B11001060,2,27.049180327868854,2.075826752209051
B11001060,3,26.885245901639344,1.829613957810322
B11001060,4,26.75409836065574,1.8256437239282544
B11001060,5,26.75409836065574,1.656143433490105
B11001060,6,28.18032786885246,1.8687086513551432
B11001060,7,42.42622950819672,8.12092826882038
B11001060,8,57.22950819672131,18.374423994650247
B11001060,9,69.32786885245902,27.35002101565135
B11001060,10,75.34426229508196,31.974828853232296
B11001060,11,75.39344262295081,32.03291273025937
B11001060,12,74.70491803278688,31.641093980328336
B11001060,13,76.60655737704919,31.911906760116665
B11001060,14,75.19672131147541,31.03927690139828
B11001060,15,75.98360655737704,31.36380486875282
B11001060,16,75.50819672131148,31.161463670047038
B11001060,17,74.44262295081967,31.12298428006508
B11001060,18,71.50819672131148,28.584429414366614
B11001060,19,62.49180327868852,23.566872380470137
B11001060,20,53.950819672131146,18.920390795454722
B11001060,21,45.68852459016394,14.937620000046484
B11001060,22,39.885245901639344,11.810107314313361
B11001060,23,35.868852459016395,9.119382007096007
B11001060,24,30.80327868852459,5.26921051146526
B11001069,1,97.62295081967213,41.83776783627649
B11001069,2,94.14754098360656,41.2095150820475
B11001069,3,91.1311475409836,41.02756986280182
B11001069,4,94.37704918032787,41.194526110353515
B11001069,5,104.77049180327869,41.581598011629524
B11001069,6,109.90163934426229,43.76790684329898
B11001069,7,133.59016393442624,49.592892486918196
B11001069,8,228.4262295081967,98.63834572030864
B11001069,9,380.0163934426229,204.7484255471624
B11001069,10,430.75409836065575,231.8384581555113
B11001069,11,427.88524590163934,233.02375157633614
B11001069,12,419.1311475409836,226.33708181294813
B11001069,13,288.0163934426229,143.47644940732863
B11001069,14,441.3114754098361,243.65633827132504
B11001069,15,432.5081967213115,240.8287346663817
B11001069,16,426.44262295081967,239.49294281605438
B11001069,17,414.1639344262295,240.34873436136596
B11001069,18,387.59016393442624,229.39288203752386
B11001069,19,353.1311475409836,209.01035156809237
B11001069,20,305.75409836065575,182.0501332265198
B11001069,21,239.37704918032787,137.0159933149395
B11001069,22,168.9344262295082,93.92879564276492
B11001069,23,122.59016393442623,65.21927127678417
B11001069,24,102.77049180327869,46.133233084622375
B11001077,1,87.26229508196721,6.166811327234969
B11001077,2,49.114754098360656,5.169577972614613
B11001077,3,37.377049180327866,3.2094324835449886
B11001077,4,34.049180327868854,2.6883246626983177
B11001077,5,37.14754098360656,2.7029799315968708
B11001077,6,55.885245901639344,4.101572511937333
B11001077,7,74.73770491803279,6.0784533174647954
B11001077,8,107.67213114754098,7.6237792604658035
B11001077,9,122.29508196721312,9.092140836639155
B11001077,10,126.0327868852459,9.986822814999206
B11001077,11,131.9016393442623,9.470757267198318
B11001077,12,132.0327868852459,9.211481098962823
B11001077,13,129.39344262295083,9.786706756205264
B11001077,14,131.52459016393442,8.912335451086328
B11001077,15,129.37704918032787,9.277443002773579
B11001077,16,127.22950819672131,10.219546431536296
B11001077,17,121.08196721311475,8.88043545300514
B11001077,18,112.04918032786885,7.837334419529859
B11001077,19,110.14754098360656,5.682403282766234
B11001077,20,109.93442622950819,6.142752233214057
B11001077,21,106.26229508196721,6.483021050846088
B11001077,22,97.67213114754098,6.336781288442454
B11001077,23,94.57377049180327,4.69201979085956
B11001077,24,87.1311475409836,4.328613944803775
B11001078,1,75.98360655737704,7.545472648187598
B11001078,2,75.8360655737705,9.492327061626165
B11001078,3,74.49180327868852,7.361002584109582
B11001078,4,73.34426229508196,13.575393899911658
B11001078,5,79.70491803278688,8.932064660068356
B11001078,6,82.32786885245902,7.383458054005543
B11001078,7,130.52459016393442,12.052625803801453
B11001078,8,137.13114754098362,14.42388207428866
B11001078,9,145.0655737704918,15.805030172990753
B11001078,10,180.39344262295083,15.925316157167
B11001078,11,177.60655737704917,15.85619668754928
B11001078,12,179.59016393442624,14.578647139983254
B11001078,13,180.81967213114754,12.949470774326068
B11001078,14,184.4262295081967,14.443171869511351
B11001078,15,176.9344262295082,11.874851305311003
B11001078,16,169.88524590163934,13.395739915747548
B11001078,17,172.72131147540983,12.3462759335588
B11001078,18,170.31147540983608,12.591359232877226
B11001078,19,169.37704918032787,12.335692494766972
B11001078,20,163.2295081967213,12.099848857778362
B11001078,21,157.11475409836066,12.775615041696849
B11001078,22,137.78688524590163,10.701792027197541
B11001078,23,70.52459016393442,12.727415300911275
B11001078,24,64.68852459016394,10.502990961371014
B11001080,1,54.36065573770492,6.16450119473134
B11001080,2,56.16393442622951,6.826131871240764
B11001080,3,56.68852459016394,6.988376728438133
B11001080,4,60.67213114754098,6.70385578182109
B11001080,5,74.81967213114754,7.751273183037467
B11001080,6,66.59016393442623,7.949383003545617
B11001080,7,82.36065573770492,7.882399540801503
B11001080,8,100.59016393442623,8.922943440662202
B11001080,9,143.37704918032787,16.660706629402725
B11001080,10,153.52459016393442,11.546920045490591
B11001080,11,165.08196721311475,11.073961605417878
B11001080,12,163.9344262295082,10.873141601089577
B11001080,13,158.13114754098362,10.804485118836052
B11001080,14,159.08196721311475,10.858697627379604
B11001080,15,160.1639344262295,11.89459214202859
B11001080,16,157.50819672131146,12.577136361003166
B11001080,17,160.4262295081967,9.25496590918156
B11001080,18,151.7377049180328,7.699056019088169
B11001080,19,143.01639344262296,6.855635000132298
B11001080,20,143.9016393442623,5.877729343086766
B11001080,21,146.24590163934425,6.620028571343718
B11001080,22,123.47540983606558,6.943818001545819
B11001080,23,58.36065573770492,6.340173206728626
B11001080,24,56.59016393442623,7.189192820876935
B11001081,1,8.557377049180328,1.3247281213663555
B11001081,2,8.950819672131148,1.593287451123648
B11001081,3,12.0,2.716072381275556
B11001081,4,14.737704918032787,1.0227196039660476
B11001081,5,12.98360655737705,2.0763445438739287
B11001081,6,9.60655737704918,1.8041726547144399
B11001081,7,8.918032786885245,1.5289027670379065
B11001081,8,8.672131147540984,1.1267436247501366
B11001081,9,14.639344262295081,5.185202106136603
B11001081,10,32.557377049180324,5.7985995770147145
B11001081,11,57.65573770491803,6.573382107001228
B11001081,12,58.08196721311475,5.357070039560906
B11001081,13,58.75409836065574,4.411816241379759
B11001081,14,57.65573770491803,6.043246456539728
B11001081,15,56.40983606557377,5.2209447332405015
B11001081,16,56.59016393442623,5.649247880246517
B11001081,17,57.459016393442624,6.577591792336804
B11001081,18,62.0655737704918,6.269543483417238
B11001081,19,66.57377049180327,5.570587326345467
B11001081,20,58.91803278688525,4.545922626212987
B11001081,21,37.36065573770492,5.39590854983707
B11001081,22,11.688524590163935,6.255596795333659
B11001081,23,8.721311475409836,2.2260097914222348
B11001081,24,8.475409836065573,1.477775880621238
B11001082,1,11.508196721311476,0.8419912156325415
B11001082,2,11.40983606557377,0.8371898580199152
B11001082,3,11.065573770491802,0.7865436416980431
B11001082,4,10.967213114754099,0.6767136865754194
B11001082,5,10.967213114754099,0.6520387475852898
B11001082,6,10.770491803278688,0.6374499047614288
B11001082,7,10.721311475409836,0.6806734259680883
B11001082,8,11.901639344262295,2.696110848239184
B11001082,9,18.770491803278688,7.595066221282769
B11001082,10,51.52459016393443,8.668024066964572
B11001082,11,76.8688524590164,12.116207015961784
B11001082,12,78.45901639344262,9.818974221894214
B11001082,13,80.52459016393442,10.537375411825249
B11001082,14,80.42622950819673,8.11890935175902
B11001082,15,80.77049180327869,6.231578603313697
B11001082,16,79.67213114754098,5.394962165732543
B11001082,17,79.1639344262295,4.220093728540551
B11001082,18,83.45901639344262,5.61197130991756
B11001082,19,96.8360655737705,6.259891393466437
B11001082,20,98.27868852459017,5.525295474751638
B11001082,21,72.63934426229508,5.374599601968827
B11001082,22,23.24590163934426,5.296629728622576
B11001082,23,16.75409836065574,2.8724567522599656
B11001082,24,14.327868852459016,2.4940671338290445
B11001083,1,7.475409836065574,0.8017717547959005
B11001083,2,7.098360655737705,0.6194899550062684
B11001083,3,7.065573770491803,0.7436915555550002
B11001083,4,7.229508196721311,0.6374499047614289
B11001083,5,7.295081967213115,0.456079598139133
B11001083,6,7.475409836065574,0.6679196323758481
B11001083,7,9.426229508196721,1.1798724075702676
B11001083,8,7.524590163934426,0.7810576557096129
B11001083,9,9.655737704918034,2.5854907001784952
B11001083,10,16.327868852459016,6.061762205166139
B11001083,11,37.22950819672131,3.1694931208910098
B11001083,12,36.98360655737705,2.1385746998508717
B11001083,13,37.14754098360656,1.5023049566404862
B11001083,14,37.0,1.2675004445952593
B11001083,15,37.295081967213115,1.2193019004450525
B11001083,16,37.22950819672131,1.2725789308246132
B11001083,17,37.114754098360656,1.1748506798143552
B11001083,18,38.73770491803279,2.421905761891657
B11001083,19,41.885245901639344,1.7842513299378098
B11001083,20,41.49180327868852,1.2755320435361908
B11001083,21,41.39344262295082,1.3216815980817294
B11001083,22,39.77049180327869,2.411675443888361
B11001083,23,9.98360655737705,1.1663562889374266
B11001083,24,7.524590163934426,0.8017717547959005
B11001084,1,4.524590163934426,0.5612210743811045
B11001084,2,4.459016393442623,0.5887962293792778
B11001084,3,4.508196721311475,0.5901639344262294
B11001084,4,4.540983606557377,0.5887962293792778
B11001084,5,4.442622950819672,0.5874253399071776
B11001084,6,4.573770491803279,0.556894680375837
B11001084,7,4.491803278688525,0.5317139259090772
B11001084,8,4.885245901639344,1.102877914200273
B11001084,9,7.016393442622951,2.378122990923094
B11001084,10,16.475409836065573,3.4622391947799427
B11001084,11,34.40983606557377,1.1505814521551863
B11001084,12,36.131147540983605,3.36069572147346
B11001084,13,37.59016393442623,4.681239324417175
B11001084,14,37.80327868852459,4.518884499415096
B11001084,15,38.26229508196721,4.307453088502293
B11001084,16,37.032786885245905,3.249046332285245
B11001084,17,36.36065573770492,3.4118058623167893
B11001084,18,37.39344262295082,1.7299548797734976
B11001084,19,39.60655737704918,1.4962103880792965
B11001084,20,39.73770491803279,1.1580316729474989
B11001084,21,39.40983606557377,0.9645698808757804
B11001084,22,11.78688524590164,3.152489279753802
B11001084,23,5.377049180327869,1.4949525396954748
B11001084,24,4.721311475409836,0.5163283851811024
B11001085,1,5.590163934426229,0.49180327868852464
B11001085,2,5.557377049180328,0.5588216573462069
B11001085,3,5.704918032786885,0.456079598139133
B11001085,4,5.639344262295082,0.4801907710123544
B11001085,5,5.786885245901639,0.4829809791034831
B11001085,6,5.573770491803279,0.5855924950653033
B11001085,7,5.786885245901639,0.5466666229682973
B11001085,8,7.754098360655738,1.3749007440171643
B11001085,9,11.59016393442623,3.004788796376614
B11001085,10,19.147540983606557,4.445797667917204
B11001085,11,36.36065573770492,5.777380389083966
B11001085,12,36.50819672131148,5.632525423806387
B11001085,13,36.950819672131146,5.4725132222299715
B11001085,14,36.68852459016394,5.71320295343166
B11001085,15,36.9344262295082,5.4768330338457
B11001085,16,37.09836065573771,5.67913904244033
B11001085,17,37.68852459016394,5.957612525457969
B11001085,18,37.83606557377049,5.593263887367811
B11001085,19,38.049180327868854,5.372749180295606
B11001085,20,37.85245901639344,5.275480136873785
B11001085,21,36.42622950819672,4.503037286075367
B11001085,22,9.737704918032787,2.4820776552511656
B11001085,23,6.0,0.9053574604251853
B11001085,24,5.737704918032787,0.5089893343036074
B11001086,1,9.540983606557377,1.1952607300693892
B11001086,2,9.836065573770492,1.6112344098761462
B11001086,3,9.754098360655737,1.7240415508373648
B11001086,4,10.245901639344263,1.8523864776164636
B11001086,5,11.0,2.442787979902083
B11001086,6,10.639344262295081,1.942052209165041
B11001086,7,11.0,2.008179993239127
B11001086,8,11.672131147540984,2.0543541243043335
B11001086,9,20.918032786885245,7.078702951412417
B11001086,10,31.885245901639344,10.128839463332342
B11001086,11,56.57377049180328,8.827043053145266
B11001086,12,59.704918032786885,10.269075432539339
B11001086,13,59.36065573770492,10.524028379879057
B11001086,14,58.26229508196721,9.546953233575316
B11001086,15,58.78688524590164,9.220637498138478
B11001086,16,57.65573770491803,7.417050020942862
B11001086,17,58.59016393442623,8.312299891204733
B11001086,18,61.42622950819672,8.849301197554013
B11001086,19,67.8688524590164,7.501858589023594
B11001086,20,62.01639344262295,5.280622800075604
B11001086,21,18.83606557377049,4.763867859135751
B11001086,22,9.950819672131148,1.9704890755825206
B11001086,23,10.0,1.8197459739853983
B11001086,24,9.934426229508198,1.9907067075231315
B11001087,1,8.62295081967213,2.0176592055430085
B11001087,2,8.360655737704919,1.568467842605245
B11001087,3,8.21311475409836,1.6408190087935905
B11001087,4,8.262295081967213,1.658575720648097
B11001087,5,8.180327868852459,1.5418553516101634
B11001087,6,9.01639344262295,2.0364852660025625
B11001087,7,12.524590163934427,3.428934534975719
B11001087,8,16.983606557377048,2.6394969918136044
B11001087,9,20.557377049180328,3.4045513903169864
B11001087,10,27.262295081967213,2.9135164902838873
B11001087,11,38.21311475409836,4.26620249647504
B11001087,12,38.40983606557377,3.8256127728613096
B11001087,13,38.75409836065574,5.139546888572316
B11001087,14,39.032786885245905,4.811077426498396
B11001087,15,38.60655737704918,3.558774372391866
B11001087,16,38.77049180327869,4.110735415928502
B11001087,17,40.08196721311475,4.750479119812808
B11001087,18,40.40983606557377,3.677031273938114
B11001087,19,40.9344262295082,3.7058608984494112
B11001087,20,41.75409836065574,3.957378407377495
B11001087,21,41.57377049180328,4.162514279573569
B11001087,22,40.278688524590166,4.468949880467513
B11001087,23,14.754098360655737,3.452989855349253
B11001087,24,9.344262295081966,2.055661880579309
B11001088,1,108.81967213114754,14.341854598869874
B11001088,2,104.45901639344262,13.267208151953907
B11001088,3,110.75409836065573,13.210348325292982
B11001088,4,103.36065573770492,14.07478012743296
B11001088,5,107.11475409836065,10.206231398795635
B11001088,6,112.75409836065573,9.278311989116036
B11001088,7,185.0327868852459,12.387152536841368
B11001088,8,263.0163934426229,37.057107812830736
B11001088,9,319.7704918032787,29.79844502633716
B11001088,10,375.60655737704917,17.733249948109275
B11001088,11,524.9016393442623,20.181719465675833
B11001088,12,523.0327868852459,19.150796938530043
B11001088,13,523.4098360655738,21.672961964184644
B11001088,14,516.8360655737705,20.027997066294557
B11001088,15,518.6065573770492,22.03892137472844
B11001088,16,512.4098360655738,29.956458593240548
B11001088,17,506.27868852459017,23.175829090190863
B11001088,18,507.3114754098361,20.560618877914106
B11001088,19,501.1803278688525,18.928258167870364
B11001088,20,476.9836065573771,18.393238069053396
B11001088,21,471.5409836065574,16.69158398959483
B11001088,22,256.1967213114754,26.495789750375497
B11001088,23,131.7704918032787,19.057629118727807
B11001088,24,111.95081967213115,18.641067152232438
B11001089,1,136.36065573770492,10.870373011358609
B11001089,2,127.60655737704919,11.970289296974627
B11001089,3,129.9672131147541,10.834019300355882
B11001089,4,126.50819672131148,12.222825933366076
B11001089,5,129.36065573770492,11.020149632861788
B11001089,6,127.68852459016394,11.519820387384174
B11001089,7,153.75409836065575,14.421813780230165
B11001089,8,224.2622950819672,14.736929901757696
B11001089,9,234.63934426229508,12.458498695025114
B11001089,10,276.6393442622951,16.495436812512175
B11001089,11,388.11475409836066,17.538807893257214
B11001089,12,389.21311475409834,18.865455249574996
B11001089,13,390.40983606557376,19.64719731331183
B11001089,14,377.0983606557377,21.20988396103145
B11001089,15,377.0,20.73802241706021
B11001089,16,374.27868852459017,27.579471545681375
B11001089,17,372.42622950819674,21.880044816983986
B11001089,18,369.0163934426229,19.0663137868591
B11001089,19,376.21311475409834,17.140800480665398
B11001089,20,364.91803278688525,15.869648401661824
B11001089,21,346.5081967213115,12.736449502452158
B11001089,22,325.75409836065575,18.878955008681846
B11001089,23,158.2295081967213,12.703934388151467
B11001089,24,129.0,12.857351026157607
B11001090,1,28.901639344262296,2.1931706072602717
B11001090,2,28.65573770491803,2.2094079460762552
B11001090,3,28.83606557377049,2.0177923975559295
B11001090,4,28.983606557377048,2.2939107081589247
B11001090,5,28.737704918032787,2.1796498391079595
B11001090,6,28.918032786885245,2.342025758753034
B11001090,7,30.39344262295082,2.2636014284842068
B11001090,8,35.622950819672134,4.476400538877921
B11001090,9,41.49180327868852,9.792307035426067
B11001090,10,79.9672131147541,13.038363586744921
B11001090,11,177.49180327868854,17.06364455796724
B11001090,12,180.37704918032787,17.549147785974533
B11001090,13,179.04918032786884,20.348944653432657
B11001090,14,180.40983606557376,20.459778253994685
B11001090,15,182.62295081967213,23.23731025772937
B11001090,16,183.04918032786884,22.566060566524943
B11001090,17,182.59016393442624,21.501335870950452
B11001090,18,189.27868852459017,19.687002575587268
B11001090,19,191.18032786885246,17.700151149416048
B11001090,20,180.1639344262295,11.303822547811931
B11001090,21,63.39344262295082,5.460074726338429
B11001090,22,30.049180327868854,3.0911095652744245
B11001090,23,29.459016393442624,2.322899336518935
B11001090,24,29.688524590163933,2.108071790908657
B11001091,1,77.44262295081967,7.843812618798178
B11001091,2,72.81967213114754,8.229312256827473
B11001091,3,70.75409836065573,7.989041136795276
B11001091,4,68.81967213114754,7.150623489315085
B11001091,5,82.88524590163935,11.459262644226655
B11001091,6,82.37704918032787,9.289803919697862
B11001091,7,95.85245901639344,8.64194131494442
B11001091,8,109.19672131147541,10.868543377649136
B11001091,9,123.32786885245902,11.862216240936377
B11001091,10,146.65573770491804,9.396346073754344
B11001091,11,189.19672131147541,12.336563902575657
B11001091,12,189.18032786885246,11.411107899720315
B11001091,13,194.39344262295083,11.718387804579226
B11001091,14,190.36065573770492,11.4863180005323
B11001091,15,190.62295081967213,11.913849131524575
B11001091,16,182.91803278688525,12.955529336633361
B11001091,17,187.60655737704917,11.535090708639613
B11001091,18,181.60655737704917,9.89664405534438
B11001091,19,179.14754098360655,9.880990302751766
B11001091,20,174.04918032786884,9.332520664380466
B11001091,21,160.672131147541,10.679720803551781
B11001091,22,83.77049180327869,8.151020136542803
B11001091,23,74.39344262295081,10.10969132269381
B11001091,24,70.27868852459017,8.54137691426316
B11001092,1,109.42622950819673,9.128336383353423
B11001092,2,111.27868852459017,9.365319959946023
B11001092,3,121.01639344262296,9.72657640858736
B11001092,4,111.68852459016394,9.887135180903561
B11001092,5,106.57377049180327,7.774398962364519
B11001092,6,113.75409836065573,10.295081967213115
B11001092,7,164.75409836065575,14.45020362634327
B11001092,8,184.24590163934425,13.472078883117785
B11001092,9,205.91803278688525,13.557763587963972
B11001092,10,258.37704918032784,17.06416428566231
B11001092,11,335.1639344262295,18.791505168227037
B11001092,12,335.42622950819674,19.326749505261592
B11001092,13,332.55737704918033,21.271488336995805
B11001092,14,323.9344262295082,21.24862105648117
B11001092,15,324.9672131147541,20.571321126485977
B11001092,16,325.11475409836066,22.701266203333557
B11001092,17,321.78688524590166,23.68378760283793
B11001092,18,327.8196721311475,21.498385907174836
B11001092,19,323.0163934426229,21.827559510991115
B11001092,20,308.327868852459,19.40485093270508
B11001092,21,295.8032786885246,16.29323471404383
B11001092,22,158.80327868852459,15.340741504436455
B11001092,23,128.44262295081967,11.137772962435172
B11001092,24,118.1639344262295,10.49462052339799
B11001094,1,6.704918032786885,0.7320365102218395
B11001094,2,6.819672131147541,0.7356985466333402
B11001094,3,6.737704918032787,0.766119439052323
B11001094,4,6.819672131147541,0.7356985466333402
B11001094,5,6.80327868852459,0.8061174329930654
B11001094,6,7.147540983606557,0.5960543922196013
B11001094,7,7.213114754098361,0.7268786648326349
B11001094,8,8.262295081967213,1.5030203399937172
B11001094,9,13.770491803278688,5.611444519390271
B11001094,10,15.655737704918034,6.832624836818532
B11001094,11,16.24590163934426,7.3432376334383225
B11001094,12,15.704918032786885,6.6735206190059655
B11001094,13,14.37704918032787,5.967573399319846
B11001094,14,16.18032786885246,7.0976980722829355
B11001094,15,15.59016393442623,6.506937153582051
B11001094,16,15.508196721311476,6.64219732263173
B11001094,17,15.131147540983607,6.234424289710583
B11001094,18,14.131147540983607,5.617523548174697
B11001094,19,11.868852459016393,4.186141890697368
B11001094,20,10.19672131147541,2.8099336211233874
B11001094,21,9.0,2.2397306629644
B11001094,22,7.836065573770492,1.4163023650134543
B11001094,23,7.147540983606557,0.9380143935029487
B11001094,24,7.0,0.7012868733182767
B11001099,1,2.0,0.0
B11001099,2,2.0,0.0
B11001099,3,2.0,0.0
B11001099,4,2.0,0.0
B11001099,5,2.0,0.0
B11001099,6,2.0,0.0
B11001099,7,2.0,0.0
B11001099,8,3.0163934426229506,0.799421989523712
B11001099,9,7.967213114754099,4.10903527872361
B11001099,10,10.491803278688524,6.00443265448821
B11001099,11,10.01639344262295,5.71593058062989
B11001099,12,10.459016393442623,5.921823407966595
B11001099,13,7.245901639344262,3.9944869290549385
B11001099,14,10.78688524590164,6.508795446713576
B11001099,15,10.557377049180328,6.276483797305138
B11001099,16,10.065573770491802,5.855833164276166
B11001099,17,10.475409836065573,6.028910015879768
B11001099,18,10.245901639344263,5.968924272759014
B11001099,19,8.229508196721312,4.876821870994288
B11001099,20,4.704918032786885,3.26604118058566
B11001099,21,2.180327868852459,0.38446030818224836
B11001099,22,2.0,0.0
B11001099,23,2.0327868852459017,0.17807836870820026
B11001099,24,2.0163934426229506,0.12698306053139075
B11001111,1,55.68852459016394,7.698288043894719
B11001111,2,52.39344262295082,10.29766595952311
B11001111,3,38.49180327868852,16.67197801241792
B11001111,4,46.77049180327869,12.019647089310572
B11001111,5,44.14754098360656,10.69523574886174
B11001111,6,59.57377049180328,9.286794813849346
B11001111,7,73.59016393442623,11.05630455735228
B11001111,8,73.8360655737705,12.298447626773347
B11001111,9,67.0,9.27715332257109
B11001111,10,79.36065573770492,10.305231501102707
B11001111,11,77.32786885245902,10.21365417095096
B11001111,12,75.8688524590164,11.026756445099489
B11001111,13,72.54098360655738,9.26755979782643
B11001111,14,72.45901639344262,9.807280284232817
B11001111,15,76.88524590163935,8.224510271245789
B11001111,16,70.62295081967213,8.04325179820852
B11001111,17,74.72131147540983,7.3976760806882025
B11001111,18,68.24590163934427,7.595632346580735
B11001111,19,66.18032786885246,9.007297945885027
B11001111,20,64.85245901639344,7.98530631247531
B11001111,21,47.34426229508197,6.7018109759549915
B11001111,22,38.73770491803279,6.757877344847906
B11001111,23,49.19672131147541,9.308588792925343
B11001111,24,55.60655737704918,7.322273875356225
B11001113,1,5.032786885245901,0.7235434914988167
B11001113,2,4.934426229508197,0.4745611418403321
B11001113,3,7.098360655737705,0.39275896887576855
B11001113,4,7.180327868852459,0.528164055527443
B11001113,5,4.688524590163935,0.5878826582636428
B11001113,6,4.524590163934426,0.616881564663173
B11001113,7,4.590163934426229,0.5832933401526949
B11001113,8,6.311475409836065,1.937896304104246
B11001113,9,12.0,6.680041228890143
B11001113,10,19.770491803278688,10.095273106874911
B11001113,11,24.049180327868854,11.857661602204708
B11001113,12,24.672131147540984,12.089449826090288
B11001113,13,21.295081967213115,9.891782087274963
B11001113,14,23.737704918032787,11.10442481492417
B11001113,15,24.918032786885245,11.858862746413305
B11001113,16,25.475409836065573,11.860675563897463
B11001113,17,25.475409836065573,12.277670731964031
B11001113,18,22.34426229508197,10.480090798476704
B11001113,19,20.21311475409836,9.107940607051937
B11001113,20,16.901639344262296,7.378979710965838
B11001113,21,13.59016393442623,5.90464404385234
B11001113,22,11.032786885245901,4.438901108714043
B11001113,23,8.704918032786885,3.5080435082217063
B11001113,24,6.213114754098361,1.9086924036495585
B11001135,1,5.868852459016393,1.6444183767836547
B11001135,2,6.081967213114754,1.6022021931633594
B11001135,3,6.065573770491803,1.5456851890259895
B11001135,4,6.016393442622951,1.7319732258435658
B11001135,5,6.131147540983607,1.6040462140849259
B11001135,6,5.885245901639344,1.380168208514701
B11001135,7,6.147540983606557,1.5453374142012417
B11001135,8,10.868852459016393,5.336160005208097
B11001135,9,25.327868852459016,10.890996900697246
B11001135,10,118.32786885245902,15.982286620572934
B11001135,11,119.1639344262295,17.174304412734564
B11001135,12,119.45901639344262,17.367365071429845
B11001135,13,121.47540983606558,18.183587048401325
B11001135,14,121.73770491803279,18.11339658143125
B11001135,15,122.18032786885246,18.277916619737486
B11001135,16,122.32786885245902,18.48412815955532
B11001135,17,121.88524590163935,17.446027647497218
B11001135,18,121.26229508196721,16.828841012219648
B11001135,19,120.39344262295081,16.74620455019202
B11001135,20,118.9672131147541,16.08172490250433
B11001135,21,47.540983606557376,21.272296900569078
B11001135,22,11.721311475409836,11.898658345005952
B11001135,23,7.262295081967213,3.529276335725249
B11001135,24,6.311475409836065,1.3124996000818423
B11001137,1,14.032786885245901,13.79233240669892
B11001137,2,19.75409836065574,12.147529921899347
B11001137,3,17.065573770491802,13.272514249638347
B11001137,4,18.672131147540984,11.337911611955054
B11001137,5,9.573770491803279,8.901020417453054
B11001137,6,15.049180327868852,14.143788800148974
B11001137,7,24.524590163934427,17.841383609303662
B11001137,8,50.98360655737705,21.630649023010807
B11001137,9,83.93442622950819,8.153986960948124
B11001137,10,75.73770491803279,8.770108770554268
B11001137,11,77.8688524590164,7.039642804453734
B11001137,12,76.88524590163935,7.5836285286691005
B11001137,13,74.09836065573771,5.832933401526949
B11001137,14,77.54098360655738,8.027766915865767
B11001137,15,77.04918032786885,6.098713192701072
B11001137,16,75.24590163934427,7.378870449132392
B11001137,17,78.52459016393442,7.205659336339643
B11001137,18,74.42622950819673,5.874253399071776
B11001137,19,73.11475409836065,6.663082437016909
B11001137,20,79.67213114754098,6.5203874758529
B11001137,21,70.32786885245902,7.005200203023442
B11001137,22,68.36065573770492,4.12124757048411
B11001137,23,41.967213114754095,15.973304792802347
B11001137,24,17.065573770491802,15.228175840358746
B11001142,1,19.81967213114754,13.45728908066921
B11001142,2,16.57377049180328,13.216307631964982
B11001142,3,16.868852459016395,10.751249122755139
B11001142,4,11.327868852459016,10.630487106146541
B11001142,5,17.62295081967213,9.374125418311673
B11001142,6,28.688524590163933,10.935790216496997
B11001142,7,29.688524590163933,11.689340784967314
B11001142,8,68.0327868852459,15.973304792802345
B11001142,9,129.672131147541,35.20279483664144
B11001142,10,144.2622950819672,26.14330095639288
B11001142,11,140.65573770491804,19.322021112337797
B11001142,12,142.78688524590163,22.33362146351003
B11001142,13,146.72131147540983,20.140596917213543
B11001142,14,146.0655737704918,21.44598158886955
B11001142,15,146.2295081967213,25.617868663104993
B11001142,16,146.2295081967213,23.689517251877085
B11001142,17,143.11475409836066,22.29025984496201
B11001142,18,141.31147540983608,17.031832283636422
B11001142,19,138.68852459016392,17.031832283636422
B11001142,20,137.37704918032787,16.28653666494399
B11001142,21,133.60655737704917,18.11011735034948
B11001142,22,87.21311475409836,19.08833199017555
B11001142,23,59.67213114754098,13.424618090211961
B11001142,24,28.39344262295082,14.890065660078935
B11001151,1,19.295081967213115,5.921188024056675
B11001151,2,19.475409836065573,6.093819920663641
B11001151,3,20.327868852459016,6.279608715687992
B11001151,4,20.950819672131146,6.751869758057907
B11001151,5,21.770491803278688,6.717711950991213
B11001151,6,24.42622950819672,6.8411939720869945
B11001151,7,29.016393442622952,7.1437047909530005
B11001151,8,26.557377049180328,5.946550426304986
B11001151,9,35.73770491803279,9.707022368223376
B11001151,10,39.59016393442623,9.998978716997131
B11001151,11,37.114754098360656,9.068226570628552
B11001151,12,32.14754098360656,7.93588253807706
B11001151,13,32.442622950819676,7.837540158945268
B11001151,14,33.16393442622951,7.2906414925402325
B11001151,15,30.65573770491803,6.789300275159676
B11001151,16,30.016393442622952,6.364583880848019
B11001151,17,31.557377049180328,6.499746754622627
B11001151,18,27.39344262295082,5.876540435716367
B11001151,19,26.704918032786885,5.054925409431946
B11001151,20,24.34426229508197,4.955160403026918
B11001151,21,19.918032786885245,4.70888620002933
B11001151,22,19.24590163934426,5.333641261378504
B11001151,23,18.295081967213115,5.3172908863753685
B11001151,24,18.737704918032787,5.944832828225668
B11001153,1,5.459016393442623,0.759071272314113
B11001153,2,5.508196721311475,0.7601326635652218
B11001153,3,5.114754098360656,0.7265088461036177
B11001153,4,5.213114754098361,0.7706661818716825
B11001153,5,5.213114754098361,0.7916522273868615
B11001153,6,5.80327868852459,0.8262034864494526
B11001153,7,5.786885245901639,0.8120961361639893
B11001153,8,6.770491803278689,0.8568612685489823
B11001153,9,15.688524590163935,2.911486486465416
B11001153,10,33.26229508196721,5.618767262689468
B11001153,11,57.75409836065574,10.266379536000528
B11001153,12,57.0655737704918,6.786845648098628
B11001153,13,57.442622950819676,5.784446613836601
B11001153,14,57.60655737704918,5.735362519519968
B11001153,15,58.24590163934426,5.716400729637539
B11001153,16,58.721311475409834,5.709156142005815
B11001153,17,58.34426229508197,5.398497805329933
B11001153,18,59.40983606557377,6.011947256022052
B11001153,19,65.73770491803279,5.551256361546921
B11001153,20,66.72131147540983,4.662832276354071
B11001153,21,64.85245901639344,2.635421175620798
B11001153,22,25.18032786885246,6.6221392133776895
B11001153,23,6.147540983606557,2.4010657850333983
B11001153,24,5.229508196721311,0.9302466202695808
B11001154,1,17.83606557377049,25.48620991822244
B11001154,2,18.295081967213115,25.580694733061264
B11001154,3,18.540983606557376,26.743820349781192
B11001154,4,18.0,26.036544304962252
B11001154,5,18.098360655737704,26.30259285232491
B11001154,6,17.688524590163933,24.326023967871546
B11001154,7,17.081967213114755,23.486511707693982
B11001154,8,17.34426229508197,24.101483013959637
B11001154,9,26.049180327868854,23.625095180315302
B11001154,10,85.50819672131148,19.72401627609502
B11001154,11,188.9344262295082,15.5825342037735
B11001154,12,188.37704918032787,15.343246428471206
B11001154,13,189.81967213114754,15.39481304676874
B11001154,14,190.37704918032787,15.605971885972947
B11001154,15,190.55737704918033,15.675526074435044
B11001154,16,190.13114754098362,15.924489244542292
B11001154,17,190.2622950819672,15.934190108214784
B11001154,18,193.81967213114754,12.284213775786519
B11001154,19,222.11475409836066,13.012098230084511
B11001154,20,227.18032786885246,14.508909864847617
B11001154,21,226.9344262295082,14.571326944828412
B11001154,22,108.54098360655738,29.462715404940496
B11001154,23,25.0327868852459,31.42306097575043
B11001154,24,18.40983606557377,25.529396138299862
B11001155,1,3.8524590163934427,1.5768412664145637
B11001155,2,4.065573770491803,1.6080621925316563
B11001155,3,3.901639344262295,1.636719209750647
B11001155,4,4.016393442622951,1.8331358358681134
B11001155,5,3.918032786885246,1.7860578622904721
B11001155,6,4.098360655737705,1.5754772166208473
B11001155,7,4.573770491803279,1.8944181717934059
B11001155,8,4.327868852459017,1.7807836870820026
B11001155,9,5.245901639344262,2.9233695901847563
B11001155,10,15.524590163934427,14.408110827548477
B11001155,11,33.01639344262295,21.767393123343606
B11001155,12,32.90163934426229,21.788630602726244
B11001155,13,32.85245901639344,20.439303239202115
B11001155,14,32.704918032786885,19.341066699095354
B11001155,15,32.9344262295082,18.676599589105376
B11001155,16,33.114754098360656,18.43384126079144
B11001155,17,32.49180327868852,16.7905349516119
B11001155,18,34.0,16.39272129560586
B11001155,19,45.73770491803279,19.544737784387582
B11001155,20,46.885245901639344,17.51542492163505
B11001155,21,9.934426229508198,4.820954440768731
B11001155,22,4.442622950819672,3.011043009552487
B11001155,23,4.049180327868853,1.8414733010015467
B11001155,24,3.8360655737704916,1.495132297110866
B11001156,1,10.131147540983607,5.400289639579197
B11001156,2,10.37704918032787,5.6919959172658805
B11001156,3,10.655737704918034,6.227609719342341
B11001156,4,10.557377049180328,6.502268431822334
B11001156,5,10.672131147540984,6.560491063875766
B11001156,6,10.950819672131148,6.242178658938305
B11001156,7,12.508196721311476,6.390625693012067
B11001156,8,11.540983606557377,6.948460781298219
B11001156,9,25.0327868852459,21.148938827864296
B11001156,10,65.37704918032787,17.28276307450243
B11001156,11,128.31147540983608,23.0007419578163
B11001156,12,127.09836065573771,15.800710627340273
B11001156,13,127.8360655737705,16.447811482172245
B11001156,14,127.14754098360656,13.418651156925987
B11001156,15,128.27868852459017,17.180937919340405
B11001156,16,126.24590163934427,13.079399065887984
B11001156,17,126.21311475409836,12.285023207806312
B11001156,18,127.52459016393442,13.180470597057724
B11001156,19,134.49180327868854,13.510922055173468
B11001156,20,136.13114754098362,13.120470065844572
B11001156,21,134.1639344262295,10.564680296449671
B11001156,22,58.67213114754098,20.834807974326583
B11001156,23,10.918032786885245,7.795112133847266
B11001156,24,9.80327868852459,5.149628896803314
B11001157,1,9.475409836065573,0.5312082539678574
B11001157,2,9.295081967213115,0.66145052465023
B11001157,3,9.295081967213115,0.6098713192701074
B11001157,4,9.360655737704919,0.6536853127008814
B11001157,5,9.360655737704919,0.5442030384491091
B11001157,6,9.639344262295081,0.5442030384491091
B11001157,7,9.442622950819672,0.5588216573462069
B11001157,8,9.754098360655737,0.5626558131714923
B11001157,9,13.245901639344263,5.221819724600498
B11001157,10,34.26229508196721,8.887090728570552
B11001157,11,68.0,14.672378420848823
B11001157,12,58.81967213114754,10.989575084972108
B11001157,13,56.0655737704918,8.376134819047087
B11001157,14,55.09836065573771,6.6300481367903314
B11001157,15,55.32786885245902,6.232441069734905
B11001157,16,54.73770491803279,5.650769973196203
B11001157,17,54.540983606557376,5.421795028180253
B11001157,18,54.65573770491803,5.886592840978862
B11001157,19,60.08196721311475,7.0322327726986416
B11001157,20,61.47540983606557,7.440708932769668
B11001157,21,58.19672131147541,4.314746624140219
B11001157,22,16.868852459016395,4.860261781508177
B11001157,23,9.049180327868852,0.6120706459867038
B11001157,24,9.163934426229508,0.4501485317293765
B11001158,1,58.645161290322584,3.3364882745550744
B11001158,2,48.935483870967744,3.0153958053036893
B11001158,3,43.67741935483871,2.1004929801418974
B11001158,4,43.806451612903224,1.78559387136749
B11001158,5,44.12903225806452,2.4062007998672925
B11001158,6,46.483870967741936,3.1609611415184125
B11001158,7,84.03225806451613,6.958326972482922
B11001158,8,108.54838709677419,6.179250970775787
B11001158,9,126.83870967741936,7.3576678203369905
B11001158,10,122.90322580645162,9.04952267039067
B11001158,11,138.09677419354838,6.649544436055448
B11001158,12,136.8709677419355,7.001114821290601
B11001158,13,137.32258064516128,6.161205876806877
B11001158,14,132.3548387096774,6.398328345681138
B11001158,15,132.7741935483871,7.1468904919884215
B11001158,16,131.90322580645162,5.432012867043038
B11001158,17,131.70967741935485,6.139210563871761
B11001158,18,132.5483870967742,6.041996624046955
B11001158,19,129.6451612903226,4.809589796047423
B11001158,20,117.80645161290323,4.298682129921949
B11001158,21,116.25806451612904,4.5928959304665
B11001158,22,110.45161290322581,4.094360477672165
B11001158,23,104.03225806451613,3.1365058735307714
B11001158,24,61.29032258064516,4.198260380029135
B11001159,1,55.096774193548384,8.01351615753509
B11001159,2,54.38709677419355,7.032997889464734
B11001159,3,54.903225806451616,7.591824289707029
B11001159,4,56.193548387096776,7.493736545205537
B11001159,5,51.12903225806452,5.621054518698891
B11001159,6,45.064516129032256,6.549737664635609
B11001159,7,58.096774193548384,5.256975941145788
B11001159,8,68.19354838709677,6.462893364024773
B11001159,9,76.09677419354838,6.600854483834149
B11001159,10,91.09677419354838,6.980871739212376
B11001159,11,96.35483870967742,12.481078290619207
B11001159,12,98.19354838709677,13.199265265081284
B11001159,13,92.74193548387096,11.639664505572714
B11001159,14,93.06451612903226,9.242034002740109
B11001159,15,96.45161290322581,13.214944398788038
B11001159,16,88.19354838709677,11.615949421262824
B11001159,17,85.3225806451613,10.56588269910462
B11001159,18,82.3225806451613,10.19926340406168
B11001159,19,65.45161290322581,9.431719679264255
B11001159,20,54.064516129032256,8.617070394584445
B11001159,21,45.58064516129032,7.430426521636852
B11001159,22,40.45161290322581,5.7295989257675
B11001159,23,61.16129032258065,7.687848703630057
B11001159,24,55.516129032258064,6.753116211349827
B11001176,1,51.03225806451613,4.321617610584303
B11001176,2,60.83870967741935,5.279887426668625
B11001176,3,61.96774193548387,6.140735854653619
B11001176,4,54.193548387096776,6.336883098886155
B11001176,5,49.516129032258064,5.830238017284491
B11001176,6,53.83870967741935,8.096581413975416
B11001176,7,58.935483870967744,7.348186012145766
B11001176,8,85.90322580645162,9.295697369975677
B11001176,9,96.51612903225806,9.863163687115538
B11001176,10,106.29032258064517,9.86421864991653
B11001176,11,111.0,10.640761554118807
B11001176,12,113.2258064516129,12.167406693291644
B11001176,13,100.54838709677419,10.079806416719677
B11001176,14,119.06451612903226,12.489829369094467
B11001176,15,116.12903225806451,14.506376652341705
B11001176,16,113.61290322580645,14.439366931335027
B11001176,17,105.87096774193549,13.639936466326045
B11001176,18,107.19354838709677,11.624277583765492
B11001176,19,99.6774193548387,8.704418962188276
B11001176,20,110.09677419354838,8.093624885533128
B11001176,21,113.58064516129032,8.775972305468356
B11001176,22,109.25806451612904,7.902501612639707
B11001176,23,103.2258064516129,6.665799457990911
B11001176,24,98.48387096774194,6.100613230635285
B11001177,1,119.90322580645162,4.002860579632919
B11001177,2,123.09677419354838,5.777346409006181
B11001177,3,78.87096774193549,9.25531036925383
B11001177,4,72.19354838709677,9.626640973943461
B11001177,5,70.38709677419355,8.597364259843898
B11001177,6,70.51612903225806,10.140531791558505
B11001177,7,92.96774193548387,5.56187408058124
B11001177,8,126.74193548387096,5.645253455468836
B11001177,9,171.3548387096774,7.949633333385619
B11001177,10,156.19354838709677,8.317953202168496
B11001177,11,156.80645161290323,9.969046787961318
B11001177,12,160.25806451612902,11.881044110562337
B11001177,13,153.3548387096774,11.315271972546444
B11001177,14,159.25806451612902,14.139780857761378
B11001177,15,156.2258064516129,13.743525578154165
B11001177,16,151.7741935483871,14.008545036050501
B11001177,17,148.25806451612902,13.348837673057687
B11001177,18,142.19354838709677,11.7594693616257
B11001177,19,134.61290322580646,7.974464970847881
B11001177,20,141.70967741935485,7.586888300844432
B11001177,21,159.19354838709677,6.25490442328521
B11001177,22,138.41935483870967,5.966434032790263
B11001177,23,133.29032258064515,5.6636563385986065
B11001177,24,128.3548387096774,6.1881697075002835
B11001178,1,113.16129032258064,5.3827488731912645
B11001178,2,113.74193548387096,5.223814833547655
B11001178,3,111.61290322580645,5.801431521642928
B11001178,4,110.61290322580645,5.209652451752815
B11001178,5,109.87096774193549,4.777244012377651
B11001178,6,108.0,5.321896339197269
B11001178,7,105.93548387096774,6.3952375620883934
B11001178,8,120.6774193548387,5.082462552575776
B11001178,9,132.41935483870967,6.2773232098197
B11001178,10,122.38709677419355,5.6264205051091025
B11001178,11,126.80645161290323,6.654706580084019
B11001178,12,127.0,6.758507183900799
B11001178,13,124.19354838709677,6.69819116092575
B11001178,14,127.96774193548387,8.3800218298574
B11001178,15,128.25806451612902,9.496918827790628
B11001178,16,123.83870967741936,9.565046495658025
B11001178,17,122.93548387096774,9.401219838046988
B11001178,18,120.96774193548387,8.46809523072506
B11001178,19,119.80645161290323,7.235304817078945
B11001178,20,122.48387096774194,6.379761183425616
B11001178,21,123.2258064516129,5.6665952536766415
B11001178,22,119.29032258064517,5.15685293119808
B11001178,23,118.58064516129032,5.689686161470155
B11001178,24,111.74193548387096,5.730325340848171
B11001181,1,12.67741935483871,0.5895376413708731
B11001181,2,12.709677419354838,0.5201456611805517
B11001181,3,12.741935483870968,0.5661267346704595
B11001181,4,12.64516129032258,0.5417050201208602
B11001181,5,12.67741935483871,0.5895376413708731
B11001181,6,12.870967741935484,0.608643944003652
B11001181,7,13.709677419354838,0.8498025724077092
B11001181,8,21.322580645161292,4.637762925503392
B11001181,9,27.0,8.222706563279907
B11001181,10,27.225806451612904,8.619968106442586
B11001181,11,29.322580645161292,9.709945339782344
B11001181,12,28.838709677419356,10.36151930008507
B11001181,13,29.516129032258064,10.254412009509371
B11001181,14,30.161290322580644,10.607656316482732
B11001181,15,30.258064516129032,11.001371591718167
B11001181,16,30.451612903225808,10.790792699146923
B11001181,17,29.129032258064516,9.90516950558865
B11001181,18,26.93548387096774,9.01946098050056
B11001181,19,23.483870967741936,7.052206096113496
B11001181,20,20.548387096774192,5.575515076321211
B11001181,21,15.290322580645162,2.187848381653312
B11001181,22,12.935483870967742,0.6689174630105718
B11001181,23,12.774193548387096,0.5512260480850021
B11001181,24,12.870967741935484,0.5531105870800727
B11001186,1,109.64516129032258,11.43720129057289
B11001186,2,107.41935483870968,11.018384032177364
B11001186,3,105.41935483870968,9.614418585908211
B11001186,4,103.29032258064517,8.375053387936129
B11001186,5,102.41935483870968,8.087322590359623
B11001186,6,105.41935483870968,7.811382074021701
B11001186,7,118.35483870967742,10.627257671626614
B11001186,8,138.16129032258064,14.749733238032887
B11001186,9,163.48387096774192,23.495876052346325
B11001186,10,181.16129032258064,28.892567159128397
B11001186,11,186.93548387096774,30.80315807423833
B11001186,12,185.48387096774192,30.399353736490085
B11001186,13,183.58064516129033,28.546254704396564
B11001186,14,184.61290322580646,30.136974845886616
B11001186,15,184.3548387096774,30.09613455739069
B11001186,16,187.0,30.457797349034266
B11001186,17,183.96774193548387,28.538015247315002
B11001186,18,169.25806451612902,22.777985611374127
B11001186,19,156.83870967741936,18.87325599581203
B11001186,20,148.1290322580645,16.083936958833604
B11001186,21,135.93548387096774,13.999851344535582
B11001186,22,119.87096774193549,13.482944867100882
B11001186,23,113.90322580645162,12.415793372879712
B11001186,24,112.03225806451613,11.554872930912383
B11001194,1,30.70967741935484,1.781509841481816
B11001194,2,30.161290322580644,1.5881978871085383
B11001194,3,30.0,1.344043010064494
B11001194,4,29.93548387096774,1.3663108764224112
B11001194,5,30.06451612903226,1.1896186396506954
B11001194,6,30.903225806451612,1.1737680902361456
B11001194,7,40.483870967741936,6.852694161690952
B11001194,8,65.12903225806451,20.9526993187249
B11001194,9,90.29032258064517,39.48719151122714
B11001194,10,99.58064516129032,44.94568348684772
B11001194,11,101.48387096774194,45.80102194080455
B11001194,12,101.51612903225806,46.253767740335476
B11001194,13,86.38709677419355,35.73529692628829
B11001194,14,102.06451612903226,46.218928871796585
B11001194,15,104.83870967741936,47.140898464205016
B11001194,16,105.35483870967742,46.986304378696715
B11001194,17,104.45161290322581,46.10285745092682
B11001194,18,86.29032258064517,34.3850995001887
B11001194,19,58.12903225806452,16.93582180922432
B11001194,20,51.903225806451616,13.808260357854707
B11001194,21,45.516129032258064,10.2701288358974
B11001194,22,40.774193548387096,7.682026267557424
B11001194,23,36.38709677419355,4.877052384214946
B11001194,24,32.45161290322581,2.3669595261734373
B11001198,1,19.70967741935484,1.1414068395454278
B11001198,2,19.741935483870968,1.1350072313393023
B11001198,3,20.580645161290324,4.308837082452961
B11001198,4,19.548387096774192,1.3640241620558695
B11001198,5,19.64516129032258,1.5770202014942345
B11001198,6,20.870967741935484,1.156801359809104
B11001198,7,21.032258064516128,0.9666660686304319
B11001198,8,27.258064516129032,5.814152599257313
B11001198,9,66.3225806451613,17.345422556480173
B11001198,10,175.32258064516128,23.376838684660886
B11001198,11,196.70967741935485,24.367076609158246
B11001198,12,214.0,41.260775718631685
B11001198,13,217.48387096774192,45.494325039746
B11001198,14,229.70967741935485,42.83516308676945
B11001198,15,232.80645161290323,40.43107983273767
B11001198,16,242.83870967741936,34.797197490225805
B11001198,17,244.16129032258064,31.32359388414648
B11001198,18,245.6451612903226,31.511952045980568
B11001198,19,275.0,24.490946319260576
B11001198,20,272.93548387096774,23.645139286175567
B11001198,21,138.93548387096774,34.64281844664431
B11001198,22,41.0,21.22080537220869
B11001198,23,22.483870967741936,7.161145014509519
B11001198,24,19.677419354838708,1.0282179000328533
B11001201,1,14.903225806451612,3.4299895486502807
B11001201,2,14.03225806451613,1.9257821363353935
B11001201,3,13.64516129032258,1.7879234142646476
B11001201,4,14.35483870967742,1.8930839678866078
B11001201,5,13.774193548387096,1.7544354375338258
B11001201,6,14.161290322580646,2.0960296444829942
B11001201,7,14.32258064516129,2.100492980141898
B11001201,8,23.419354838709676,4.484915171984409
B11001201,9,56.67741935483871,10.519987418041639
B11001201,10,62.74193548387097,10.543206777689981
B11001201,11,66.2258064516129,10.235011629661845
B11001201,12,68.35483870967742,11.064469105514672
B11001201,13,68.29032258064517,11.441840446325388
B11001201,14,69.54838709677419,11.367295220251371
B11001201,15,70.58064516129032,9.924795256028686
B11001201,16,70.83870967741936,9.561673406630643
B11001201,17,69.09677419354838,8.74128077538828
B11001201,18,70.19354838709677,8.18503494716842
B11001201,19,69.6774193548387,7.834526960519649
B11001201,20,68.38709677419355,7.7695743203644705
B11001201,21,57.83870967741935,8.144250987139287
B11001201,22,30.677419354838708,13.641462169227465
B11001201,23,19.93548387096774,9.537482875716137
B11001201,24,16.35483870967742,5.215042678183541
B11001202,1,6.225806451612903,8.54101934469241
B11001202,2,4.967741935483871,5.613830105153855
B11001202,3,4.064516129032258,3.5644796378222643
B11001202,4,3.870967741935484,3.3958412467535877
B11001202,5,3.6129032258064515,1.895281396331404
B11001202,6,3.6129032258064515,1.0977225501402295
B11001202,7,5.096774193548387,2.0057150395754597
B11001202,8,12.03225806451613,3.8393873080407817
B11001202,9,27.29032258064516,6.017145118726379
B11001202,10,38.67741935483871,8.10570128614857
B11001202,11,41.645161290322584,8.85564659338259
B11001202,12,44.0,9.394576335105754
B11001202,13,45.32258064516129,8.902290740985983
B11001202,14,46.16129032258065,7.62041728682821
B11001202,15,44.61290322580645,6.8799728963965325
B11001202,16,42.16129032258065,5.759126133272183
B11001202,17,39.70967741935484,5.274366180463691
B11001202,18,37.25806451612903,5.067083795378369
B11001202,19,35.225806451612904,4.397284186927602
B11001202,20,33.74193548387097,3.8934829082876417
B11001202,21,32.32258064516129,3.7621810487397283
B11001202,22,24.258064516129032,3.2125534205221613
B11001202,23,12.612903225806452,5.433928177869823
B11001202,24,7.67741935483871,8.368092613339783
B11001203,1,15.483870967741936,3.705888668330493
B11001203,2,16.06451612903226,4.031612851604644
B11001203,3,16.032258064516128,4.261484452612061
B11001203,4,14.838709677419354,3.0806029384034384
B11001203,5,14.612903225806452,0.9731034276773135
B11001203,6,14.548387096774194,0.8739494957512302
B11001203,7,13.580645161290322,0.7940989435542689
B11001203,8,17.35483870967742,2.1634558241428667
B11001203,9,35.96774193548387,4.269047419376667
B11001203,10,39.29032258064516,4.753223343585513
B11001203,11,40.064516129032256,5.2050563745883744
B11001203,12,40.38709677419355,5.745558842270228
B11001203,13,41.193548387096776,5.910184511276794
B11001203,14,41.806451612903224,5.52074886714749
B11001203,15,42.45161290322581,5.351145247800636
B11001203,16,42.483870967741936,5.339270022245312
B11001203,17,44.61290322580645,4.790295427315244
B11001203,18,46.70967741935484,4.073466847048867
B11001203,19,48.58064516129032,3.3579390141091885
B11001203,20,47.67741935483871,3.125205508331062
B11001203,21,47.87096774193548,3.2203179114137663
B11001203,22,38.903225806451616,3.6398762714674913
B11001203,23,16.93548387096774,3.0578875680397593
B11001203,24,15.483870967741936,3.4814806614792366
B11001204,1,43.87096774193548,10.636946977350194
B11001204,2,43.96774193548387,10.738786712773233
B11001204,3,39.67741935483871,11.786780722143067
B11001204,4,30.741935483870968,5.814152599257313
B11001204,5,26.258064516129032,7.048073367196603
B11001204,6,25.677419354838708,6.502540926557931
B11001204,7,25.0,6.782329983125268
B11001204,8,37.29032258064516,7.833729999329396
B11001204,9,64.64516129032258,15.559559631998825
B11001204,10,83.54838709677419,15.916797192978686
B11001204,11,84.0,15.977807189368795
B11001204,12,86.38709677419355,17.532784809726696
B11001204,13,98.51612903225806,18.058812463621575
B11001204,14,96.61290322580645,16.803758065375348
B11001204,15,95.35483870967742,15.875622186632407
B11001204,16,97.09677419354838,16.33787374863788
B11001204,17,90.45161290322581,13.771964766422235
B11001204,18,84.29032258064517,10.82766334184476
B11001204,19,81.35483870967742,10.384692168071153
B11001204,20,80.3225806451613,9.215649721635662
B11001204,21,75.90322580645162,10.227587104555479
B11001204,22,68.41935483870968,10.742661992287625
B11001204,23,53.45161290322581,14.455356657938973
B11001204,24,47.61290322580645,12.249232811670522
B11001205,1,34.903225806451616,5.126495619437144
B11001205,2,36.193548387096776,3.402270160886506
B11001205,3,25.677419354838708,6.17689292796114
B11001205,4,16.06451612903226,5.517920855931199
B11001205,5,14.290322580645162,5.4783653577245035
B11001205,6,19.419354838709676,7.3650184221059805
B11001205,7,46.935483870967744,13.392187139476961
B11001205,8,60.83870967741935,7.1666646500331925
B11001205,9,72.58064516129032,8.023249255508954
B11001205,10,75.2258064516129,8.225490189998698
B11001205,11,79.54838709677419,9.352725011486154
B11001205,12,86.48387096774194,13.341352080587239
B11001205,13,95.7741935483871,13.425324354631258
B11001205,14,94.48387096774194,13.16366202539531
B11001205,15,91.45161290322581,11.372969396002707
B11001205,16,93.41935483870968,13.329022889794667
B11001205,17,89.83870967741936,11.911222071571558
B11001205,18,80.93548387096774,9.02661113800947
B11001205,19,75.87096774193549,8.011048562047016
B11001205,20,72.03225806451613,6.43821188844383
B11001205,21,71.0,7.683245282074244
B11001205,22,63.32258064516129,14.29953100240206
B11001205,23,39.935483870967744,14.3907126947432
B11001205,24,29.548387096774192,11.2043733099853
B11001206,1,49.96774193548387,6.827288088478479
B11001206,2,46.483870967741936,8.083719072794825
B11001206,3,26.032258064516128,7.634741776767492
B11001206,4,13.774193548387096,3.442707837278906
B11001206,5,11.0,2.1997067253202993
B11001206,6,9.741935483870968,1.5855749325734847
B11001206,7,11.290322580645162,4.319449997747226
B11001206,8,30.70967741935484,8.258694532419316
B11001206,9,43.806451612903224,5.822200863317924
B11001206,10,53.41935483870968,7.028853866779498
B11001206,11,56.25806451612903,7.299879547992042
B11001206,12,57.54838709677419,7.782688438709792
B11001206,13,67.12903225806451,11.403853156078915
B11001206,14,66.74193548387096,11.265040818434656
B11001206,15,64.96774193548387,10.412411548531079
B11001206,16,64.7741935483871,9.924585560273245
B11001206,17,64.06451612903226,9.46959645517872
B11001206,18,62.354838709677416,8.615621173182573
B11001206,19,60.70967741935484,8.289883256842087
B11001206,20,60.45161290322581,7.9345659054683395
B11001206,21,60.12903225806452,5.569165892743266
B11001206,22,51.0,7.72511613859874
B11001206,23,52.29032258064516,5.1631045198638486
B11001206,24,49.38709677419355,6.173185612270053
B11001208,1,27.065573770491802,3.6792232450859603
B11001208,2,25.60655737704918,2.587984141921859
B11001208,3,23.901639344262296,2.2375698031627524
B11001208,4,23.852459016393443,2.253129448987367
B11001208,5,23.918032786885245,2.219844049811247
B11001208,6,25.40983606557377,3.148650760638557
B11001208,7,35.26229508196721,7.89044169501523
B11001208,8,56.59016393442623,20.937359384743637
B11001208,9,70.44262295081967,20.635418056487993
B11001208,10,94.29508196721312,35.246366752554465
B11001208,11,135.98360655737704,44.81638013021969
B11001208,12,139.13114754098362,45.283976614553325
B11001208,13,137.50819672131146,45.12627926557588
B11001208,14,136.52459016393442,44.84933121104412
B11001208,15,137.78688524590163,44.613867855773336
B11001208,16,138.18032786885246,44.6309119504839
B11001208,17,138.49180327868854,45.19488689737168
B11001208,18,139.85245901639345,46.51981283019653
B11001208,19,138.1639344262295,45.35657644866112
B11001208,20,119.77049180327869,56.506605864407625
B11001208,21,118.32786885245902,60.388827897240006
B11001208,22,117.34426229508196,61.00870275084562
B11001208,23,63.08196721311475,25.91619221801097
B11001208,24,30.34426229508197,5.225678231615646
B11001209,1,65.34426229508196,11.832000573467935
B11001209,2,63.278688524590166,6.792307962714891
B11001209,3,66.27868852459017,5.109076293726118
B11001209,4,57.704918032786885,4.963289041355084
B11001209,5,53.9344262295082,3.719108179979977
B11001209,6,54.26229508196721,4.401570656117596
B11001209,7,77.88524590163935,8.200556479829686
B11001209,8,104.47540983606558,11.404063925301465
B11001209,9,136.7377049180328,8.479293272716182
B11001209,10,143.72131147540983,9.936076257496534
B11001209,11,150.52459016393442,11.320381383509124
B11001209,12,148.9672131147541,11.639344262295081
B11001209,13,151.47540983606558,13.623276317351847
B11001209,14,147.2295081967213,14.851608559590773
B11001209,15,145.7377049180328,13.005549432610456
B11001209,16,138.52459016393442,12.312337617971643
B11001209,17,130.9016393442623,11.851132501784186
B11001209,18,129.9672131147541,8.788903609637561
B11001209,19,129.9016393442623,7.732632402353512
B11001209,20,124.95081967213115,7.655334001361397
B11001209,21,128.62295081967213,7.590252451418848
B11001209,22,126.11475409836065,7.075930942994299
B11001209,23,120.09836065573771,7.383421655664619
B11001209,24,84.06557377049181,10.829330016451324
B11001212,1,12.806451612903226,0.7795513531351338
B11001212,2,12.580645161290322,0.9078224051271153
B11001212,3,12.741935483870968,1.458407039413847
B11001212,4,12.548387096774194,2.4074978267155216
B11001212,5,12.35483870967742,2.3766116717927566
B11001212,6,12.806451612903226,1.1477707661069159
B11001212,7,16.93548387096774,2.2709310847481343
B11001212,8,34.516129032258064,2.927852540596898
B11001212,9,40.12903225806452,3.461697658140984
B11001212,10,43.67741935483871,6.234074403057057
B11001212,11,48.483870967741936,10.30149055216059
B11001212,12,49.58064516129032,11.041780459364295
B11001212,13,50.83870967741935,11.805129487050763
B11001212,14,49.774193548387096,11.143375516333588
B11001212,15,49.903225806451616,10.590180597045723
B11001212,16,49.516129032258064,9.614743274857378
B11001212,17,52.774193548387096,8.29578080643079
B11001212,18,52.903225806451616,6.0447515955775435
B11001212,19,52.193548387096776,4.291171393113778
B11001212,20,49.903225806451616,2.77494363452988
B11001212,21,44.193548387096776,2.455006140701993
B11001212,22,18.677419354838708,3.595580591765877
B11001212,23,15.516129032258064,0.8751393526613251
B11001212,24,14.0,0.762000762001143
B11001216,1,9.0,4.5649435568711425
B11001216,2,8.419354838709678,4.375696763306624
B11001216,3,7.967741935483871,4.596519517563066
B11001216,4,7.806451612903226,4.417117399235212
B11001216,5,7.354838709677419,1.943531655663492
B11001216,6,7.0,0.0
B11001216,7,7.935483870967742,0.24567010018915833
B11001216,8,12.548387096774194,2.1226688872725292
B11001216,9,26.0,4.227406739590536
B11001216,10,35.645161290322584,4.177886385650618
B11001216,11,36.61290322580645,4.653666049504645
B11001216,12,37.03225806451613,4.961034432765018
B11001216,13,37.225806451612904,4.797241663231304
B11001216,14,37.29032258064516,4.787035909533951
B11001216,15,37.32258064516129,4.6861986573767425
B11001216,16,37.645161290322584,4.714756430590225
B11001216,17,40.193548387096776,4.438972235295373
B11001216,18,42.774193548387096,4.163665238777433
B11001216,19,42.806451612903224,4.328594756989771
B11001216,20,42.61290322580645,4.308112522528142
B11001216,21,42.45161290322581,4.3242654395968305
B11001216,22,30.580645161290324,3.696329422098379
B11001216,23,14.870967741935484,3.4523665140518487
B11001216,24,10.064516129032258,4.398940369995041
B11001225,1,1.6129032258064515,0.6052149367514101
B11001225,2,1.5806451612903225,0.661093597803845
B11001225,3,1.4838709677419355,0.6154446460754487
B11001225,4,1.6774193548387097,0.6419273787784644
B11001225,5,3.032258064516129,1.121170786902114
B11001225,6,3.129032258064516,1.0392905608765814
B11001225,7,3.838709677419355,1.29756034587863
B11001225,8,6.419354838709677,3.328994748475854
B11001225,9,13.903225806451612,7.095454422737172
B11001225,10,21.93548387096774,10.892244899900906
B11001225,11,24.29032258064516,11.927721974830105
B11001225,12,25.258064516129032,12.461470275019416
B11001225,13,27.29032258064516,13.574628963947594
B11001225,14,27.903225806451612,14.943668070478022
B11001225,15,27.483870967741936,14.399531730159381
B11001225,16,26.483870967741936,13.703945670904151
B11001225,17,24.483870967741936,13.057863698570586
B11001225,18,23.06451612903226,12.742956267808824
B11001225,19,20.483870967741936,13.146497062548974
B11001225,20,17.774193548387096,11.934524808895906
B11001225,21,11.709677419354838,8.344183016840077
B11001225,22,6.161290322580645,4.494417858127428
B11001225,23,1.7419354838709677,0.6704712803492429
B11001225,24,1.6774193548387097,0.5895376413708731
B11001227,1,7.870967741935484,2.5111613491649756
B11001227,2,7.612903225806452,2.510332446237899
B11001227,3,7.612903225806452,2.378362398860227
B11001227,4,7.516129032258065,2.601128387176705
B11001227,5,7.419354838709677,2.1368380853779603
B11001227,6,7.129032258064516,1.2376339415000568
B11001227,7,11.0,2.5272706175226958
B11001227,8,17.0,3.8268996969247286
B11001227,9,22.29032258064516,6.1128819473627445
B11001227,10,26.096774193548388,7.18131463708097
B11001227,11,32.064516129032256,8.864337698349777
B11001227,12,32.96774193548387,9.552854229674118
B11001227,13,34.58064516129032,9.125555019968735
B11001227,14,35.83870967741935,9.346715048937535
B11001227,15,37.193548387096776,9.25069955450174
B11001227,16,37.74193548387097,8.28900453938241
B11001227,17,37.16129032258065,9.425760084671014
B11001227,18,34.54838709677419,8.272920105740326
B11001227,19,29.451612903225808,7.589630913196187
B11001227,20,25.548387096774192,5.5523241845335445
B11001227,21,22.161290322580644,5.8810618648036925
B11001227,22,18.516129032258064,4.641127280625212
B11001227,23,10.387096774193548,2.7436427322535377
B11001227,24,8.612903225806452,2.672167410184869
B11001263,1,79.09677419354838,7.199259992032682
B11001263,2,40.70967741935484,5.663656338598607
B11001263,3,35.516129032258064,6.17419691913482
B11001263,4,42.38709677419355,4.870433638737359
B11001263,5,61.064516129032256,4.071422703476638
B11001263,6,87.64516129032258,7.806318313977897
B11001263,7,105.38709677419355,9.677634406212718
B11001263,8,128.1290322580645,13.336203298477207
B11001263,9,148.38709677419354,14.349727252336233
B11001263,10,156.5483870967742,15.176039497111821
B11001263,11,165.70967741935485,16.457557433292926
B11001263,12,169.90322580645162,16.818489899435043
B11001263,13,174.3548387096774,17.903952324695044
B11001263,14,170.48387096774192,15.94318737659713
B11001263,15,177.58064516129033,17.832146024576833
B11001263,16,178.41935483870967,18.255841651988455
B11001263,17,171.80645161290323,14.728553254048277
B11001263,18,172.32258064516128,17.026330835719342
B11001263,19,180.74193548387098,19.324007702163055
B11001263,20,182.74193548387098,20.736391171911936
B11001263,21,179.74193548387098,20.149390036290118
B11001263,22,182.1290322580645,21.386975137103622
B11001263,23,178.70967741935485,20.727406741281513
B11001263,24,156.32258064516128,15.907772692930585
B11001264,1,14.573770491803279,5.039057342216465
B11001264,2,12.754098360655737,3.1965952055832734
B11001264,3,11.327868852459016,3.124316641219901
B11001264,4,10.868852459016393,3.048651461274315
B11001264,5,10.639344262295081,2.885990961923329
B11001264,6,10.819672131147541,2.9056654480137083
B11001264,7,12.295081967213115,2.9772044445682235
B11001264,8,11.754098360655737,2.108963988568624
B11001264,9,15.754098360655737,4.031253873623425
B11001264,10,24.229508196721312,6.471611253555479
B11001264,11,47.63934426229508,8.887332644681484
B11001264,12,50.31147540983606,9.59087849376595
B11001264,13,51.18032786885246,9.635161354057935
B11001264,14,50.967213114754095,8.76275129545838
B11001264,15,49.39344262295082,7.090235003908002
B11001264,16,47.21311475409836,5.737751756249105
B11001264,17,46.377049180327866,4.697972825561302
B11001264,18,46.47540983606557,3.2723709626630506
B11001264,19,46.31147540983606,4.347756095857662
B11001264,20,46.459016393442624,5.667201496595117
B11001264,21,45.622950819672134,5.674689084936377
B11001264,22,44.32786885245902,3.861203887158791
B11001264,23,17.83606557377049,4.216207323225625
B11001264,24,11.426229508196721,2.6763016835596747
B11001265,1,26.737704918032787,5.458942548607029
B11001265,2,26.229508196721312,5.002928462485996
B11001265,3,23.59016393442623,4.078641083483518
B11001265,4,26.098360655737704,1.5439455315371942
B11001265,5,23.672131147540984,1.3993126119916917
B11001265,6,23.704918032786885,1.5186735184286508
B11001265,7,23.934426229508198,1.4470869829976334
B11001265,8,24.60655737704918,1.7859073877241076
B11001265,9,29.78688524590164,5.531177665188552
B11001265,10,48.885245901639344,8.226503272173018
B11001265,11,72.44262295081967,7.363010321124198
B11001265,12,74.27868852459017,7.752590571874296
B11001265,13,75.52459016393442,7.573912425041521
B11001265,14,76.63934426229508,7.303789240861629
B11001265,15,73.95081967213115,7.61669053710164
B11001265,16,77.42622950819673,5.9875800864446305
B11001265,17,75.11475409836065,6.1699917917306975
B11001265,18,76.91803278688525,5.041776560317893
B11001265,19,75.81967213114754,4.400105053594284
B11001265,20,74.11475409836065,3.254748665251837
B11001265,21,72.34426229508196,2.9636333809105317
B11001265,22,74.60655737704919,3.1997883563442753
B11001265,23,61.377049180327866,4.173153599472995
B11001265,24,28.688524590163933,6.250353389633019
B11001266,1,8.967213114754099,3.42108799257528
B11001266,2,8.459016393442623,3.321927992882324
B11001266,3,8.21311475409836,3.3442622950819674
B11001266,4,9.39344262295082,3.384044958255543
B11001266,5,9.704918032786885,3.4845996655780915
B11001266,6,8.475409836065573,1.288111559381193
B11001266,7,8.278688524590164,1.0578534954033887
B11001266,8,8.163934426229508,1.0586153633418323
B11001266,9,9.967213114754099,3.3238690329230374
B11001266,10,20.557377049180328,5.585474693019251
B11001266,11,39.59016393442623,3.3650910356249706
B11001266,12,41.34426229508197,4.482699881353118
B11001266,13,42.90163934426229,4.897991953995316
B11001266,14,42.32786885245902,5.494322886653125
B11001266,15,42.91803278688525,6.717471914117528
B11001266,16,43.36065573770492,6.29085411304756
B11001266,17,44.622950819672134,5.951068052441882
B11001266,18,45.49180327868852,4.727398171245728
B11001266,19,46.34426229508197,4.73869749656888
B11001266,20,45.59016393442623,4.046358610641473
B11001266,21,45.91803278688525,4.157927770318686
B11001266,22,43.16393442622951,2.3828645653254585
B11001266,23,22.262295081967213,7.021983371548503
B11001266,24,9.491803278688524,3.33202518450164
B11001267,1,23.524590163934427,7.260055903178729
B11001267,2,22.475409836065573,7.3765391444814545
B11001267,3,22.147540983606557,7.587383975559867
B11001267,4,22.557377049180328,7.595349289206324
B11001267,5,21.721311475409838,7.5620518239581624
B11001267,6,21.983606557377048,7.309306448852428
B11001267,7,20.40983606557377,3.8384467879100925
B11001267,8,20.950819672131146,3.0644777562092913
B11001267,9,32.68852459016394,6.058569283056194
B11001267,10,44.81967213114754,8.324382902784695
B11001267,11,75.0327868852459,7.361769239227163
B11001267,12,77.0327868852459,6.894919044246513
B11001267,13,77.08196721311475,7.738121689248208
B11001267,14,79.01639344262296,6.063845566826191
B11001267,15,78.63934426229508,5.383742335701178
B11001267,16,78.95081967213115,4.970160895598612
B11001267,17,82.04918032786885,7.161889643282967
B11001267,18,88.22950819672131,10.793734434236285
B11001267,19,98.93442622950819,6.0864505591101565
B11001267,20,99.34426229508196,5.79679178059681
B11001267,21,100.44262295081967,5.840852706004814
B11001267,22,98.67213114754098,6.075269167552181
B11001267,23,94.19672131147541,3.9580574475869197
B11001267,24,34.18032786885246,7.751273183037466
B11001268,1,12.295081967213115,5.469271124439311
B11001268,2,12.262295081967213,5.51867660349021
B11001268,3,12.163934426229508,5.359778340990654
B11001268,4,11.37704918032787,4.982473986923382
B11001268,5,12.262295081967213,5.542389966059539
B11001268,6,10.78688524590164,4.169030056233981
B11001268,7,10.475409836065573,1.2093428289513435
B11001268,8,15.59016393442623,1.0142759539841326
B11001268,9,21.78688524590164,2.50320944218051
B11001268,10,27.21311475409836,4.892666824847431
B11001268,11,53.98360655737705,5.687177995290893
B11001268,12,56.131147540983605,4.639373225884218
B11001268,13,57.83606557377049,4.6383304227333975
B11001268,14,56.63934426229508,4.8486360660659615
B11001268,15,56.459016393442624,4.809736608758622
B11001268,16,55.80327868852459,4.5007091322173345
B11001268,17,56.68852459016394,4.28317709415419
B11001268,18,57.36065573770492,3.167627166364443
B11001268,19,56.295081967213115,3.0586842895999107
B11001268,20,59.24590163934426,2.2298697874570403
B11001268,21,58.721311475409834,2.305596523508087
B11001268,22,58.39344262295082,3.1377066310357278
B11001268,23,33.01639344262295,4.99669334358164
B11001268,24,12.327868852459016,4.772603892764048
B11001269,1,21.983606557377048,5.514487040569843
B11001269,2,22.59016393442623,5.896309068295454
B11001269,3,21.868852459016395,5.9601832127084275
B11001269,4,21.524590163934427,4.61148444282973
B11001269,5,20.770491803278688,2.988466587568745
B11001269,6,21.229508196721312,4.698773619639633
B11001269,7,23.327868852459016,4.56185650831681
B11001269,8,22.75409836065574,2.8264310909053942
B11001269,9,28.065573770491802,4.044299175175893
B11001269,10,35.19672131147541,5.524371256060886
B11001269,11,68.1311475409836,5.369847236084784
B11001269,12,67.22950819672131,5.935150757329412
B11001269,13,68.11475409836065,6.111259054778675
B11001269,14,69.26229508196721,5.467944257646553
B11001269,15,69.60655737704919,5.035215946089805
B11001269,16,70.98360655737704,5.608809824595731
B11001269,17,69.8688524590164,5.573577624435558
B11001269,18,69.06557377049181,5.172020730940589
B11001269,19,72.8688524590164,4.355043843622129
B11001269,20,74.47540983606558,4.7515538696616595
B11001269,21,73.62295081967213,4.645335874942082
B11001269,22,73.01639344262296,4.15081190271979
B11001269,23,52.60655737704918,5.749636306458343
B11001269,24,24.081967213114755,5.301701186820591
B11001270,1,15.0,8.494935810600897
B11001270,2,13.885245901639344,8.077693147110544
B11001270,3,12.37704918032787,7.809544254090483
B11001270,4,12.229508196721312,7.84980618456142
B11001270,5,12.01639344262295,7.808133219265222
B11001270,6,12.049180327868852,5.620297610427488
B11001270,7,11.60655737704918,3.803702633240105
B11001270,8,11.885245901639344,2.033315637208348
B11001270,9,21.80327868852459,3.161342691145219
B11001270,10,29.737704918032787,4.888600454601492
B11001270,11,52.18032786885246,2.802271892831685
B11001270,12,53.868852459016395,3.78727554585072
B11001270,13,54.67213114754098,4.961231045919656
B11001270,14,55.0655737704918,6.293032453251187
B11001270,15,54.90163934426229,6.4622609808550395
B11001270,16,55.19672131147541,6.659935686518468
B11001270,17,55.18032786885246,6.085479079760848
B11001270,18,59.0655737704918,4.504529059495188
B11001270,19,61.73770491803279,3.9708017910424975
B11001270,20,61.59016393442623,3.5500036905098704
B11001270,21,60.540983606557376,3.419202143017172
B11001270,22,60.52459016393443,3.0973630105171144
B11001270,23,60.131147540983605,2.25777643287696
B11001270,24,23.950819672131146,8.648749041559439
B11001321,1,2.0,0.0
B11001321,2,2.0,0.0
B11001321,3,2.0,0.0
B11001321,4,2.0,0.0
B11001321,5,2.0,0.0
B11001321,6,2.0,0.0
B11001321,7,2.0,0.0
B11001321,8,2.0,0.0
B11001321,9,2.032258064516129,0.17668469596940847
B11001321,10,26.612903225806452,7.6776904262256735
B11001321,11,104.2258064516129,6.479295448652278
B11001321,12,106.35483870967742,5.215042678183541
B11001321,13,108.12903225806451,5.172769492715277
B11001321,14,108.41935483870968,5.154229040615265
B11001321,15,109.12903225806451,5.277719054507757
B11001321,16,108.83870967741936,4.288745768934259
B11001321,17,109.41935483870968,4.01428251371225
B11001321,18,109.64516129032258,3.8982906683924634
B11001321,19,110.3225806451613,3.135510420702676
B11001321,20,111.41935483870968,3.2306415376914273
B11001321,21,104.29032258064517,2.975096077462924
B11001321,22,34.25806451612903,14.01374381129971
B11001321,23,2.0,0.0
B11001321,24,2.0,0.0
B11001329,1,1.4838709677419355,1.2919344770645664
B11001329,2,1.3548387096774193,1.283854757556929
B11001329,3,1.4193548387096775,1.454119699301244
B11001329,4,1.3548387096774193,1.283854757556929
B11001329,5,1.3870967741935485,1.2870927318232261
B11001329,6,1.4193548387096775,1.454119699301244
B11001329,7,1.5483870967741935,1.4555502158294806
B11001329,8,1.6451612903225807,1.44910177065911
B11001329,9,3.4838709677419355,3.2909550309307996
B11001329,10,17.29032258064516,4.939593481948637
B11001329,11,29.29032258064516,0.7270598496506222
B11001329,12,31.29032258064516,3.7605211408500865
B11001329,13,32.903225806451616,3.994793698171024
B11001329,14,32.96774193548387,3.830976216594457
B11001329,15,33.645161290322584,3.4505575715571815
B11001329,16,33.74193548387097,2.950863645426909
B11001329,17,33.354838709677416,2.8118228170762456
B11001329,18,32.516129032258064,2.197813689922042
B11001329,19,32.29032258064516,1.4852728300930758
B11001329,20,32.12903225806452,1.3852200357150897
B11001329,21,31.419354838709676,0.7082096258096822
B11001329,22,11.225806451612904,5.265282992850155
B11001329,23,2.225806451612903,2.0432371125307247
B11001329,24,1.6129032258064515,1.4295819229780864
B11001340,1,98.6774193548387,9.79264732987803
B11001340,2,82.64516129032258,8.299041480202064
B11001340,3,76.61290322580645,8.552220686351243
B11001340,4,72.51612903225806,7.893937926241292
B11001340,5,71.61290322580645,7.037583068230716
B11001340,6,73.83870967741936,6.923996488107551
B11001340,7,97.6774193548387,5.953513989581407
B11001340,8,138.32258064516128,6.902019792150578
B11001340,9,154.67741935483872,7.437425399025997
B11001340,10,176.19354838709677,7.8675296563038115
B11001340,11,179.2258064516129,8.396272895945211
B11001340,12,179.0,9.987088438772881
B11001340,13,174.09677419354838,8.963563658787752
B11001340,14,178.74193548387098,10.48491309956907
B11001340,15,177.0,10.664986426802002
B11001340,16,174.4516129032258,11.284699060338923
B11001340,17,166.1290322580645,9.979792277506842
B11001340,18,160.19354838709677,7.566562072863567
B11001340,19,158.41935483870967,7.079157019016879
B11001340,20,163.51612903225808,6.03148175097819
B11001340,21,149.7741935483871,6.046644910379347
B11001340,22,145.74193548387098,6.34984247676339
B11001340,23,142.8709677419355,6.121047430311312
B11001340,24,138.96774193548387,6.135480478951608
B11001366,1,134.54098360655738,8.888330479041004
B11001366,2,110.73770491803279,10.715243683258686
B11001366,3,108.42622950819673,10.842326010795615
B11001366,4,113.37704918032787,10.291113362677672
B11001366,5,105.8688524590164,11.100842398747863
B11001366,6,105.0327868852459,13.16723107568496
B11001366,7,135.45901639344262,12.754393354926382
B11001366,8,228.54098360655738,20.535913181060614
B11001366,9,270.42622950819674,18.48123462662533
B11001366,10,285.42622950819674,16.009688681702432
B11001366,11,289.3606557377049,17.356467861266832
B11001366,12,286.75409836065575,17.97051842278814
B11001366,13,287.7704918032787,16.48983138489875
B11001366,14,284.5245901639344,17.773259115483935
B11001366,15,290.2950819672131,21.9555021389539
B11001366,16,284.8196721311475,18.612976433009866
B11001366,17,277.6393442622951,17.22467995551755
B11001366,18,270.4918032786885,15.455513049828914
B11001366,19,286.9672131147541,10.029411196804231
B11001366,20,292.08196721311475,11.553574540143961
B11001366,21,274.44262295081967,10.843937023485028
B11001366,22,265.1803278688525,10.538778037109086
B11001366,23,219.9672131147541,12.624419756982249
B11001366,24,183.14754098360655,10.955702258916372
B11001367,1,99.88524590163935,8.089860807847812
B11001367,2,92.06557377049181,9.197057356298792
B11001367,3,94.70491803278688,8.52834091507681
B11001367,4,92.06557377049181,8.220065119719354
B11001367,5,90.90163934426229,16.12421549041698
B11001367,6,91.54098360655738,12.463157206627391
B11001367,7,113.22950819672131,11.462545482503325
B11001367,8,159.40983606557376,12.665141329300603
B11001367,9,196.78688524590163,14.037554728560217
B11001367,10,209.55737704918033,15.36178416695991
B11001367,11,218.21311475409837,15.81565395329697
B11001367,12,222.65573770491804,14.44479059299454
B11001367,13,218.34426229508196,13.388134269191125
B11001367,14,217.2295081967213,14.9626786444522
B11001367,15,220.45901639344262,15.167451962426588
B11001367,16,216.50819672131146,14.049821130440282
B11001367,17,214.62295081967213,15.022566559904522
B11001367,18,211.72131147540983,12.646688347108293
B11001367,19,213.95081967213116,10.477808289010273
B11001367,20,212.7704918032787,12.74258825732961
B11001367,21,212.72131147540983,12.24226908617814
B11001367,22,203.31147540983608,11.375182914914204
B11001367,23,127.01639344262296,11.94727735398621
B11001367,24,100.77049180327869,10.578966825847967
B11001368,1,120.31147540983606,10.611687005460272
B11001368,2,111.08196721311475,11.213713913625135
B11001368,3,110.08196721311475,11.540797315933142
B11001368,4,124.04918032786885,11.949931379881447
B11001368,5,110.1639344262295,12.31576402569827
B11001368,6,109.70491803278688,13.741577763106786
B11001368,7,128.1639344262295,16.851502173512507
B11001368,8,241.19672131147541,32.40411817186364
B11001368,9,289.1803278688525,21.40668517973545
B11001368,10,284.1803278688525,15.972833696183802
B11001368,11,279.42622950819674,16.737568439256684
B11001368,12,280.2950819672131,17.755483348185923
B11001368,13,284.0327868852459,15.191636194500497
B11001368,14,274.344262295082,16.818106212856993
B11001368,15,287.40983606557376,28.308822148731924
B11001368,16,282.8032786885246,17.594540576629463
B11001368,17,277.91803278688525,15.651213834419625
B11001368,18,271.1311475409836,13.069141993782205
B11001368,19,278.1967213114754,9.20587779473055
B11001368,20,264.5245901639344,9.099822656130064
B11001368,21,263.1311475409836,8.860439632796353
B11001368,22,257.2950819672131,8.031381610099963
B11001368,23,176.14754098360655,12.527786906429665
B11001368,24,121.93442622950819,11.246666322040145
B11001369,1,81.90163934426229,7.093531844847238
B11001369,2,79.62295081967213,6.799623746645247
B11001369,3,73.45901639344262,6.831877476374286
B11001369,4,74.19672131147541,6.487869316393096
B11001369,5,76.42622950819673,5.943612127961738
B11001369,6,72.9672131147541,7.52692916965969
B11001369,7,111.1311475409836,16.22129283707376
B11001369,8,194.54098360655738,14.267438303838205
B11001369,9,220.91803278688525,17.790488416490586
B11001369,10,230.59016393442624,18.382437314253778
B11001369,11,243.88524590163934,19.582610519938296
B11001369,12,247.672131147541,22.824865152475752
B11001369,13,245.327868852459,23.447689467404874
B11001369,14,242.54098360655738,22.711717038475907
B11001369,15,242.78688524590163,24.296741165882995
B11001369,16,240.9016393442623,22.955912783829355
B11001369,17,237.7377049180328,20.97844454949426
B11001369,18,225.4262295081967,18.203277507440788
B11001369,19,232.59016393442624,12.094406035443605
B11001369,20,226.60655737704917,13.23467711401686
B11001369,21,214.44262295081967,13.14674377207731
B11001369,22,206.7377049180328,11.41885360635727
B11001369,23,136.60655737704917,10.60664605836188
B11001369,24,84.24590163934427,7.677208632293889
B11001370,1,105.04918032786885,16.94970982827033
B11001370,2,116.75409836065573,18.027897996002185
B11001370,3,105.1311475409836,18.895289906491588
B11001370,4,101.68852459016394,18.273460988868266
B11001370,5,100.42622950819673,14.220118530775093
B11001370,6,104.1639344262295,14.173607807851255
B11001370,7,119.8688524590164,15.62834269538716
B11001370,8,202.8360655737705,18.742587892650597
B11001370,9,269.9836065573771,17.249843718254937
B11001370,10,292.8032786885246,23.010204202634164
B11001370,11,304.39344262295083,21.93005175815963
B11001370,12,301.42622950819674,21.637444029830494
B11001370,13,296.55737704918033,21.625368064839986
B11001370,14,310.5409836065574,23.214307184340253
B11001370,15,308.21311475409834,23.20621366344344
B11001370,16,304.6393442622951,22.47040515359546
B11001370,17,296.37704918032784,20.734989778843126
B11001370,18,300.60655737704917,20.227621667222316
B11001370,19,295.1803278688525,19.177777608233512
B11001370,20,296.08196721311475,18.762794613378972
B11001370,21,287.7704918032787,18.748895873609225
B11001370,22,256.4590163934426,18.11581481947477
B11001370,23,142.98360655737704,19.43420324698707
B11001370,24,108.44262295081967,17.632425969762227
B11001371,1,148.327868852459,11.098251688449734
B11001371,2,109.91803278688525,13.792722103171602
B11001371,3,106.22950819672131,13.862785945990764
B11001371,4,102.49180327868852,12.53274131804001
B11001371,5,103.39344262295081,11.4136511428483
B11001371,6,102.32786885245902,12.194760110257796
B11001371,7,142.29508196721312,11.608849454145707
B11001371,8,215.39344262295083,12.658540418444634
B11001371,9,251.19672131147541,16.568605184951195
B11001371,10,286.1639344262295,17.179076415439315
B11001371,11,298.8524590163934,19.13012906949489
B11001371,12,292.6393442622951,19.493616262249652
B11001371,13,290.8524590163934,18.668669349064864
B11001371,14,294.08196721311475,21.09175511509155
B11001371,15,292.672131147541,21.255449686135773
B11001371,16,286.3606557377049,20.597654479620036
B11001371,17,276.9016393442623,22.46651783303453
B11001371,18,269.37704918032784,23.453591381059585
B11001371,19,295.21311475409834,13.039806337315762
B11001371,20,319.24590163934425,15.650544156155332
B11001371,21,285.2295081967213,14.99551128753278
B11001371,22,272.59016393442624,15.449947794681101
B11001371,23,263.327868852459,17.214863299167664
B11001371,24,243.78688524590163,12.536000295670904
B11001503,1,104.40983606557377,11.340305384011213
B11001503,2,78.54098360655738,9.448000517919995
B11001503,3,67.90163934426229,7.705022671071819
B11001503,4,62.36065573770492,8.40771072111833
B11001503,5,60.377049180327866,7.8618479753646495
B11001503,6,58.60655737704918,7.415709263856838
B11001503,7,65.06557377049181,4.218883592746792
B11001503,8,78.49180327868852,7.1531787060470515
B11001503,9,85.45901639344262,10.071179087517312
B11001503,10,94.31147540983606,13.658049909535494
B11001503,11,105.36065573770492,14.590624417120862
B11001503,12,107.29508196721312,14.380478870130332
B11001503,13,108.22950819672131,12.860402363007829
B11001503,14,114.24590163934427,15.133997919898942
B11001503,15,126.70491803278688,16.687429510916473
B11001503,16,139.14754098360655,14.134988637749375
B11001503,17,161.04918032786884,17.79429474740839
B11001503,18,169.72131147540983,16.321695455507292
B11001503,19,173.0,17.873875064911513
B11001503,20,175.0655737704918,17.510529715011355
B11001503,21,168.52459016393442,16.23152827302272
B11001503,22,161.78688524590163,16.06657741930241
B11001503,23,154.24590163934425,15.229022914853891
B11001503,24,137.52459016393442,14.917924697860986
B11001512,1,8.508196721311476,0.6924167895718975
B11001512,2,8.688524590163935,0.75836285286691
B11001512,3,8.59016393442623,0.7100461582854988
B11001512,4,8.688524590163935,0.8206551482481198
B11001512,5,8.40983606557377,0.7327703815943284
B11001512,6,6.639344262295082,0.7020528887004543
B11001512,7,6.377049180327869,0.8900899646228347
B11001512,8,9.459016393442623,1.655331876900241
B11001512,9,23.983606557377048,4.582546372382823
B11001512,10,28.37704918032787,5.575602399053881
B11001512,11,27.21311475409836,5.726311873741779
B11001512,12,27.34426229508197,5.627465567916568
B11001512,13,27.934426229508198,6.062161202185177
B11001512,14,28.868852459016395,6.106903939995292
B11001512,15,27.688524590163933,5.424718723860425
B11001512,16,27.37704918032787,5.4446964251017445
B11001512,17,27.557377049180328,5.142317491725182
B11001512,18,29.934426229508198,5.639058322907122
B11001512,19,27.83606557377049,5.411524823349965
B11001512,20,23.9672131147541,5.066661244616307
B11001512,21,20.016393442622952,4.240676574842277
B11001512,22,15.327868852459016,2.7741270165786927
B11001512,23,9.19672131147541,0.9020863273572199
B11001512,24,8.491803278688524,0.6924167895718975
B11001513,1,6.081967213114754,5.2644651059138035
B11001513,2,6.065573770491803,5.621588517285188
B11001513,3,6.098360655737705,5.5477211922828715
B11001513,4,6.19672131147541,5.9058727985367785
B11001513,5,6.147540983606557,5.702562166668049
B11001513,6,6.229508196721311,5.823619072569207
B11001513,7,6.836065573770492,6.231017936123299
B11001513,8,9.344262295081966,6.605723414800278
B11001513,9,11.62295081967213,7.801143115955128
B11001513,10,13.98360655737705,8.495884834665041
B11001513,11,16.885245901639344,12.446736830447474
B11001513,12,17.9672131147541,13.407811783562394
B11001513,13,18.770491803278688,14.275272031082569
B11001513,14,18.42622950819672,13.47548960927287
B11001513,15,19.16393442622951,14.245137597651627
B11001513,16,19.885245901639344,15.62689816473531
B11001513,17,19.62295081967213,15.806373413056873
B11001513,18,22.60655737704918,18.453555957934217
B11001513,19,23.39344262295082,20.393890670319323
B11001513,20,16.24590163934426,11.951617954403916
B11001513,21,11.295081967213115,5.887871006848008
B11001513,22,9.360655737704919,4.307952185090319
B11001513,23,7.409836065573771,4.0746197617242395
B11001513,24,6.098360655737705,3.6829466020030925
B11001527,1,3.0163934426229506,1.180327868852459
B11001527,2,2.7868852459016393,0.7490924366423518
B11001527,3,2.7704918032786887,0.5245901639344263
B11001527,4,2.639344262295082,0.5442030384491092
B11001527,5,2.6885245901639343,0.5291807341498023
B11001527,6,2.721311475409836,0.5471580087960207
B11001527,7,2.721311475409836,0.5471580087960208
B11001527,8,4.360655737704918,1.8019369076603071
B11001527,9,8.524590163934427,4.492640821760168
B11001527,10,12.442622950819672,4.5214410518885195
B11001527,11,13.40983606557377,4.3809462604624505
B11001527,12,13.278688524590164,4.020974303027318
B11001527,13,13.245901639344263,3.740148755281888
B11001527,14,13.278688524590164,3.737848717394888
B11001527,15,13.459016393442623,3.9818183937797476
B11001527,16,13.426229508196721,4.225058022274758
B11001527,17,13.475409836065573,4.190569261290611
B11001527,18,13.311475409836065,4.25630095542665
B11001527,19,13.295081967213115,4.592739324355139
B11001527,20,12.639344262295081,4.995187148843902
B11001527,21,11.475409836065573,4.964155310502331
B11001527,22,7.704918032786885,3.795356361570566
B11001527,23,4.967213114754099,3.1569190890661054
B11001527,24,3.3934426229508197,1.7108974591016064
B11001528,1,3.5737704918032787,2.5508533859291704
B11001528,2,2.4098360655737703,1.2197426385402148
B11001528,3,2.081967213114754,0.5809850867760443
B11001528,4,1.9508196721311475,0.6120706459867039
B11001528,5,2.0,0.47907013758040845
B11001528,6,2.262295081967213,0.8077826226068799
B11001528,7,5.147540983606557,2.0311998035060377
B11001528,8,10.19672131147541,5.410432157919316
B11001528,9,16.40983606557377,8.062007741597903
B11001528,10,18.983606557377048,7.145999232124978
B11001528,11,19.24590163934426,6.990991246831596
B11001528,12,18.83606557377049,6.616373945933028
B11001528,13,18.081967213114755,6.2234223939892575
B11001528,14,17.540983606557376,6.441600886684755
B11001528,15,17.278688524590162,6.122067441268683
B11001528,16,17.918032786885245,6.766104242610797
B11001528,17,18.540983606557376,7.38090973665949
B11001528,18,18.75409836065574,7.278208520577966
B11001528,19,18.278688524590162,7.426428542912338
B11001528,20,16.672131147540984,6.657231520969054
B11001528,21,13.60655737704918,4.79849255196859
B11001528,22,9.163934426229508,4.552716097512841
B11001528,23,7.540983606557377,4.24871733968243
B11001528,24,5.819672131147541,3.4994528692790383
B11001598,1,28.049180327868854,7.930902889306677
B11001598,2,25.59016393442623,6.8290052780679265
B11001598,3,24.278688524590162,5.709156142005816
B11001598,4,23.934426229508198,5.464846982271314
B11001598,5,24.065573770491802,5.577674621110857
B11001598,6,23.557377049180328,5.835236632969733
B11001598,7,27.229508196721312,7.356035645228158
B11001598,8,48.278688524590166,19.753506555314477
B11001598,9,92.37704918032787,24.22311857007426
B11001598,10,121.80327868852459,25.466673608071346
B11001598,11,127.24590163934427,31.944960729203057
B11001598,12,126.24590163934427,27.324795523783063
B11001598,13,130.7377049180328,28.581147999373766
B11001598,14,133.80327868852459,28.81928980145135
B11001598,15,131.81967213114754,28.356343839749087
B11001598,16,130.34426229508196,28.01281044532939
B11001598,17,128.1639344262295,27.110690123021946
B11001598,18,123.80327868852459,26.716986474888632
B11001598,19,106.18032786885246,21.868090531618424
B11001598,20,77.8688524590164,19.19142176012379
B11001598,21,67.88524590163935,19.135494751005574
B11001598,22,52.47540983606557,14.890426627867425
B11001598,23,39.540983606557376,12.254907040589975
B11001598,24,33.22950819672131,10.588260499905886
B11001599,1,6.147540983606557,2.1412120481646815
B11001599,2,4.885245901639344,1.3562044511440288
B11001599,3,4.508196721311475,0.6924167895718976
B11001599,4,4.426229508196721,0.6129481670767186
B11001599,5,4.459016393442623,0.5887962293792778
B11001599,6,4.491803278688525,0.6173170617627125
B11001599,7,5.786885245901639,1.3071650478196444
B11001599,8,8.39344262295082,1.7767043401426266
B11001599,9,15.639344262295081,4.655449079023968
B11001599,10,27.081967213114755,8.092285502542698
B11001599,11,29.37704918032787,8.891262858958196
B11001599,12,30.80327868852459,9.371774281566314
B11001599,13,31.62295081967213,9.48365969068528
B11001599,14,32.08196721311475,9.84518702745064
B11001599,15,32.704918032786885,10.87084273249286
B11001599,16,33.39344262295082,10.929398898361004
B11001599,17,33.73770491803279,10.495747209546213
B11001599,18,32.049180327868854,10.435478936762461
B11001599,19,28.81967213114754,9.981143199284999
B11001599,20,25.24590163934426,10.066428115608765
B11001599,21,21.360655737704917,8.303727756373958
B11001599,22,15.131147540983607,6.469285337771889
B11001599,23,10.049180327868852,5.0939572993382916
B11001599,24,7.688524590163935,3.8305971952616136
B11001607,1,16.21311475409836,30.143435657687174
B11001607,2,15.327868852459016,29.293719637702356
B11001607,3,15.737704918032787,29.316196854491327
B11001607,4,15.967213114754099,29.09113278968987
B11001607,5,15.557377049180328,26.33424784408265
B11001607,6,20.327868852459016,13.365874471064096
B11001607,7,27.24590163934426,13.401315983465425
B11001607,8,30.262295081967213,11.946467533789118
B11001607,9,57.39344262295082,13.515357007256343
B11001607,10,94.80327868852459,16.880311231816446
B11001607,11,124.78688524590164,22.87751760156207
B11001607,12,127.29508196721312,20.45814941416495
B11001607,13,128.81967213114754,19.310668245537837
B11001607,14,131.72131147540983,21.06596287195663
B11001607,15,132.9672131147541,21.357969459814885
B11001607,16,133.95081967213116,20.854237474422625
B11001607,17,131.7704918032787,18.53343760866276
B11001607,18,132.29508196721312,17.301894392911006
B11001607,19,144.60655737704917,16.07082550495283
B11001607,20,147.45901639344262,15.1328258664616
B11001607,21,122.8360655737705,22.29032012792854
B11001607,22,61.09836065573771,35.42561124015759
B11001607,23,19.9672131147541,28.047364630657796
B11001607,24,18.80327868852459,31.94196564987932
B11001608,1,56.21311475409836,11.490715787743612
B11001608,2,55.65573770491803,11.554411897273571
B11001608,3,55.21311475409836,11.245567074314085
B11001608,4,55.377049180327866,11.017369199566131
B11001608,5,56.75409836065574,4.93782901026225
B11001608,6,68.26229508196721,12.853399932102246
B11001608,7,108.50819672131148,19.97836776904958
B11001608,8,138.37704918032787,21.684143889273013
B11001608,9,199.78688524590163,28.88536685187085
B11001608,10,258.8032786885246,21.42376470577089
B11001608,11,266.7049180327869,22.329385374944597
B11001608,12,266.9836065573771,22.214669354589265
B11001608,13,270.9836065573771,23.454519508047905
B11001608,14,270.344262295082,23.6496873759545
B11001608,15,262.672131147541,20.692693975961667
B11001608,16,259.39344262295083,20.446875338280098
B11001608,17,261.9344262295082,21.31486732149845
B11001608,18,272.0655737704918,21.42609780836768
B11001608,19,254.8360655737705,14.973397533646734
B11001608,20,220.62295081967213,12.054743892304668
B11001608,21,134.91803278688525,14.229149349558455
B11001608,22,100.24590163934427,23.237657212198407
B11001608,23,66.01639344262296,11.921178018694278
B11001608,24,56.63934426229508,11.890253326156342
B11001609,1,19.770491803278688,31.86312604559499
B11001609,2,18.295081967213115,28.251995004151343
B11001609,3,18.295081967213115,28.19856074823624
B11001609,4,18.18032786885246,28.234677084330823
B11001609,5,18.131147540983605,27.941082867310342
B11001609,6,18.114754098360656,27.077967791059038
B11001609,7,23.75409836065574,27.459451917270354
B11001609,8,84.90163934426229,40.704333727476694
B11001609,9,140.86885245901638,21.75532752528286
B11001609,10,158.01639344262296,5.529331039722821
B11001609,11,166.2622950819672,6.2852980662637705
B11001609,12,168.68852459016392,6.532493771320883
B11001609,13,169.62295081967213,6.655858837628225
B11001609,14,170.37704918032787,6.69270200629927
B11001609,15,171.04918032786884,7.020873397417435
B11001609,16,171.80327868852459,7.082232842620102
B11001609,17,185.0327868852459,7.059390242359914
B11001609,18,189.70491803278688,6.985568876925127
B11001609,19,189.01639344262296,6.423552470168371
B11001609,20,188.54098360655738,6.2215220595475005
B11001609,21,185.86885245901638,6.165678162841444
B11001609,22,115.78688524590164,20.29302937261904
B11001609,23,30.57377049180328,35.99428871653976
B11001609,24,19.950819672131146,31.9966321124779
B11001610,1,7.049180327868853,8.282761536613252
B11001610,2,7.295081967213115,9.77508418863596
B11001610,3,7.344262295081967,10.160813904894125
B11001610,4,7.295081967213115,10.038196334452673
B11001610,5,7.327868852459017,9.966700806505974
B11001610,6,7.344262295081967,9.804457410358268
B11001610,7,9.01639344262295,8.074432027487406
B11001610,8,15.59016393442623,11.556528279494879
B11001610,9,22.0,12.414956606488145
B11001610,10,42.26229508196721,6.313923306430321
B11001610,11,62.868852459016395,7.782863499825767
B11001610,12,66.37704918032787,6.852459016393443
B11001610,13,66.77049180327869,7.062701481525744
B11001610,14,67.54098360655738,7.787282129661437
B11001610,15,67.88524590163935,7.592270358847047
B11001610,16,68.18032786885246,7.19632920250753
B11001610,17,67.98360655737704,7.011680660246049
B11001610,18,67.50819672131148,6.5050370163629
B11001610,19,71.0,5.43516178292398
B11001610,20,71.90163934426229,4.901337783365757
B11001610,21,25.34426229508197,8.417166779085406
B11001610,22,7.360655737704918,8.045022464558688
B11001610,23,6.967213114754099,7.350626633519197
B11001610,24,6.967213114754099,7.350626633519197
B11001611,1,12.295081967213115,5.792432208918868
B11001611,2,9.737704918032787,4.482759832536795
B11001611,3,8.688524590163935,3.573770491803278
B11001611,4,8.278688524590164,3.193903760424212
B11001611,5,8.229508196721312,3.220800443342377
B11001611,6,8.39344262295082,3.179229149402853
B11001611,7,8.442622950819672,3.159812145090297
B11001611,8,12.262295081967213,3.9376353032980456
B11001611,9,21.16393442622951,7.792767407317667
B11001611,10,25.83606557377049,9.008521153482919
B11001611,11,25.885245901639344,9.18498125622678
B11001611,12,25.868852459016395,8.959792536086262
B11001611,13,20.360655737704917,5.474329921972025
B11001611,14,26.360655737704917,9.261294012346374
B11001611,15,26.557377049180328,9.232026561465494
B11001611,16,26.852459016393443,9.031522329739468
B11001611,17,26.78688524590164,8.757413260753337
B11001611,18,27.0327868852459,8.128007061429491
B11001611,19,26.78688524590164,7.834590711057107
B11001611,20,25.885245901639344,8.152437754008
B11001611,21,25.24590163934426,8.326642481019503
B11001611,22,23.19672131147541,8.117618305581976
B11001611,23,19.42622950819672,7.336097627917883
B11001611,24,15.967213114754099,6.533563316469795
B11001612,1,6.459016393442623,3.3219279928823244
B11001612,2,5.245901639344262,2.532773621908081
B11001612,3,4.459016393442623,2.069083668979931
B11001612,4,4.032786885245901,1.6982846998649006
B11001612,5,4.672131147540983,1.8617928207484542
B11001612,6,8.114754098360656,4.231413981613555
B11001612,7,9.098360655737705,4.823796607029883
B11001612,8,10.80327868852459,4.89167801887711
B11001612,9,15.19672131147541,6.251084291862656
B11001612,10,16.114754098360656,6.638433453008637
B11001612,11,16.311475409836067,6.769122236741829
B11001612,12,16.737704918032787,7.024317572230742
B11001612,13,17.147540983606557,7.178830594695541
B11001612,14,16.852459016393443,7.007808444809263
B11001612,15,16.737704918032787,6.818253320254106
B11001612,16,17.081967213114755,6.921799922192163
B11001612,17,17.24590163934426,7.002706122600428
B11001612,18,17.131147540983605,6.9435083725171145
B11001612,19,17.475409836065573,7.374316433732776
B11001612,20,16.918032786885245,7.776161727487397
B11001612,21,15.21311475409836,7.299482923744984
B11001612,22,12.672131147540984,5.9498486314274155
B11001612,23,10.37704918032787,4.838926633541204
B11001612,24,8.262295081967213,3.983168025514867
B11001613,1,108.85245901639344,13.29961920516594
B11001613,2,105.55737704918033,12.489371993509526
B11001613,3,105.81967213114754,12.706663021360237
B11001613,4,103.09836065573771,11.262450186251494
B11001613,5,103.1311475409836,11.325982619168505
B11001613,6,101.04918032786885,12.754203716535647
B11001613,7,99.52459016393442,13.442782885893841
B11001613,8,100.26229508196721,15.629838675676751
B11001613,9,103.29508196721312,16.089243186202285
B11001613,10,107.78688524590164,16.31464669723755
B11001613,11,112.37704918032787,15.390186285929552
B11001613,12,116.49180327868852,16.75926262200792
B11001613,13,106.44262295081967,15.383112510060444
B11001613,14,114.32786885245902,16.132363675335743
B11001613,15,119.34426229508196,18.083490564964734
B11001613,16,116.81967213114754,18.28957258839781
B11001613,17,118.57377049180327,19.66061138117918
B11001613,18,118.54098360655738,19.15388397071638
B11001613,19,114.90163934426229,14.75338796103945
B11001613,20,113.59016393442623,13.482687197717159
B11001613,21,114.50819672131148,11.966651682316607
B11001613,22,113.21311475409836,10.888578395669233
B11001613,23,111.36065573770492,12.852291735278055
B11001613,24,109.18032786885246,13.306608978829011
B11001614,1,63.40983606557377,2.9049254338802215
B11001614,2,63.295081967213115,2.5177680871800643
B11001614,3,66.73770491803279,2.727525987279917
B11001614,4,61.01639344262295,2.6207982970948684
B11001614,5,62.377049180327866,2.5809131337839855
B11001614,6,60.08196721311475,2.876103249287891
B11001614,7,62.75409836065574,3.8947452523225596
B11001614,8,59.049180327868854,4.166321763024986
B11001614,9,58.885245901639344,5.876037364029164
B11001614,10,59.60655737704918,5.8932545171649355
B11001614,11,62.68852459016394,10.783321948703716
B11001614,12,47.34426229508197,18.31588511119818
B11001614,13,40.459016393442624,20.107558134057083
B11001614,14,41.50819672131148,20.768531484601276
B11001614,15,56.60655737704918,16.165414091154954
B11001614,16,41.26229508196721,14.945695843312064
B11001614,17,57.63934426229508,16.19555979109883
B11001614,18,43.131147540983605,15.832603226022494
B11001614,19,44.50819672131148,15.357619939001255
B11001614,20,51.49180327868852,16.880120183337667
B11001614,21,50.77049180327869,15.902771634522358
B11001614,22,56.83606557377049,13.590233146613294
B11001614,23,65.42622950819673,10.174637410695738
B11001614,24,63.91803278688525,4.070264348636029
B11001615,1,34.98360655737705,9.169607323552833
B11001615,2,38.557377049180324,9.458320285776209
B11001615,3,34.868852459016395,6.559876572799431
B11001615,4,38.32786885245902,6.642440079692742
B11001615,5,39.60655737704918,7.774018705719187
B11001615,6,39.032786885245905,8.103768022821042
B11001615,7,39.01639344262295,6.978871634284862
B11001615,8,38.557377049180324,6.441475724829801
B11001615,9,33.31147540983606,5.707461275962233
B11001615,10,29.39344262295082,5.675020584997952
B11001615,11,29.18032786885246,6.179044959685395
B11001615,12,33.459016393442624,7.614855564094853
B11001615,13,43.622950819672134,8.623574121959267
B11001615,14,46.19672131147541,9.610137530158568
B11001615,15,46.73770491803279,7.69905601908817
B11001615,16,46.721311475409834,7.967415500364098
B11001615,17,47.377049180327866,8.703050029573163
B11001615,18,43.47540983606557,8.569114492915247
B11001615,19,42.459016393442624,8.49025240601032
B11001615,20,41.9344262295082,8.05079947655952
B11001615,21,43.78688524590164,12.487521317657988
B11001615,22,46.60655737704918,12.801483890068818
B11001615,23,42.278688524590166,10.0394813195343
B11001615,24,31.262295081967213,10.178572219988263
B11001616,1,110.21311475409836,13.790130414745322
B11001616,2,107.22950819672131,11.549456651222057
B11001616,3,101.01639344262296,13.538641483629444
B11001616,4,103.31147540983606,11.209686946107068
B11001616,5,149.27868852459017,13.573275511684637
B11001616,6,204.01639344262296,20.63618642752174
B11001616,7,207.88524590163934,20.82014972990343
B11001616,8,235.29508196721312,19.847239773646756
B11001616,9,258.08196721311475,29.334305481761206
B11001616,10,271.3114754098361,30.51124005926854
B11001616,11,279.37704918032784,29.62562245838493
B11001616,12,279.4754098360656,26.851508219921158
B11001616,13,276.11475409836066,34.0679640683033
B11001616,14,282.0655737704918,36.04181035302259
B11001616,15,285.2950819672131,30.877518089282
B11001616,16,289.2950819672131,29.255429235397997
B11001616,17,279.6393442622951,25.56062083117165
B11001616,18,256.6393442622951,24.829934859837607
B11001616,19,223.81967213114754,24.28485880349352
B11001616,20,188.9672131147541,23.311129554050563
B11001616,21,153.327868852459,29.468361089383233
B11001616,22,140.55737704918033,15.867819367537075
B11001616,23,128.80327868852459,14.041880767180363
B11001616,24,120.70491803278688,14.414637667719644
B11001617,1,21.39344262295082,4.33165507506436
B11001617,2,21.39344262295082,4.3202864527243
B11001617,3,22.459016393442624,3.9818183937797476
B11001617,4,21.721311475409838,4.687378055387747
B11001617,5,22.639344262295083,3.908933806606898
B11001617,6,22.278688524590162,4.037249297057295
B11001617,7,22.475409836065573,4.1195517716430645
B11001617,8,22.78688524590164,3.8201997806241335
B11001617,9,23.295081967213115,4.224612747002242
B11001617,10,23.557377049180328,4.514183803879829
B11001617,11,23.491803278688526,3.509345606270711
B11001617,12,25.950819672131146,5.9103305766140455
B11001617,13,26.934426229508198,6.3060440756390355
B11001617,14,26.131147540983605,6.069205824396417
B11001617,15,26.721311475409838,5.689020623717357
B11001617,16,26.672131147540984,6.067168598487474
B11001617,17,26.639344262295083,5.853492125373651
B11001617,18,26.262295081967213,5.878277988462943
B11001617,19,25.540983606557376,5.142474273680809
B11001617,20,25.049180327868854,4.822849404378902
B11001617,21,24.770491803278688,5.135519009392765
B11001617,22,23.901639344262296,4.671872296539508
B11001617,23,23.639344262295083,4.227283695100262
B11001617,24,22.524590163934427,4.366814337132416
B11001618,1,66.88524590163935,7.942618721344185
B11001618,2,61.67213114754098,8.109337486786673
B11001618,3,54.557377049180324,7.409618450308044
B11001618,4,57.721311475409834,8.382517223444502
B11001618,5,57.42622950819672,9.878705391377004
B11001618,6,63.278688524590166,9.610668845459271
B11001618,7,61.0,11.606950998234197
B11001618,8,55.14754098360656,8.167982405477451
B11001618,9,45.557377049180324,9.582300264864937
B11001618,10,46.65573770491803,9.999811876757759
B11001618,11,46.0,12.608870153878858
B11001618,12,48.557377049180324,11.970626057232604
B11001618,13,62.950819672131146,14.048424717136639
B11001618,14,71.75409836065573,16.909261927746723
B11001618,15,53.557377049180324,14.696408159555864
B11001618,16,59.39344262295082,14.26824823937677
B11001618,17,63.0655737704918,15.219561240157963
B11001618,18,73.78688524590164,18.205669045115425
B11001618,19,85.14754098360656,15.620327304534285
B11001618,20,77.63934426229508,13.231894882931881
B11001618,21,70.90163934426229,9.983108550393702
B11001618,22,73.68852459016394,11.906109443704139
B11001618,23,62.42622950819672,10.55113857020435
B11001618,24,59.40983606557377,9.490939681543619
B11001619,1,61.90163934426229,10.221649987164078
B11001619,2,63.68852459016394,8.590007507022728
B11001619,3,66.06557377049181,8.698725839349374
B11001619,4,62.49180327868852,6.189952066393692
B11001619,5,61.73770491803279,6.2512992468432005
B11001619,6,72.31147540983606,7.246346696516573
B11001619,7,57.59016393442623,9.342967986287741
B11001619,8,59.09836065573771,7.151074476259452
B11001619,9,64.73770491803279,8.33499759427279
B11001619,10,64.0,7.183770415112748
B11001619,11,66.63934426229508,6.784825853703985
B11001619,12,78.90163934426229,6.303017539197843
B11001619,13,72.90163934426229,7.374535090726307
B11001619,14,73.47540983606558,7.291599832048035
B11001619,15,70.8360655737705,7.110786836794015
B11001619,16,80.19672131147541,8.211985786743481
B11001619,17,73.95081967213115,7.207523913764135
B11001619,18,76.54098360655738,6.70104902600418
B11001619,19,78.80327868852459,9.943808803094349
B11001619,20,74.27868852459017,9.24906933296177
B11001619,21,67.19672131147541,9.854381853227423
B11001619,22,65.52459016393442,9.460195397727361
B11001619,23,65.09836065573771,8.747280454251896
B11001619,24,68.47540983606558,8.251391452210237
B11001620,1,54.24590163934426,14.565460759545719
B11001620,2,55.01639344262295,11.621759979690287
B11001620,3,48.885245901639344,8.537474500176954
B11001620,4,42.22950819672131,9.190860468507406
B11001620,5,40.42622950819672,8.443561940461379
B11001620,6,37.540983606557376,8.023681691404336
B11001620,7,46.47540983606557,12.905211245502757
B11001620,8,49.459016393442624,13.071773833863013
B11001620,9,54.295081967213115,12.85651491707428
B11001620,10,52.540983606557376,14.062592828682236
B11001620,11,49.52459016393443,10.778859937551182
B11001620,12,51.26229508196721,10.279538229317922
B11001620,13,56.08196721311475,13.25821129043718
B11001620,14,59.01639344262295,15.124068109244673
B11001620,15,63.114754098360656,15.987801046941431
B11001620,16,60.114754098360656,14.15962669770008
B11001620,17,55.967213114754095,10.170621808472458
B11001620,18,49.80327868852459,8.885094669331805
B11001620,19,55.59016393442623,11.435316376421913
B11001620,20,60.85245901639344,12.544786737171231
B11001620,21,57.950819672131146,9.823735441096844
B11001620,22,53.0,8.69143162008178
B11001620,23,50.295081967213115,9.017913433727305
B11001620,24,46.278688524590166,10.190209295846039
B11001621,1,271.6885245901639,23.160552234141115
B11001621,2,249.0327868852459,27.499011733726565
B11001621,3,248.60655737704917,22.624720767065646
B11001621,4,242.45901639344262,17.285997147783345
B11001621,5,239.18032786885246,21.679867669974
B11001621,6,263.5245901639344,22.072612328312406
B11001621,7,258.8688524590164,27.192378036378386
B11001621,8,253.27868852459017,26.491651111395477
B11001621,9,279.8360655737705,25.61069213694556
B11001621,10,276.21311475409834,30.9489875117624
B11001621,11,299.1311475409836,27.019407360136267
B11001621,12,304.95081967213116,26.360941194115455
B11001621,13,325.8196721311475,33.994458659679125
B11001621,14,314.9016393442623,41.62506531990456
B11001621,15,322.1311475409836,36.63979535424812
B11001621,16,321.8032786885246,33.25796819209789
B11001621,17,337.57377049180326,36.92058780431561
B11001621,18,304.42622950819674,22.034592041586095
B11001621,19,324.5245901639344,28.582125881641513
B11001621,20,321.21311475409834,21.79946965372215
B11001621,21,294.4754098360656,24.849452649166782
B11001621,22,289.8032786885246,26.78317288720549
B11001621,23,280.4918032786885,22.749976004901537
B11001621,24,269.4754098360656,18.02603450329555
B11001622,1,126.01639344262296,7.945494244917844
B11001622,2,119.22950819672131,8.817630332246999
B11001622,3,119.67213114754098,8.834955372938605
B11001622,4,122.67213114754098,8.15771044598331
B11001622,5,114.88524590163935,8.813362359909716
B11001622,6,110.37704918032787,9.552553404120015
B11001622,7,119.26229508196721,9.38764734113139
B11001622,8,118.91803278688525,9.04686356658304
B11001622,9,124.40983606557377,8.669481140865008
B11001622,10,129.98360655737704,8.441683856731796
B11001622,11,125.8688524590164,7.978404067859369
B11001622,12,123.63934426229508,7.733327464188278
B11001622,13,127.8360655737705,8.60266891081731
B11001622,14,130.27868852459017,9.142104266041805
B11001622,15,133.98360655737704,9.054465075995159
B11001622,16,143.2622950819672,10.112322687811876
B11001622,17,135.47540983606558,9.787255944870099
B11001622,18,127.85245901639344,10.032465440045005
B11001622,19,134.29508196721312,8.671309887047965
B11001622,20,130.81967213114754,9.063542890535
B11001622,21,129.08196721311475,9.719500563919926
B11001622,22,130.327868852459,7.881751722320904
B11001622,23,122.67213114754098,8.758548632435327
B11001622,24,121.01639344262296,9.428752335240398
B11001624,1,11.639344262295081,2.024706308475832
B11001624,2,13.98360655737705,3.964977015122383
B11001624,3,10.934426229508198,2.654219359527833
B11001624,4,11.836065573770492,3.2702350036819428
B11001624,5,10.836065573770492,2.741187536534883
B11001624,6,10.852459016393443,2.9633613257044775
B11001624,7,10.540983606557377,1.8954109420058536
B11001624,8,15.327868852459016,3.3618950134055323
B11001624,9,16.114754098360656,4.012678107607199
B11001624,10,18.78688524590164,3.979928140459943
B11001624,11,18.57377049180328,3.8939171410578766
B11001624,12,19.311475409836067,4.392769706235267
B11001624,13,15.311475409836065,3.6643653247188497
B11001624,14,20.81967213114754,4.09521190516922
B11001624,15,18.721311475409838,5.462633567533795
B11001624,16,20.770491803278688,4.549881794980334
B11001624,17,17.950819672131146,4.809233705730501
B11001624,18,17.737704918032787,5.627513323663356
B11001624,19,12.557377049180328,3.266946186031242
B11001624,20,17.39344262295082,3.6362414775112843
B11001624,21,15.475409836065573,5.280979036706428
B11001624,22,17.24590163934426,4.779243844797009
B11001624,23,13.704918032786885,3.5590764241979094
B11001624,24,14.245901639344263,3.7489047043274466
B11001649,1,92.60655737704919,30.838701833431607
B11001649,2,51.14754098360656,46.55926456575596
B11001649,3,34.36065573770492,35.410951712843755
B11001649,4,26.049180327868854,27.62122386001132
B11001649,5,21.081967213114755,14.571806465605295
B11001649,6,19.62295081967213,10.631169660100602
B11001649,7,21.770491803278688,11.65683285533193
B11001649,8,53.01639344262295,12.785098656188834
B11001649,9,98.77049180327869,6.405411243687051
B11001649,10,140.5737704918033,9.86708224415403
B11001649,11,196.50819672131146,18.07781264044243
B11001649,12,204.49180327868854,15.475652957245584
B11001649,13,207.8360655737705,14.514187889581033
B11001649,14,211.45901639344262,13.612402457753825
B11001649,15,213.85245901639345,12.786822194043792
B11001649,16,216.5737704918033,11.27663915807473
B11001649,17,238.7377049180328,9.929095577890962
B11001649,18,243.8360655737705,11.075272009935501
B11001649,19,245.86885245901638,10.854439916286074
B11001649,20,244.7704918032787,10.947555221687626
B11001649,21,234.50819672131146,10.611813631583654
B11001649,22,231.54098360655738,10.202175548272242
B11001649,23,210.45901639344262,10.391632463767488
B11001649,24,138.18032786885246,26.006624752936375
B11001650,1,62.01639344262295,28.1089751743709
B11001650,2,36.19672131147541,35.0024915610262
B11001650,3,27.688524590163933,29.683323674759585
B11001650,4,20.21311475409836,21.44616955679878
B11001650,5,15.78688524590164,16.805653570678267
B11001650,6,15.524590163934427,15.832739018629544
B11001650,7,13.655737704918034,8.916525909335823
B11001650,8,20.540983606557376,6.237311764607537
B11001650,9,45.67213114754098,10.526658292282146
B11001650,10,89.11475409836065,10.314876032337141
B11001650,11,122.88524590163935,17.894131614890057
B11001650,12,129.0327868852459,22.497334787950763
B11001650,13,132.55737704918033,23.06905143484958
B11001650,14,135.54098360655738,21.333859619057048
B11001650,15,138.1639344262295,20.011619844045242
B11001650,16,140.55737704918033,16.553464884352945
B11001650,17,142.50819672131146,15.314862545284983
B11001650,18,146.85245901639345,15.742639253776662
B11001650,19,159.4262295081967,15.294335195165566
B11001650,20,160.7377049180328,15.179690529410154
B11001650,21,159.62295081967213,15.426360167387987
B11001650,22,157.60655737704917,15.27054240024
B11001650,23,149.0,16.068500904299547
B11001650,24,91.36065573770492,20.476322020920513
B11001651,1,39.34426229508197,9.821163574851411
B11001651,2,22.885245901639344,15.243486500051006
B11001651,3,18.0327868852459,13.533161714978599
B11001651,4,16.83606557377049,12.628591458480562
B11001651,5,16.16393442622951,10.814653580271253
B11001651,6,19.262295081967213,8.162090778724515
B11001651,7,19.18032786885246,6.152457050752526
B11001651,8,22.262295081967213,5.014410837184581
B11001651,9,36.52459016393443,10.2279055070695
B11001651,10,61.19672131147541,8.001679479715692
B11001651,11,72.72131147540983,6.799544699176396
B11001651,12,75.29508196721312,6.807286988281188
B11001651,13,75.59016393442623,6.7152311562091604
B11001651,14,75.21311475409836,6.249235373813607
B11001651,15,75.1311475409836,5.990362231681507
B11001651,16,77.73770491803279,8.054937675867329
B11001651,17,84.42622950819673,7.655404212204868
B11001651,18,85.54098360655738,6.858221751292035
B11001651,19,90.0327868852459,5.438078292187338
B11001651,20,89.14754098360656,4.434721665259314
B11001651,21,88.01639344262296,3.7569249863950733
B11001651,22,86.18032786885246,3.6192028681325303
B11001651,23,78.19672131147541,3.2684265635044074
B11001651,24,54.32786885245902,5.667628270476859
B11001652,1,76.91803278688525,25.990726645092256
B11001652,2,44.377049180327866,36.16771675894068
B11001652,3,34.557377049180324,34.88882793146832
B11001652,4,28.049180327868854,28.903698912138346
B11001652,5,25.852459016393443,27.2064578071504
B11001652,6,23.639344262295083,22.516320337417948
B11001652,7,23.19672131147541,17.28907517473802
B11001652,8,39.557377049180324,18.817087273220523
B11001652,9,65.11475409836065,21.691653120577666
B11001652,10,109.67213114754098,18.317528388892487
B11001652,11,156.1639344262295,21.783721044694754
B11001652,12,159.47540983606558,19.55455299578135
B11001652,13,162.13114754098362,19.424064346380497
B11001652,14,171.4262295081967,37.155613840734105
B11001652,15,169.672131147541,16.59717664265192
B11001652,16,170.327868852459,16.447353976711856
B11001652,17,169.65573770491804,14.572470391400714
B11001652,18,168.0327868852459,14.159474859571748
B11001652,19,180.44262295081967,12.60825203387199
B11001652,20,179.29508196721312,11.52665373405295
B11001652,21,175.52459016393442,11.661350704008111
B11001652,22,170.9672131147541,10.57210560027824
B11001652,23,155.19672131147541,11.505978021611554
B11001652,24,102.8360655737705,17.754408667799698
B11001653,1,103.40983606557377,25.387086590369048
B11001653,2,60.60655737704918,41.201336397442645
B11001653,3,35.704918032786885,35.1443600224378
B11001653,4,29.34426229508197,31.529265741946535
B11001653,5,24.557377049180328,26.602430919467622
B11001653,6,19.262295081967213,18.704695333511424
B11001653,7,16.639344262295083,10.917023534310832
B11001653,8,27.57377049180328,6.785855627926644
B11001653,9,67.91803278688525,13.380062341454918
B11001653,10,101.36065573770492,10.125495797430295
B11001653,11,127.50819672131148,10.202254573746444
B11001653,12,132.54098360655738,10.704026774838175
B11001653,13,135.29508196721312,8.288534965754037
B11001653,14,137.21311475409837,7.397639752303722
B11001653,15,139.4262295081967,7.6146085147282445
B11001653,16,139.47540983606558,7.993043199316062
B11001653,17,139.672131147541,8.457650162892898
B11001653,18,141.36065573770492,10.621711119729799
B11001653,19,155.50819672131146,8.747126836609091
B11001653,20,161.45901639344262,7.289277484472168
B11001653,21,160.672131147541,6.882435023423962
B11001653,22,157.86885245901638,6.73497212338862
B11001653,23,152.70491803278688,6.800058491298781
B11001653,24,134.5737704918033,11.495485951398548
B11001654,1,108.9672131147541,33.88068128542309
B11001654,2,75.93442622950819,51.97031588192927
B11001654,3,48.68852459016394,48.00120933709031
B11001654,4,32.98360655737705,38.85175346941862
B11001654,5,27.934426229508198,32.794876075416646
B11001654,6,23.885245901639344,25.750440620553416
B11001654,7,20.81967213114754,18.94989787309417
B11001654,8,62.442622950819676,19.04999857163106
B11001654,9,119.29508196721312,13.935853350255906
B11001654,10,163.29508196721312,16.402063307126525
B11001654,11,214.95081967213116,15.56627947536555
B11001654,12,222.98360655737704,13.86881370377874
B11001654,13,227.0655737704918,13.466252722108907
B11001654,14,229.36065573770492,13.845793332728572
B11001654,15,232.36065573770492,11.381654474917147
B11001654,16,233.40983606557376,12.333317596005756
B11001654,17,240.13114754098362,11.040128607346757
B11001654,18,242.85245901639345,9.996451937076854
B11001654,19,253.88524590163934,10.521014662554954
B11001654,20,249.85245901639345,11.316368625635661
B11001654,21,235.78688524590163,9.737732516381932
B11001654,22,231.55737704918033,10.866589780055094
B11001654,23,218.19672131147541,12.035221087593312
B11001654,24,139.34426229508196,23.10410171937161
B11001655,1,103.19672131147541,16.174073234281664
B11001655,2,58.80327868852459,30.78685032907114
B11001655,3,36.60655737704918,34.26525204904252
B11001655,4,33.721311475409834,31.92775202076877
B11001655,5,32.557377049180324,29.24544217826251
B11001655,6,30.540983606557376,26.236361809514126
B11001655,7,26.59016393442623,17.82002653967622
B11001655,8,42.81967213114754,12.090516805075517
B11001655,9,76.52459016393442,16.11191042734907
B11001655,10,132.59016393442624,10.775468570969208
B11001655,11,166.95081967213116,16.240433481160732
B11001655,12,176.52459016393442,17.5243217940162
B11001655,13,182.68852459016392,18.523835760063
B11001655,14,186.672131147541,22.688714108940296
B11001655,15,190.327868852459,22.91232134090088
B11001655,16,192.55737704918033,17.96401192016054
B11001655,17,193.14754098360655,17.3666687213705
B11001655,18,205.59016393442624,18.187887384578485
B11001655,19,230.91803278688525,13.928735578601424
B11001655,20,230.85245901639345,14.163953400108722
B11001655,21,221.70491803278688,14.356519353384407
B11001655,22,217.72131147540983,14.106307329586775
B11001655,23,208.24590163934425,11.478641231213533
B11001655,24,130.98360655737704,15.469156836177337
B11001656,1,104.62295081967213,35.60307775166389
B11001656,2,64.59016393442623,49.66787299824553
B11001656,3,51.18032786885246,46.44528181819108
B11001656,4,40.78688524590164,38.82753575648676
B11001656,5,35.42622950819672,30.648434301406883
B11001656,6,30.491803278688526,20.096996717819675
B11001656,7,30.081967213114755,21.260519156845564
B11001656,8,111.73770491803279,12.843192544402608
B11001656,9,161.59016393442624,17.24593280555683
B11001656,10,191.14754098360655,13.411319008948961
B11001656,11,208.9016393442623,11.809561169555305
B11001656,12,215.9344262295082,13.196955501434905
B11001656,13,220.2622950819672,13.49547785746956
B11001656,14,222.18032786885246,14.530361877322418
B11001656,15,222.21311475409837,14.446185898693756
B11001656,16,220.19672131147541,13.559606929032777
B11001656,17,220.2295081967213,13.412000306335587
B11001656,18,238.78688524590163,10.550603671794828
B11001656,19,237.5737704918033,9.781982460900181
B11001656,20,235.85245901639345,10.226670476514123
B11001656,21,227.49180327868854,18.976795969625012
B11001656,22,224.0,18.273872775892585
B11001656,23,216.18032786885246,18.492806041873095
B11001656,24,145.21311475409837,21.125010236954246
B11001657,1,40.98360655737705,15.987179087927464
B11001657,2,22.24590163934426,16.08752264467044
B11001657,3,18.24590163934426,13.375602621882946
B11001657,4,15.295081967213115,9.124537737754588
B11001657,5,10.344262295081966,2.952549583996074
B11001657,6,13.950819672131148,2.2134183155501823
B11001657,7,13.754098360655737,1.8435153314280917
B11001657,8,24.37704918032787,3.8630826662273074
B11001657,9,54.57377049180328,3.399416615299627
B11001657,10,61.950819672131146,4.9536415798792
B11001657,11,77.80327868852459,4.583719128991245
B11001657,12,83.1311475409836,5.032599985849851
B11001657,13,85.14754098360656,5.751225288048984
B11001657,14,87.8688524590164,5.9326145228383345
B11001657,15,89.81967213114754,5.582490767676247
B11001657,16,90.88524590163935,5.800221478687471
B11001657,17,105.1311475409836,6.56487276501644
B11001657,18,111.55737704918033,6.39293818943211
B11001657,19,121.04918032786885,5.854593907346681
B11001657,20,122.39344262295081,6.109059889910325
B11001657,21,122.22950819672131,6.033766848419017
B11001657,22,120.39344262295081,5.513853457576281
B11001657,23,116.01639344262296,5.199280540640682
B11001657,24,58.80327868852459,5.702515039418285
B11001658,1,156.9016393442623,51.415601675689906
B11001658,2,76.24590163934427,71.19026820066159
B11001658,3,50.442622950819676,61.499706674007655
B11001658,4,47.09836065573771,59.24157404790328
B11001658,5,39.81967213114754,47.702118108357084
B11001658,6,37.278688524590166,44.13583026333742
B11001658,7,31.83606557377049,35.551477490160735
B11001658,8,77.1639344262295,20.897235151553105
B11001658,9,179.31147540983608,13.978368515236532
B11001658,10,207.11475409836066,19.651970543714132
B11001658,11,232.55737704918033,27.179744501244226
B11001658,12,239.78688524590163,29.125007425087837
B11001658,13,248.31147540983608,31.24443083941366
B11001658,14,257.5081967213115,31.987509319824998
B11001658,15,263.9344262295082,32.95494632017885
B11001658,16,266.57377049180326,32.36546379150358
B11001658,17,295.7704918032787,30.531571105731835
B11001658,18,295.40983606557376,28.9546717820443
B11001658,19,293.9016393442623,28.234210685801987
B11001658,20,289.8688524590164,26.2725159702009
B11001658,21,279.655737704918,26.08302333747
B11001658,22,273.62295081967216,26.062449549851696
B11001658,23,261.39344262295083,24.175776176208235
B11001658,24,224.672131147541,27.553656334966206
B11001659,1,170.7377049180328,38.081836658139125
B11001659,2,110.09836065573771,55.959207894074254
B11001659,3,56.83606557377049,57.04906726953184
B11001659,4,50.278688524590166,49.48724993851197
B11001659,5,44.24590163934426,44.06614095068239
B11001659,6,39.9344262295082,38.242911633982025
B11001659,7,33.19672131147541,16.116196590042268
B11001659,8,84.24590163934427,21.591327750351805
B11001659,9,146.80327868852459,11.41155536320876
B11001659,10,189.5737704918033,30.158303109411335
B11001659,11,231.37704918032787,35.557002923002855
B11001659,12,240.5737704918033,37.669598568012304
B11001659,13,247.2295081967213,43.17877189523898
B11001659,14,252.50819672131146,43.9047489685807
B11001659,15,254.34426229508196,44.49899068514673
B11001659,16,258.0,42.57452482335447
B11001659,17,264.1311475409836,32.5039596124292
B11001659,18,272.04918032786884,20.42613740999683
B11001659,19,283.0163934426229,20.258567750969284
B11001659,20,284.55737704918033,17.677924169884726
B11001659,21,279.21311475409834,15.44330164531351
B11001659,22,271.5245901639344,15.023049566404863
B11001659,23,262.4918032786885,16.945063550054897
B11001659,24,207.14754098360655,31.14789473483328
B11001660,1,62.81967213114754,15.827459223333117
B11001660,2,37.39344262295082,26.36333686715887
B11001660,3,25.147540983606557,25.815128405820023
B11001660,4,21.78688524590164,22.41860669987947
B11001660,5,16.131147540983605,17.1181769079059
B11001660,6,11.262295081967213,10.7121834105435
B11001660,7,10.39344262295082,9.05407921565905
B11001660,8,11.967213114754099,9.06256434797235
B11001660,9,43.50819672131148,11.337769391770715
B11001660,10,63.950819672131146,4.531949349000724
B11001660,11,71.09836065573771,5.933248683099436
B11001660,12,74.8688524590164,7.2958002961867185
B11001660,13,77.06557377049181,8.91465702742899
B11001660,14,78.09836065573771,8.85531222993292
B11001660,15,79.63934426229508,7.4217950788848155
B11001660,16,81.31147540983606,6.466917028689382
B11001660,17,81.77049180327869,5.457416198294594
B11001660,18,83.90163934426229,5.394912351444044
B11001660,19,86.72131147540983,5.429522055894246
B11001660,20,87.40983606557377,5.048541581909873
B11001660,21,86.68852459016394,4.768547854728728
B11001660,22,84.95081967213115,4.392341432830994
B11001660,23,80.70491803278688,4.656545762247411
B11001660,24,74.09836065573771,6.3599796835245845
B11001661,1,96.09836065573771,36.73150473279717
B11001661,2,57.049180327868854,52.81685840823006
B11001661,3,39.65573770491803,47.658582646419816
B11001661,4,30.39344262295082,37.839297245287206
B11001661,5,22.83606557377049,24.928211898463882
B11001661,6,19.9672131147541,22.23198641826958
B11001661,7,18.311475409836067,13.19033548785558
B11001661,8,35.73770491803279,10.713713656168402
B11001661,9,83.0327868852459,27.845573691351447
B11001661,10,152.34426229508196,19.969554897804986
B11001661,11,212.95081967213116,16.936163877015396
B11001661,12,223.52459016393442,15.87513423965657
B11001661,13,224.5737704918033,12.941810520707039
B11001661,14,230.98360655737704,13.903050500600655
B11001661,15,230.52459016393442,12.623951418719827
B11001661,16,230.5737704918033,16.902283303310202
B11001661,17,228.72131147540983,17.16375436359431
B11001661,18,231.14754098360655,13.67399837860735
B11001661,19,226.7704918032787,10.71905525966579
B11001661,20,222.40983606557376,10.625328614675727
B11001661,21,214.80327868852459,11.27280155169832
B11001661,22,208.78688524590163,9.856536075775352
B11001661,23,197.95081967213116,9.691006866277412
B11001661,24,133.04918032786884,27.95864992959271
B11001662,1,42.75409836065574,5.5770482165745445
B11001662,2,32.40983606557377,13.34949750289062
B11001662,3,20.295081967213115,15.496529767317165
B11001662,4,16.065573770491802,13.934117643641917
B11001662,5,13.655737704918034,11.833386009751875
B11001662,6,13.98360655737705,7.371837867867208
B11001662,7,16.60655737704918,4.9696742266308584
B11001662,8,17.81967213114754,5.795725379914688
B11001662,9,39.67213114754098,6.0509349270172335
B11001662,10,48.09836065573771,4.083974751582922
B11001662,11,60.16393442622951,6.071109569554493
B11001662,12,64.29508196721312,7.5255722777763205
B11001662,13,66.11475409836065,7.8282765321699355
B11001662,14,67.18032786885246,8.207370131940314
B11001662,15,68.54098360655738,8.302821504413876
B11001662,16,68.95081967213115,7.493004889826062
B11001662,17,68.0327868852459,6.566100754520639
B11001662,18,67.19672131147541,5.383093364250183
B11001662,19,69.21311475409836,4.725635542645398
B11001662,20,66.14754098360656,3.9331965291407616
B11001662,21,59.278688524590166,2.846517271177924
B11001662,22,57.83606557377049,2.6989999840186862
B11001662,23,55.32786885245902,2.5589528562490638
B11001662,24,46.60655737704918,3.3743423817097984
B11001663,1,45.75409836065574,15.554932524006356
B11001663,2,31.114754098360656,22.978320759784264
B11001663,3,20.62295081967213,22.6210144098802
B11001663,4,16.78688524590164,19.51217757977987
B11001663,5,12.967213114754099,11.63934426229508
B11001663,6,10.754098360655737,8.513548965638547
B11001663,7,9.180327868852459,2.479477712859624
B11001663,8,39.9344262295082,9.920782710493171
B11001663,9,55.131147540983605,6.2737428623447595
B11001663,10,66.59016393442623,5.403026016692862
B11001663,11,85.81967213114754,13.402358731381323
B11001663,12,91.32786885245902,12.583779973006116
B11001663,13,97.81967213114754,10.013938149876461
B11001663,14,103.27868852459017,10.511712667213894
B11001663,15,107.11475409836065,10.196589530538457
B11001663,16,108.78688524590164,10.124009369224378
B11001663,17,108.32786885245902,9.062119520967958
B11001663,18,111.19672131147541,7.350297578744905
B11001663,19,121.24590163934427,7.2646815455006895
B11001663,20,123.65573770491804,6.960980819107907
B11001663,21,122.40983606557377,7.579906676142334
B11001663,22,120.31147540983606,7.5368841316110045
B11001663,23,115.26229508196721,7.305739130354675
B11001663,24,57.67213114754098,15.853552439955118
B11001667,1,107.36065573770492,4.8655119080509
B11001667,2,95.9672131147541,5.288302008670644
B11001667,3,92.98360655737704,4.492222069743594
B11001667,4,90.81967213114754,4.492281893850105
B11001667,5,92.47540983606558,3.628695097514109
B11001667,6,91.08196721311475,3.8974353987525703
B11001667,7,108.36065573770492,5.898131926783749
B11001667,8,113.55737704918033,7.599664768628867
B11001667,9,124.57377049180327,11.0118550370572
B11001667,10,137.0,11.011171674229054
B11001667,11,143.75409836065575,10.063170535980538
B11001667,12,140.9344262295082,9.029766535585562
B11001667,13,145.72131147540983,8.789209381891
B11001667,14,142.2622950819672,9.90926315988949
B11001667,15,140.13114754098362,9.473821410907673
B11001667,16,139.68852459016392,8.934260789564668
B11001667,17,145.65573770491804,9.241540652733143
B11001667,18,145.47540983606558,9.360899770009587
B11001667,19,145.63934426229508,9.282510942954694
B11001667,20,134.59016393442624,9.021608030087283
B11001667,21,128.14754098360655,8.49654908843907
B11001667,22,120.1311475409836,6.754416672429161
B11001667,23,115.1639344262295,6.233648322253683
B11001667,24,105.8688524590164,5.608761909598189
B11001668,1,92.32786885245902,6.55299033598067
B11001668,2,69.29508196721312,6.848104350110525
B11001668,3,63.704918032786885,5.528893590723524
B11001668,4,63.50819672131148,5.342753483080878
B11001668,5,63.868852459016395,5.487617685615276
B11001668,6,63.42622950819672,5.345318210078622
B11001668,7,77.14754098360656,8.471429448685626
B11001668,8,99.95081967213115,8.800942999974113
B11001668,9,115.31147540983606,8.595730895418056
B11001668,10,110.8360655737705,8.763149983598613
B11001668,11,110.73770491803279,8.947756636775468
B11001668,12,108.68852459016394,8.808604183367043
B11001668,13,117.22950819672131,8.688400865187742
B11001668,14,111.73770491803279,9.664709572772553
B11001668,15,111.44262295081967,9.758602073637618
B11001668,16,113.26229508196721,9.85784474057692
B11001668,17,112.39344262295081,9.689065475456932
B11001668,18,109.19672131147541,8.918243729424233
B11001668,19,111.52459016393442,7.933342291493643
B11001668,20,103.27868852459017,7.886762404868802
B11001668,21,97.47540983606558,7.610619322458499
B11001668,22,95.0,7.563935136825167
B11001668,23,90.70491803278688,6.787993890602373
B11001668,24,86.8360655737705,6.262509652147537
B11001669,1,102.18032786885246,5.664118286024382
B11001669,2,94.31147540983606,6.1338645684818704
B11001669,3,90.75409836065573,6.810444576867759
B11001669,4,90.1311475409836,6.609668551090957
B11001669,5,88.44262295081967,5.823988240181152
B11001669,6,86.54098360655738,5.339533259186683
B11001669,7,106.72131147540983,6.768129624046891
B11001669,8,111.36065573770492,8.124104564802458
B11001669,9,113.65573770491804,9.118321038116179
B11001669,10,119.47540983606558,10.434191206965195
B11001669,11,122.80327868852459,11.531595473664272
B11001669,12,122.68852459016394,10.740670345118598
B11001669,13,129.01639344262296,9.657226637964245
B11001669,14,126.57377049180327,11.996528208697718
B11001669,15,124.68852459016394,12.10004875157034
B11001669,16,125.63934426229508,11.06320557536535
B11001669,17,124.88524590163935,10.905102371203014
B11001669,18,118.98360655737704,8.972621020434913
B11001669,19,120.06557377049181,7.61118429090583
B11001669,20,115.60655737704919,8.061807730655213
B11001669,21,111.75409836065573,8.652973975072156
B11001669,22,106.65573770491804,8.383991861742153
B11001669,23,101.81967213114754,7.738573166068818
B11001669,24,97.0327868852459,6.613367518759914
B11001670,1,87.09836065573771,4.944627546625274
B11001670,2,73.95081967213115,5.311374214781808
B11001670,3,65.45901639344262,3.6420754778857205
B11001670,4,65.29508196721312,3.1170828223116285
B11001670,5,68.55737704918033,5.6872725035789395
B11001670,6,70.50819672131148,6.3649216723952655
B11001670,7,104.09836065573771,5.14926357310803
B11001670,8,111.88524590163935,6.209718350192118
B11001670,9,115.09836065573771,7.300808214933393
B11001670,10,113.47540983606558,6.499953486282627
B11001670,11,117.27868852459017,6.154116701720313
B11001670,12,116.68852459016394,7.25086989378574
B11001670,13,115.34426229508196,4.522748496654239
B11001670,14,119.52459016393442,7.841893710270622
B11001670,15,111.40983606557377,7.881035650467847
B11001670,16,110.18032786885246,6.720431769699812
B11001670,17,113.21311475409836,6.799505175097359
B11001670,18,111.65573770491804,7.430299612037452
B11001670,19,113.27868852459017,4.749913364321168
B11001670,20,109.52459016393442,6.1660268509889224
B11001670,21,101.21311475409836,5.662979445481525
B11001670,22,93.29508196721312,5.73554994660518
B11001670,23,87.06557377049181,6.421962450837574
B11001670,24,83.06557377049181,6.148087407409566
B11001673,1,55.01639344262295,5.360730936455565
B11001673,2,53.73770491803279,5.1339488503658215
B11001673,3,55.0655737704918,4.803922074070129
B11001673,4,57.19672131147541,4.958250855421045
B11001673,5,57.73770491803279,4.318855492533369
B11001673,6,56.47540983606557,7.88567191514749
B11001673,7,69.47540983606558,11.770491803278688
B11001673,8,100.36065573770492,8.829965350702018
B11001673,9,122.67213114754098,6.532946292561178
B11001673,10,124.44262295081967,8.979986107849953
B11001673,11,129.7704918032787,9.712917615762452
B11001673,12,129.70491803278688,9.028814097636234
B11001673,13,122.36065573770492,8.721619617383913
B11001673,14,127.14754098360656,8.085275151849022
B11001673,15,125.0327868852459,7.944411817026893
B11001673,16,131.44262295081967,8.492088102065576
B11001673,17,132.7377049180328,7.827864560980714
B11001673,18,124.90163934426229,7.837917333847207
B11001673,19,118.59016393442623,6.919625331419605
B11001673,20,122.75409836065573,5.99359148934467
B11001673,21,115.77049180327869,5.45441148760912
B11001673,22,80.40983606557377,6.809773711799269
B11001673,23,69.04918032786885,10.09532634847611
B11001673,24,62.49180327868852,8.499996047867302
B11001674,1,56.16393442622951,5.073816838157985
B11001674,2,56.34426229508197,4.724839301288941
B11001674,3,55.459016393442624,4.287128162882135
B11001674,4,53.885245901639344,3.854307195323931
B11001674,5,52.08196721311475,3.320552403022741
B11001674,6,53.967213114754095,4.991688873221278
B11001674,7,60.9344262295082,7.1031483494339405
B11001674,8,76.0,6.019095297195527
B11001674,9,87.68852459016394,5.3148137657070755
B11001674,10,96.1639344262295,7.71241351492568
B11001674,11,108.90163934426229,6.452105814669961
B11001674,12,107.0327868852459,5.881248928125904
B11001674,13,106.04918032786885,6.441225393823696
B11001674,14,105.36065573770492,6.0544869877440615
B11001674,15,102.73770491803279,5.836295814209508
B11001674,16,108.50819672131148,6.104615160383387
B11001674,17,105.22950819672131,6.252588821539787
B11001674,18,101.72131147540983,5.970229826536964
B11001674,19,96.36065573770492,5.300890079560396
B11001674,20,93.0,4.9256771191347095
B11001674,21,92.24590163934427,4.768942343150354
B11001674,22,94.14754098360656,4.9483763376958185
B11001674,23,66.31147540983606,5.148741637149473
B11001674,24,57.08196721311475,5.028753657039418
B11001675,1,47.16393442622951,5.510586913101691
B11001675,2,47.47540983606557,5.641202515035332
B11001675,3,42.885245901639344,5.5695258669078225
B11001675,4,44.36065573770492,4.285059009809439
B11001675,5,39.67213114754098,4.6754374266309355
B11001675,6,42.91803278688525,5.616997278364529
B11001675,7,45.032786885245905,5.539625403429351
B11001675,8,61.47540983606557,6.056040359181435
B11001675,9,72.19672131147541,7.2853314834653915
B11001675,10,78.54098360655738,6.4796624342651015
B11001675,11,89.36065573770492,6.878411908985982
B11001675,12,91.68852459016394,5.941079505613292
B11001675,13,88.34426229508196,6.002418217334697
B11001675,14,86.8688524590164,5.233797511183226
B11001675,15,86.1639344262295,5.651578418340393
B11001675,16,88.62295081967213,6.089937775735922
B11001675,17,85.77049180327869,5.381795186576751
B11001675,18,86.95081967213115,5.406208421072205
B11001675,19,83.21311475409836,5.353456839685221
B11001675,20,84.27868852459017,5.109076293726118
B11001675,21,74.06557377049181,5.592350901473695
B11001675,22,57.09836065573771,5.860970987738104
B11001675,23,50.78688524590164,5.1378210412980785
B11001675,24,51.85245901639344,5.4557416456480095
B11001676,1,64.34426229508196,4.18383009834972
B11001676,2,60.26229508196721,3.857722250513502
B11001676,3,66.65573770491804,4.390321866917699
B11001676,4,64.34426229508196,3.7630003981895963
B11001676,5,64.40983606557377,4.220857846070163
B11001676,6,62.622950819672134,4.76381144561627
B11001676,7,71.85245901639344,6.984376160164985
B11001676,8,80.68852459016394,5.180483500463605
B11001676,9,94.1311475409836,6.831641450827018
B11001676,10,90.75409836065573,7.24886817101932
B11001676,11,96.44262295081967,8.17137063399781
B11001676,12,97.26229508196721,8.407455004377457
B11001676,13,96.0,6.368467401909216
B11001676,14,88.57377049180327,6.144327028719303
B11001676,15,99.42622950819673,6.085346593287907
B11001676,16,96.36065573770492,6.105715642284227
B11001676,17,97.26229508196721,6.665058482013818
B11001676,18,90.34426229508196,6.580859592817767
B11001676,19,85.90163934426229,5.271963948086845
B11001676,20,81.60655737704919,4.259141330087403
B11001676,21,85.27868852459017,4.293079247762989
B11001676,22,67.31147540983606,3.809139068886385
B11001676,23,67.47540983606558,3.615116520250104
B11001676,24,66.37704918032787,3.7685668642994843
B11001677,1,67.80327868852459,4.33748311143742
B11001677,2,67.18032786885246,3.4140894027367032
B11001677,3,67.55737704918033,3.480741348225081
B11001677,4,68.39344262295081,4.774518046313861
B11001677,5,71.50819672131148,4.24504706888374
B11001677,6,68.44262295081967,4.381498322076422
B11001677,7,74.77049180327869,5.30200532005271
B11001677,8,84.42622950819673,5.21177423738062
B11001677,9,92.67213114754098,5.026882850824662
B11001677,10,95.67213114754098,6.20343984818209
B11001677,11,96.27868852459017,6.267614254560238
B11001677,12,97.54098360655738,6.941379299065983
B11001677,13,95.31147540983606,6.964879069023139
B11001677,14,93.93442622950819,5.883761628439379
B11001677,15,96.29508196721312,4.996209259077776
B11001677,16,97.34426229508196,6.818213904625908
B11001677,17,97.32786885245902,6.3004587693367045
B11001677,18,95.32786885245902,6.221910811538103
B11001677,19,86.50819672131148,6.3442834752050405
B11001677,20,84.21311475409836,5.353456839685221
B11001677,21,86.59016393442623,4.339589197073268
B11001677,22,74.72131147540983,5.05098966942994
B11001677,23,71.44262295081967,4.525065311235703
B11001677,24,69.26229508196721,4.409013269574871
B11001678,1,44.0,5.073234167474707
B11001678,2,43.049180327868854,5.252403757307405
B11001678,3,46.57377049180328,4.986733272816107
B11001678,4,44.31147540983606,6.4947418419562775
B11001678,5,43.278688524590166,6.513872076389989
B11001678,6,42.83606557377049,6.952250084800008
B11001678,7,52.721311475409834,7.110673453939285
B11001678,8,74.93442622950819,4.65839222408444
B11001678,9,86.55737704918033,5.5648916745644925
B11001678,10,93.24590163934427,9.860761347430579
B11001678,11,102.59016393442623,10.789152185930009
B11001678,12,99.04918032786885,10.557300681935384
B11001678,13,99.68852459016394,10.237412876959185
B11001678,14,95.57377049180327,9.302668428023877
B11001678,15,96.11475409836065,8.18454833799089
B11001678,16,97.8688524590164,9.307982489638235
B11001678,17,95.34426229508196,9.769281474159971
B11001678,18,92.09836065573771,8.952891131228636
B11001678,19,90.45901639344262,7.05847652371224
B11001678,20,89.08196721311475,6.433251432901176
B11001678,21,91.0,5.6828762055154005
B11001678,22,56.59016393442623,8.968756423072499
B11001678,23,45.78688524590164,6.267571376063029
B11001678,24,43.21311475409836,5.060663968937636
B11001680,1,76.04918032786885,7.150435569693242
B11001680,2,72.78688524590164,5.972930066307107
B11001680,3,74.75409836065573,5.990855703144497
B11001680,4,75.39344262295081,6.724749220809164
B11001680,5,74.93442622950819,6.699324292961405
B11001680,6,78.88524590163935,12.129220050683104
B11001680,7,104.55737704918033,9.572029933851818
B11001680,8,114.91803278688525,7.355816438325175
B11001680,9,120.14754098360656,8.25780518129695
B11001680,10,126.22950819672131,10.419706176630408
B11001680,11,132.45901639344262,9.052802791223304
B11001680,12,134.19672131147541,8.786762905925917
B11001680,13,134.9672131147541,8.546818434249364
B11001680,14,128.68852459016392,7.5564346341739
B11001680,15,130.37704918032787,7.940689845793594
B11001680,16,139.01639344262296,9.73668372412104
B11001680,17,138.44262295081967,8.91218467846576
B11001680,18,137.1639344262295,8.657755601844732
B11001680,19,131.2622950819672,7.829958522898041
B11001680,20,128.5737704918033,6.23963801071048
B11001680,21,126.36065573770492,8.427186269595984
B11001680,22,105.06557377049181,11.271418739825627
B11001680,23,80.34426229508196,10.24756707775892
B11001680,24,76.52459016393442,8.451610686294663
B11001681,1,93.54098360655738,5.687414263066411
B11001681,2,89.49180327868852,4.123594448344245
B11001681,3,92.8360655737705,4.498379773414424
B11001681,4,91.31147540983606,6.302591149695099
B11001681,5,88.44262295081967,5.738922587419288
B11001681,6,87.29508196721312,5.584945403243957
B11001681,7,90.06557377049181,6.386124437131267
B11001681,8,102.98360655737704,4.823072292326352
B11001681,9,117.72131147540983,5.109076293726118
B11001681,10,115.44262295081967,7.994925829660232
B11001681,11,111.73770491803279,7.66277277073237
B11001681,12,111.04918032786885,7.554015823774963
B11001681,13,111.54098360655738,7.02588602543154
B11001681,14,106.49180327868852,5.810174656158901
B11001681,15,112.21311475409836,6.8019157236341625
B11001681,16,119.34426229508196,8.717582094281967
B11001681,17,116.1639344262295,7.986013034826665
B11001681,18,110.14754098360656,7.103072679778942
B11001681,19,108.44262295081967,6.205562259472915
B11001681,20,102.40983606557377,5.295767097735074
B11001681,21,105.70491803278688,6.076949899024063
B11001681,22,100.77049180327869,6.973940821214478
B11001681,23,95.32786885245902,5.936056292747668
B11001681,24,94.06557377049181,5.560011948504134
B11001682,1,66.8688524590164,8.956132453197377
B11001682,2,60.278688524590166,7.087581259929076
B11001682,3,58.950819672131146,5.915875361715348
B11001682,4,59.540983606557376,5.724762921547754
B11001682,5,59.032786885245905,6.904422942411397
B11001682,6,61.24590163934426,8.713388487904394
B11001682,7,77.22950819672131,10.326463604632597
B11001682,8,103.54098360655738,6.364795002665896
B11001682,9,114.34426229508196,8.32315601770961
B11001682,10,117.50819672131148,9.23575189909455
B11001682,11,126.45901639344262,9.465335843966422
B11001682,12,130.0,9.991799916620153
B11001682,13,131.49180327868854,10.824415254444233
B11001682,14,123.49180327868852,9.857381274996165
B11001682,15,123.70491803278688,10.213048969606309
B11001682,16,126.59016393442623,11.106602746262668
B11001682,17,124.31147540983606,10.38842512182142
B11001682,18,121.32786885245902,10.051867637369375
B11001682,19,117.57377049180327,9.201673077366737
B11001682,20,114.9672131147541,6.904422942411397
B11001682,21,113.06557377049181,9.90920891858169
B11001682,22,84.21311475409836,9.70062488117091
B11001682,23,69.19672131147541,8.736243841795872
B11001682,24,70.0327868852459,8.091621274888084
B11001683,1,54.19672131147541,5.9473638522613665
B11001683,2,53.22950819672131,5.631857401507642
B11001683,3,53.622950819672134,6.4022637759309555
B11001683,4,50.14754098360656,6.161317895997045
B11001683,5,52.85245901639344,6.7819337287221675
B11001683,6,51.01639344262295,6.524837296580064
B11001683,7,56.57377049180328,8.060140779784739
B11001683,8,71.8360655737705,10.257632628596184
B11001683,9,82.67213114754098,11.407103497922183
B11001683,10,88.59016393442623,12.018260763371886
B11001683,11,98.81967213114754,12.654951984443386
B11001683,12,96.54098360655738,12.228123685528525
B11001683,13,97.55737704918033,13.146743772077313
B11001683,14,94.57377049180327,12.110771545311877
B11001683,15,95.88524590163935,12.47962058147463
B11001683,16,93.78688524590164,12.371456775874185
B11001683,17,95.98360655737704,12.448571981146795
B11001683,18,95.47540983606558,11.991262607848894
B11001683,19,92.98360655737704,11.690674163733243
B11001683,20,91.73770491803279,11.136856017104357
B11001683,21,93.80327868852459,12.36841518417919
B11001683,22,62.9344262295082,9.141633911529533
B11001683,23,53.950819672131146,7.676718538858834
B11001683,24,52.91803278688525,7.257093944790516
B11001684,1,53.80327868852459,4.941691726428715
B11001684,2,52.16393442622951,5.772121602927191
B11001684,3,50.295081967213115,6.15202022608296
B11001684,4,52.49180327868852,5.296528249927903
B11001684,5,52.34426229508197,5.91991705164983
B11001684,6,56.08196721311475,8.226895281097125
B11001684,7,61.63934426229508,9.019164998763804
B11001684,8,80.47540983606558,6.732856937211159
B11001684,9,88.85245901639344,7.808855976271839
B11001684,10,99.1639344262295,12.188654127438477
B11001684,11,119.77049180327869,11.050396391707732
B11001684,12,121.31147540983606,8.884580460230712
B11001684,13,117.1639344262295,6.39974468719447
B11001684,14,114.50819672131148,7.325282853196422
B11001684,15,114.1639344262295,8.933598999152988
B11001684,16,117.77049180327869,8.217122153128857
B11001684,17,114.91803278688525,7.571073254726388
B11001684,18,122.18032786885246,7.889624223263445
B11001684,19,117.70491803278688,7.384841058025404
B11001684,20,116.57377049180327,5.678429176677217
B11001684,21,108.68852459016394,9.772059506751567
B11001684,22,79.88524590163935,10.367190302854382
B11001684,23,57.557377049180324,9.22669788038314
B11001684,24,56.81967213114754,5.4787464065773275
B11001685,1,43.50819672131148,5.129864187700445
B11001685,2,44.885245901639344,4.673252669533595
B11001685,3,43.19672131147541,5.352553158612751
B11001685,4,39.80327868852459,4.868162450416397
B11001685,5,40.60655737704918,4.852846683672632
B11001685,6,45.18032786885246,5.9931879272926425
B11001685,7,75.49180327868852,5.673126038020656
B11001685,8,85.0327868852459,4.180231435724755
B11001685,9,90.8360655737705,6.345723557728458
B11001685,10,103.52459016393442,7.717568965268385
B11001685,11,114.50819672131148,9.168053855769191
B11001685,12,111.68852459016394,9.529145943542357
B11001685,13,109.98360655737704,9.221307832421868
B11001685,14,107.18032786885246,8.877136218031444
B11001685,15,108.85245901639344,10.96168598013138
B11001685,16,109.88524590163935,12.356850307812923
B11001685,17,114.54098360655738,11.143731268004526
B11001685,18,113.24590163934427,8.881101204990067
B11001685,19,108.73770491803279,7.3993833135689995
B11001685,20,107.0327868852459,6.731300054966495
B11001685,21,106.73770491803279,8.101612143441741
B11001685,22,101.08196721311475,7.648625896021172
B11001685,23,61.31147540983606,8.265156933455119
B11001685,24,44.278688524590166,7.807375973495043
B11001686,1,44.885245901639344,5.856475638705031
B11001686,2,41.52459016393443,5.129811799114027
B11001686,3,38.704918032786885,4.47706088562678
B11001686,4,43.09836065573771,4.77254758250816
B11001686,5,44.01639344262295,5.532295060107346
B11001686,6,39.950819672131146,5.357471355792544
B11001686,7,43.65573770491803,5.030677189045389
B11001686,8,58.24590163934426,4.1276982737968515
B11001686,9,72.1639344262295,5.596194045865348
B11001686,10,81.98360655737704,6.237096327563113
B11001686,11,91.81967213114754,6.992989924862134
B11001686,12,93.67213114754098,6.522901173596396
B11001686,13,94.80327868852459,6.434588073562368
B11001686,14,91.42622950819673,7.0139416583452014
B11001686,15,86.72131147540983,10.427157397622151
B11001686,16,93.63934426229508,6.0436466759547205
B11001686,17,93.85245901639344,6.040399687062759
B11001686,18,91.63934426229508,6.20954523528289
B11001686,19,88.45901639344262,5.885725356058026
B11001686,20,88.42622950819673,5.73873527048452
B11001686,21,84.67213114754098,5.485364466201185
B11001686,22,62.31147540983606,7.257649404066453
B11001686,23,48.81967213114754,8.391072923681143
B11001686,24,45.40983606557377,6.260406547266713
B11001687,1,52.77049180327869,4.764601174106125
B11001687,2,54.14754098360656,4.092520428957576
B11001687,3,48.9344262295082,3.7146976686061652
B11001687,4,49.01639344262295,4.557436018016891
B11001687,5,52.31147540983606,4.6076948598541625
B11001687,6,49.19672131147541,4.6228926865313635
B11001687,7,65.22950819672131,6.430953432673223
B11001687,8,78.78688524590164,3.6892166928094134
B11001687,9,81.85245901639344,4.405049507820897
B11001687,10,85.01639344262296,6.542400931123341
B11001687,11,112.14754098360656,9.246773589857753
B11001687,12,110.45901639344262,8.221470831857005
B11001687,13,112.40983606557377,8.239005688019876
B11001687,14,110.72131147540983,7.045824592031197
B11001687,15,108.47540983606558,7.772601221603176
B11001687,16,109.81967213114754,7.847957229711899
B11001687,17,111.68852459016394,7.879296347892996
B11001687,18,105.62295081967213,7.680428468295092
B11001687,19,104.62295081967213,8.01875656610386
B11001687,20,106.77049180327869,6.289187814391212
B11001687,21,104.09836065573771,6.497679076264398
B11001687,22,98.59016393442623,6.537099796057675
B11001687,23,59.68852459016394,6.331138202402465
B11001687,24,52.08196721311475,4.869763120664499
B11001688,1,107.62295081967213,7.11535843924203
B11001688,2,98.9672131147541,6.741034636535815
B11001688,3,101.24590163934427,5.977157989351581
B11001688,4,104.37704918032787,7.373332397018702
B11001688,5,103.63934426229508,7.317243920111007
B11001688,6,99.09836065573771,7.436518042151106
B11001688,7,107.18032786885246,8.77871531122025
B11001688,8,124.63934426229508,6.311667018594583
B11001688,9,128.45901639344262,4.3062050939553105
B11001688,10,131.50819672131146,6.333939159225966
B11001688,11,131.08196721311475,7.462024253923204
B11001688,12,131.52459016393442,8.239462335986053
B11001688,13,133.1639344262295,7.366695831314736
B11001688,14,125.49180327868852,7.852373455162045
B11001688,15,127.78688524590164,6.665582640523719
B11001688,16,133.45901639344262,8.34811016307363
B11001688,17,134.2295081967213,8.690287479677586
B11001688,18,127.36065573770492,7.326199978664595
B11001688,19,122.80327868852459,6.815651399851662
B11001688,20,117.85245901639344,6.760143721369114
B11001688,21,120.0327868852459,4.160576934752191
B11001688,22,120.40983606557377,5.015964837577515
B11001688,23,114.47540983606558,5.354962635913942
B11001688,24,111.65573770491804,6.7335354655357325
B11001689,1,43.18032786885246,5.029448350681627
B11001689,2,44.049180327868854,4.6214972717784475
B11001689,3,44.22950819672131,4.506437808884379
B11001689,4,44.75409836065574,4.385728485779862
B11001689,5,43.0,4.776994047635767
B11001689,6,41.65573770491803,4.728307657952311
B11001689,7,53.22950819672131,6.872118633451252
B11001689,8,72.75409836065573,5.6238827311681865
B11001689,9,84.21311475409836,4.906050978123469
B11001689,10,92.0,6.460472499595737
B11001689,11,111.52459016393442,6.96267933489393
B11001689,12,110.36065573770492,7.705720223325785
B11001689,13,110.62295081967213,7.588092342020088
B11001689,14,105.49180327868852,7.331993558035305
B11001689,15,102.78688524590164,7.29049404451173
B11001689,16,105.42622950819673,7.4974509687822035
B11001689,17,108.95081967213115,7.939166718276964
B11001689,18,107.40983606557377,7.353770192132691
B11001689,19,106.68852459016394,6.428780022466485
B11001689,20,105.70491803278688,5.820664888771706
B11001689,21,99.14754098360656,5.928082833799299
B11001689,22,81.88524590163935,8.60822778481553
B11001689,23,56.0655737704918,8.477296298917473
B11001689,24,46.114754098360656,6.0843749376707
B11001690,1,34.540983606557376,3.787701281744807
B11001690,2,30.540983606557376,4.022778464382764
B11001690,3,32.442622950819676,3.457112365401831
B11001690,4,31.37704918032787,3.7554940493839615
B11001690,5,33.557377049180324,3.8688524590163933
B11001690,6,31.721311475409838,4.509120620679328
B11001690,7,34.622950819672134,5.073763870860905
B11001690,8,39.032786885245905,5.056945274764119
B11001690,9,49.950819672131146,4.146601332033997
B11001690,10,53.60655737704918,5.230047764959422
B11001690,11,68.95081967213115,5.949035545220884
B11001690,12,68.32786885245902,5.54481388614448
B11001690,13,71.1639344262295,4.641863418466777
B11001690,14,65.72131147540983,5.663026901743298
B11001690,15,68.50819672131148,4.7619494245483605
B11001690,16,68.24590163934427,4.741362250485105
B11001690,17,70.91803278688525,4.649325993694821
B11001690,18,68.1311475409836,5.538169816162907
B11001690,19,64.08196721311475,5.125618977310386
B11001690,20,61.57377049180328,4.621613572433307
B11001690,21,66.32786885245902,4.135893708702579
B11001690,22,43.32786885245902,5.656046558447421
B11001690,23,35.21311475409836,4.346148677978446
B11001690,24,32.18032786885246,3.9401597567732525
B11001691,1,75.9672131147541,4.53390582934143
B11001691,2,68.85245901639344,3.3915810210123
B11001691,3,71.52459016393442,3.4289345349757197
B11001691,4,70.72131147540983,3.959347303144484
B11001691,5,71.9672131147541,4.242513997638177
B11001691,6,70.68852459016394,4.4410196126807415
B11001691,7,71.65573770491804,4.759409130917785
B11001691,8,82.65573770491804,3.7673543610896183
B11001691,9,97.8360655737705,4.624171446807586
B11001691,10,103.27868852459017,7.693154605766673
B11001691,11,107.18032786885246,8.908474868498308
B11001691,12,106.81967213114754,7.810266880520858
B11001691,13,112.06557377049181,9.36135910767868
B11001691,14,104.34426229508196,8.2081232173301
B11001691,15,106.08196721311475,8.74276296869553
B11001691,16,108.14754098360656,7.773085269632393
B11001691,17,112.34426229508196,9.53661665595701
B11001691,18,105.57377049180327,8.563090862980134
B11001691,19,99.50819672131148,8.338382417372683
B11001691,20,92.19672131147541,5.765413189893814
B11001691,21,99.39344262295081,6.006222698099605
B11001691,22,90.29508196721312,6.239336509217033
B11001691,23,85.44262295081967,5.75603629035352
B11001691,24,81.40983606557377,5.009424066828664
B11001692,1,90.08196721311475,7.090272907340335
B11001692,2,88.04918032786885,6.569742439516196
B11001692,3,88.8688524590164,6.139032363107466
B11001692,4,89.11475409836065,6.968543749501234
B11001692,5,88.37704918032787,7.256797682458749
B11001692,6,84.54098360655738,7.139301914011158
B11001692,7,88.26229508196721,6.272243406911882
B11001692,8,102.73770491803279,6.177435510525149
B11001692,9,114.21311475409836,7.156596759881949
B11001692,10,114.65573770491804,7.8966381016386
B11001692,11,114.09836065573771,6.974672959094274
B11001692,12,112.21311475409836,7.117548744783732
B11001692,13,113.0,7.238331480593495
B11001692,14,111.39344262295081,7.759243432200751
B11001692,15,108.52459016393442,7.360966074731351
B11001692,16,114.09836065573771,8.261514404960513
B11001692,17,116.50819672131148,7.970484385427896
B11001692,18,112.39344262295081,7.657159274061577
B11001692,19,108.54098360655738,8.5403070749334
B11001692,20,103.91803278688525,8.80256125537691
B11001692,21,102.34426229508196,8.111690098806175
B11001692,22,99.75409836065573,6.706140415247336
B11001692,23,95.06557377049181,7.504902992916199
B11001692,24,90.29508196721312,5.995474419749578
B11001693,1,54.80327868852459,5.827632514633312
B11001693,2,53.68852459016394,5.1836469964515866
B11001693,3,57.540983606557376,4.411511656801092
B11001693,4,53.377049180327866,4.659430537308988
B11001693,5,52.36065573770492,4.453890496365466
B11001693,6,57.67213114754098,5.776496503214797
B11001693,7,87.63934426229508,7.11966288317137
B11001693,8,99.75409836065573,5.971670106358659
B11001693,9,103.40983606557377,5.957161413313647
B11001693,10,102.81967213114754,7.593155236782603
B11001693,11,114.44262295081967,7.918694606288968
B11001693,12,120.68852459016394,7.835482521692968
B11001693,13,116.32786885245902,8.237700840060976
B11001693,14,110.8360655737705,8.246569734692281
B11001693,15,111.59016393442623,8.209105398795616
B11001693,16,109.70491803278688,9.323589441585712
B11001693,17,104.98360655737704,8.25116346148552
B11001693,18,103.34426229508196,6.9160901631135525
B11001693,19,100.52459016393442,6.120662552202665
B11001693,20,96.85245901639344,6.171951535496456
B11001693,21,92.93442622950819,5.659371605211075
B11001693,22,77.60655737704919,5.516825793594702
B11001693,23,65.77049180327869,6.886416762272183
B11001693,24,59.83606557377049,7.272630768214626
B11001694,1,125.49180327868852,5.243647056496462
B11001694,2,95.60655737704919,3.9350409355863967
B11001694,3,94.08196721311475,3.4417641395609375
B11001694,4,96.78688524590164,3.3784017663724093
B11001694,5,101.22950819672131,3.0643023575452544
B11001694,6,104.77049180327869,4.2053574052237845
B11001694,7,118.31147540983606,6.77880250464168
B11001694,8,135.2622950819672,6.217114504767115
B11001694,9,138.55737704918033,7.241783563853782
B11001694,10,155.81967213114754,10.072699992474892
B11001694,11,171.52459016393442,8.85327865058032
B11001694,12,167.91803278688525,9.756536408349513
B11001694,13,163.0327868852459,9.474672386074072
B11001694,14,156.55737704918033,9.46698246827125
B11001694,15,157.45901639344262,9.123153341984919
B11001694,16,162.39344262295083,9.683988286442409
B11001694,17,165.8360655737705,8.248557405655161
B11001694,18,166.0655737704918,9.159549084146326
B11001694,19,156.86885245901638,9.931693613247036
B11001694,20,148.78688524590163,7.487946060165381
B11001694,21,141.5737704918033,6.879427674425675
B11001694,22,136.98360655737704,6.192252703993994
B11001694,23,139.2295081967213,5.298912485465422
B11001694,24,135.21311475409837,5.642679151185626
B11001695,1,90.22950819672131,7.422591661356853
B11001695,2,82.50819672131148,6.779000726253584
B11001695,3,77.70491803278688,5.987265892052384
B11001695,4,85.32786885245902,6.096818066842521
B11001695,5,79.91803278688525,6.194378948393622
B11001695,6,79.59016393442623,6.864919254191423
B11001695,7,94.8360655737705,6.252030038496093
B11001695,8,100.85245901639344,6.803653949753213
B11001695,9,103.0327868852459,7.319337095117231
B11001695,10,111.01639344262296,7.978437751838201
B11001695,11,106.40983606557377,8.946795468403947
B11001695,12,109.01639344262296,9.755186604123393
B11001695,13,116.91803278688525,8.847144731525779
B11001695,14,113.40983606557377,9.537462028251468
B11001695,15,109.95081967213115,9.350070096183634
B11001695,16,117.50819672131148,9.25171309049528
B11001695,17,110.85245901639344,9.098434499774177
B11001695,18,107.24590163934427,9.345211340933847
B11001695,19,107.63934426229508,9.057254653872223
B11001695,20,99.44262295081967,7.885501512506073
B11001695,21,96.45901639344262,8.096900379393933
B11001695,22,101.09836065573771,7.883797283519685
B11001695,23,90.01639344262296,7.53677715894291
B11001695,24,86.26229508196721,7.713946576285001
B11001697,1,42.59016393442623,4.271050276562988
B11001697,2,40.75409836065574,4.314123726935609
B11001697,3,37.21311475409836,4.250804182733692
B11001697,4,37.98360655737705,3.948404131983604
B11001697,5,39.278688524590166,3.896745794663667
B11001697,6,43.278688524590166,3.9634855811726375
B11001697,7,53.90163934426229,5.8160459725808
B11001697,8,66.40983606557377,5.283370289168626
B11001697,9,76.57377049180327,6.208030273907515
B11001697,10,79.52459016393442,7.713319451648683
B11001697,11,89.49180327868852,8.369779656734359
B11001697,12,90.60655737704919,9.210255667451507
B11001697,13,91.11475409836065,7.397603423740841
B11001697,14,90.32786885245902,7.968629706080988
B11001697,15,88.81967213114754,8.610912247176113
B11001697,16,90.27868852459017,8.809702452207208
B11001697,17,89.55737704918033,7.558568235841144
B11001697,18,89.0327868852459,7.825907401669159
B11001697,19,83.39344262295081,5.921006473273268
B11001697,20,82.47540983606558,5.658611766777817
B11001697,21,82.34426229508196,5.231948657132772
B11001697,22,62.63934426229508,5.659846452430492
B11001697,23,46.295081967213115,7.818314485023226
B11001697,24,42.295081967213115,6.111918649936802
B11001698,1,59.08196721311475,5.5435535799707925
B11001698,2,57.32786885245902,6.36517500429166
B11001698,3,55.34426229508197,6.835023704856874
B11001698,4,57.67213114754098,5.8498180200794465
B11001698,5,57.57377049180328,6.517213063208875
B11001698,6,61.704918032786885,9.097548331777034
B11001698,7,67.88524590163935,9.937671925566276
B11001698,8,88.88524590163935,7.459394694063819
B11001698,9,98.1311475409836,8.67344810106328
B11001698,10,109.63934426229508,13.515058737747392
B11001698,11,132.4262295081967,12.245385904385618
B11001698,12,134.13114754098362,9.820479454483705
B11001698,13,129.52459016393442,7.1416730311946806
B11001698,14,126.54098360655738,8.183497529748719
B11001698,15,126.19672131147541,9.890912656809169
B11001698,16,130.19672131147541,9.244971468150828
B11001698,17,127.0327868852459,8.527616108594811
B11001698,18,135.0327868852459,8.81683786502784
B11001698,19,130.1639344262295,8.12641983129032
B11001698,20,128.9016393442623,6.287392845047955
B11001698,21,120.06557377049181,10.826301992588322
B11001698,22,88.22950819672131,11.439639800908198
B11001698,23,63.49180327868852,10.263133051211726
B11001698,24,62.63934426229508,6.084198256341346
B11001699,1,53.114754098360656,4.292954046775845
B11001699,2,50.65573770491803,4.8582707775086735
B11001699,3,49.295081967213115,4.849689063195167
B11001699,4,63.22950819672131,6.826643662339185
B11001699,5,55.24590163934426,8.131411947049557
B11001699,6,53.0655737704918,7.645568420599355
B11001699,7,63.60655737704918,9.199569998013342
B11001699,8,82.36065573770492,9.04820023202739
B11001699,9,86.14754098360656,12.22981584458992
B11001699,10,98.26229508196721,11.511792441857265
B11001699,11,112.93442622950819,8.338865851372168
B11001699,12,110.11475409836065,8.06550713020584
B11001699,13,109.91803278688525,7.211773347700076
B11001699,14,108.08196721311475,7.011220706995588
B11001699,15,106.0327868852459,6.996409414284374
B11001699,16,112.19672131147541,6.495445244348743
B11001699,17,108.77049180327869,8.690287479677588
B11001699,18,103.04918032786885,7.150435569693242
B11001699,19,101.73770491803279,6.227652872982666
B11001699,20,100.14754098360656,5.58345349847492
B11001699,21,78.21311475409836,9.266747805377614
B11001699,22,73.98360655737704,8.899238875685626
B11001699,23,57.622950819672134,6.714710873323988
B11001699,24,51.622950819672134,5.064061528211888
B11001700,1,49.60655737704918,4.161804024520034
B11001700,2,52.049180327868854,4.018099336621392
B11001700,3,51.16393442622951,4.645393727225496
B11001700,4,50.83606557377049,4.55271609751284
B11001700,5,46.557377049180324,4.546750200134606
B11001700,6,52.49180327868852,6.142095949252609
B11001700,7,68.45901639344262,6.1977620775746995
B11001700,8,80.88524590163935,5.444498985382168
B11001700,9,82.49180327868852,6.815178216689213
B11001700,10,84.90163934426229,6.46733258424007
B11001700,11,99.85245901639344,7.098455305468238
B11001700,12,101.01639344262296,7.277839265179815
B11001700,13,98.04918032786885,7.333789371208608
B11001700,14,95.77049180327869,6.289187814391213
B11001700,15,98.55737704918033,7.683332162553498
B11001700,16,99.59016393442623,7.309049071786373
B11001700,17,94.40983606557377,7.49945801141181
B11001700,18,93.63934426229508,6.928280809828952
B11001700,19,91.95081967213115,6.154902695980665
B11001700,20,87.0,4.457449097748217
B11001700,21,72.36065573770492,5.680085392123197
B11001700,22,57.01639344262295,6.841272538319428
B11001700,23,53.278688524590166,5.917828432964194
B11001700,24,51.39344262295082,4.458473930359073
B11001703,1,2.0,0.0
B11001703,2,2.0,0.0
B11001703,3,2.0,0.0
B11001703,4,2.0,0.0
B11001703,5,2.0,0.0
B11001703,6,2.0,0.0
B11001703,7,2.0,0.0
B11001703,8,1.9508196721311475,0.2162443599716872
B11001703,9,2.0163934426229506,0.12698306053139075
B11001703,10,7.081967213114754,2.7238779128608024
B11001703,11,19.475409836065573,1.9885455379811052
B11001703,12,20.491803278688526,2.466981635020868
B11001703,13,20.442622950819672,2.5124254505794124
B11001703,14,20.81967213114754,2.9448938677823375
B11001703,15,21.147540983606557,3.2077573268550843
B11001703,16,21.081967213114755,2.7951660965176544
B11001703,17,20.918032786885245,2.497835666195529
B11001703,18,21.278688524590162,3.653568422030506
B11001703,19,28.327868852459016,2.9068675691829404
B11001703,20,29.950819672131146,1.9704890755825204
B11001703,21,9.21311475409836,6.603811006267792
B11001703,22,2.3114754098360657,1.2615497054144909
B11001703,23,2.081967213114754,0.6349153026569538
B11001703,24,2.0,0.0
B11001705,1,67.26229508196721,17.460871139840275
B11001705,2,64.68852459016394,14.185586061968905
B11001705,3,63.459016393442624,12.867004148356742
B11001705,4,63.31147540983606,13.078001782002138
B11001705,5,58.50819672131148,14.06614695610738
B11001705,6,57.704918032786885,13.92408488006949
B11001705,7,64.45901639344262,13.062992113866729
B11001705,8,59.26229508196721,13.612797305120784
B11001705,9,57.0655737704918,15.754123948734785
B11001705,10,49.01639344262295,19.493161308838953
B11001705,11,45.42622950819672,19.794401440971697
B11001705,12,37.049180327868854,17.053845515575695
B11001705,13,36.967213114754095,17.288266857085336
B11001705,14,33.08196721311475,12.670211718141552
B11001705,15,32.950819672131146,10.728277678690482
B11001705,16,35.557377049180324,10.659444500280266
B11001705,17,34.77049180327869,8.357569343529256
B11001705,18,36.114754098360656,7.809406603379633
B11001705,19,38.868852459016395,12.678205657077411
B11001705,20,40.42622950819672,17.01249205094279
B11001705,21,52.80327868852459,23.00379132838128
B11001705,22,60.442622950819676,25.039984150052554
B11001705,23,61.377049180327866,21.252705852355874
B11001705,24,62.08196721311475,18.556334327421894
B11001708,1,10.78688524590164,4.353686036175047
B11001708,2,10.852459016393443,4.019771078930847
B11001708,3,10.901639344262295,3.2878560358614237
B11001708,4,10.131147540983607,1.9288611252567514
B11001708,5,9.819672131147541,1.9959647547835313
B11001708,6,9.934426229508198,1.9741680335994158
B11001708,7,9.80327868852459,1.142612366768959
B11001708,8,15.737704918032787,2.2681084727310052
B11001708,9,19.918032786885245,2.219844049811247
B11001708,10,22.688524590163933,2.405873847629339
B11001708,11,27.39344262295082,3.4511993093615123
B11001708,12,26.065573770491802,3.5844328835977572
B11001708,13,28.918032786885245,3.94758727710996
B11001708,14,28.475409836065573,3.8945382410143212
B11001708,15,28.57377049180328,3.9357921126354434
B11001708,16,28.360655737704917,3.78535914178604
B11001708,17,28.721311475409838,3.7857850931921013
B11001708,18,29.9672131147541,3.213532926953587
B11001708,19,30.75409836065574,3.2575548393402043
B11001708,20,29.475409836065573,2.785245419195435
B11001708,21,30.737704918032787,2.9967284858399608
B11001708,22,29.868852459016395,2.8771309128552125
B11001708,23,29.311475409836067,2.808307252856159
B11001708,24,15.327868852459016,5.290639155274617
B11001709,1,10.426229508196721,2.6268413769120387
B11001709,2,9.540983606557377,2.5257608526891766
B11001709,3,10.311475409836065,3.0274210396036203
B11001709,4,10.0,2.942063511367155
B11001709,5,9.737704918032787,2.952640603913292
B11001709,6,9.868852459016393,2.819576818823713
B11001709,7,10.426229508196721,2.3079265862790903
B11001709,8,14.147540983606557,2.494821295704498
B11001709,9,21.59016393442623,3.132992332696022
B11001709,10,21.540983606557376,3.1548753345862077
B11001709,11,33.09836065573771,3.302780339091308
B11001709,12,33.049180327868854,3.470844511530236
B11001709,13,33.36065573770492,3.224052977665682
B11001709,14,33.24590163934426,3.4291696538543186
B11001709,15,31.852459016393443,2.9243806438218143
B11001709,16,34.18032786885246,3.5227978668289786
B11001709,17,34.81967213114754,3.331460550674244
B11001709,18,34.14754098360656,2.957824109279505
B11001709,19,34.459016393442624,2.749508274915647
B11001709,20,32.68852459016394,2.399050246547766
B11001709,21,37.114754098360656,3.0358425014533847
B11001709,22,36.131147540983605,3.3066024851235296
B11001709,23,33.98360655737705,2.5829948514427885
B11001709,24,17.42622950819672,1.6541950287761196
B11001710,1,76.52459016393442,52.58548280543989
B11001710,2,69.59016393442623,45.370379970434996
B11001710,3,60.47540983606557,37.57554426048115
B11001710,4,54.885245901639344,24.134254522006167
B11001710,5,52.77049180327869,21.451732661590746
B11001710,6,71.37704918032787,20.57705544932983
B11001710,7,109.44262295081967,18.889258453507583
B11001710,8,180.88524590163934,22.868188485572343
B11001710,9,345.75409836065575,31.32466463269768
B11001710,10,463.91803278688525,45.806898715156045
B11001710,11,476.655737704918,44.51151453382749
B11001710,12,484.1967213114754,47.426498670421026
B11001710,13,490.3114754098361,51.99985529097348
B11001710,14,495.1803278688525,55.993415361334485
B11001710,15,497.57377049180326,51.233780805435956
B11001710,16,497.55737704918033,47.203266277011906
B11001710,17,498.26229508196724,45.41968289995648
B11001710,18,503.40983606557376,37.61817534605537
B11001710,19,515.7049180327868,33.25526915591912
B11001710,20,510.3606557377049,35.6802892672265
B11001710,21,385.9344262295082,33.62759837115596
B11001710,22,251.31147540983608,49.39321682493426
B11001710,23,122.95081967213115,54.205566899855356
B11001710,24,86.85245901639344,47.88984493660006
B11001711,1,58.131147540983605,5.311526006640207
B11001711,2,52.19672131147541,6.2432118471372045
B11001711,3,49.377049180327866,6.103382385084922
B11001711,4,47.557377049180324,5.62058450424058
B11001711,5,48.131147540983605,5.363738021976427
B11001711,6,46.885245901639344,5.331927835945373
B11001711,7,54.73770491803279,8.387933642928544
B11001711,8,70.60655737704919,12.44302252106869
B11001711,9,91.36065573770492,19.099423033844392
B11001711,10,120.01639344262296,29.285755393364145
B11001711,11,135.49180327868854,31.41505483870238
B11001711,12,140.04918032786884,31.111342209590315
B11001711,13,142.65573770491804,32.041921948608355
B11001711,14,145.2295081967213,31.70323117556386
B11001711,15,145.2295081967213,31.679436078471042
B11001711,16,144.31147540983608,31.40300757425014
B11001711,17,141.2295081967213,29.64621638016846
B11001711,18,136.1639344262295,27.381446589016722
B11001711,19,127.44262295081967,23.587663203785382
B11001711,20,112.54098360655738,17.559802988636612
B11001711,21,98.57377049180327,13.508296195718408
B11001711,22,86.09836065573771,9.609941775011322
B11001711,23,76.14754098360656,6.875559150016056
B11001711,24,66.09836065573771,5.422191553880831
B11001749,1,25.75409836065574,2.7200273486144266
B11001749,2,25.524590163934427,2.9398703962570356
B11001749,3,23.311475409836067,4.139141368181179
B11001749,4,16.62295081967213,6.763363055259819
B11001749,5,12.049180327868852,7.435903661463335
B11001749,6,8.114754098360656,4.602559375867393
B11001749,7,5.836065573770492,2.120781852956883
B11001749,8,5.311475409836065,0.9328430649479864
B11001749,9,5.327868852459017,0.9183254802728472
B11001749,10,5.032786885245901,0.8864593989898868
B11001749,11,5.262295081967213,0.8852459016393445
B11001749,12,5.540983606557377,1.4994400101349667
B11001749,13,5.131147540983607,1.4426229508196722
B11001749,14,4.622950819672131,1.21687498753414
B11001749,15,4.655737704918033,1.4128827164862454
B11001749,16,5.163934426229508,1.9517149068619866
B11001749,17,14.147540983606557,3.7145529730108775
B11001749,18,25.524590163934427,3.523255561276699
B11001749,19,26.081967213114755,3.3986259613488694
B11001749,20,26.114754098360656,3.115789301656848
B11001749,21,26.540983606557376,2.7614071638064206
B11001749,22,26.65573770491803,2.6911222956026752
B11001749,23,26.442622950819672,2.6272505741069674
B11001749,24,26.016393442622952,2.5829948514427885
B11001750,1,31.24590163934426,3.4147977772011098
B11001750,2,30.278688524590162,2.9148075747920372
B11001750,3,26.83606557377049,3.875861946943628
B11001750,4,21.901639344262296,5.980034864838293
B11001750,5,16.737704918032787,6.153505303441609
B11001750,6,12.59016393442623,4.377202674290285
B11001750,7,9.885245901639344,2.6370522580456255
B11001750,8,8.852459016393443,2.0790608344246153
B11001750,9,9.01639344262295,2.012190742178241
B11001750,10,9.065573770491802,2.3390403837234324
B11001750,11,9.114754098360656,2.096823207255014
B11001750,12,10.098360655737705,2.454202939173684
B11001750,13,10.524590163934427,3.0973630105171153
B11001750,14,11.098360655737705,3.3764124817588
B11001750,15,12.688524590163935,4.022644850550147
B11001750,16,20.442622950819672,3.499529664716011
B11001750,17,28.868852459016395,2.676402098218131
B11001750,18,30.131147540983605,3.2516094871494303
B11001750,19,32.32786885245902,4.321965671021561
B11001750,20,32.85245901639344,3.6206876693716645
B11001750,21,33.60655737704918,3.063688383142606
B11001750,22,33.57377049180328,3.1176862816205024
B11001750,23,33.31147540983606,2.819958048790143
B11001750,24,33.09836065573771,2.9846872479856406
B11001751,1,52.98360655737705,5.003250757286193
B11001751,2,50.90163934426229,4.947941840815368
B11001751,3,48.80327868852459,5.43160053135066
B11001751,4,42.34426229508197,7.535457704509208
B11001751,5,39.42622950819672,7.3249159708567895
B11001751,6,36.557377049180324,4.283114349391698
B11001751,7,34.377049180327866,3.450654176164707
B11001751,8,34.65573770491803,3.3036752802645113
B11001751,9,35.295081967213115,2.60733053797653
B11001751,10,36.81967213114754,2.9945754055817546
B11001751,11,43.0655737704918,5.527483797335259
B11001751,12,45.73770491803279,5.768488847614926
B11001751,13,48.21311475409836,5.548932120269276
B11001751,14,43.967213114754095,5.5603019528656095
B11001751,15,40.16393442622951,4.266454464847611
B11001751,16,39.65573770491803,3.372430392294765
B11001751,17,47.26229508196721,3.9167636328414797
B11001751,18,52.67213114754098,5.376699308889251
B11001751,19,54.47540983606557,5.280979036706429
B11001751,20,55.63934426229508,4.902434279527878
B11001751,21,56.19672131147541,5.033721278134027
B11001751,22,56.08196721311475,5.195505882584891
B11001751,23,54.31147540983606,5.145556681338836
B11001751,24,52.50819672131148,4.840481451530644
B11001752,1,33.08196721311475,4.603260006500785
B11001752,2,32.540983606557376,4.9242583547163274
B11001752,3,29.557377049180328,4.809568980258699
B11001752,4,23.295081967213115,6.653839671222215
B11001752,5,17.065573770491802,8.603980878980925
B11001752,6,12.01639344262295,5.98766985324278
B11001752,7,8.901639344262295,3.8526334107719475
B11001752,8,8.065573770491802,3.4492520094776755
B11001752,9,7.360655737704918,2.885990961923329
B11001752,10,6.836065573770492,2.1514793070849727
B11001752,11,6.819672131147541,1.7788207248597425
B11001752,12,7.147540983606557,1.7540217541108531
B11001752,13,7.19672131147541,2.231074666665001
B11001752,14,7.688524590163935,2.399050246547766
B11001752,15,8.901639344262295,2.5395553892060456
B11001752,16,16.950819672131146,2.795935161354471
B11001752,17,23.62295081967213,5.689115101395432
B11001752,18,31.049180327868854,4.488331792432158
B11001752,19,32.52459016393443,4.485336975395948
B11001752,20,33.24590163934426,4.437750640180624
B11001752,21,33.32786885245902,4.493059534749158
B11001752,22,33.622950819672134,4.235540240480408
B11001752,23,33.34426229508197,4.024047574522569
B11001752,24,33.19672131147541,4.048151458852314
B11001753,1,31.672131147540984,5.275123528894409
B11001753,2,28.81967213114754,6.826919226269651
B11001753,3,20.40983606557377,8.47827899559951
B11001753,4,16.475409836065573,9.820698378186405
B11001753,5,14.180327868852459,8.439773512463612
B11001753,6,10.62295081967213,5.4836984481016495
B11001753,7,7.557377049180328,2.978197222129436
B11001753,8,6.229508196721311,1.3231041819003984
B11001753,9,7.131147540983607,1.5730872833960863
B11001753,10,8.229508196721312,2.7184460521513762
B11001753,11,8.01639344262295,2.452778974482193
B11001753,12,7.311475409836065,1.7698845345922332
B11001753,13,6.901639344262295,2.038200090185543
B11001753,14,6.278688524590164,2.909177944509262
B11001753,15,6.737704918032787,3.0347800273769394
B11001753,16,11.37704918032787,6.473562716424621
B11001753,17,27.40983606557377,6.387428865678984
B11001753,18,31.098360655737704,5.707932122566725
B11001753,19,31.34426229508197,4.938590911737514
B11001753,20,31.57377049180328,4.448094144810391
B11001753,21,32.049180327868854,4.7058604185586805
B11001753,22,33.049180327868854,4.805823753643949
B11001753,23,32.65573770491803,5.260073071553905
B11001753,24,31.934426229508198,4.87169426366806
B11001754,1,25.295081967213115,2.626125128397862
B11001754,2,23.83606557377049,2.56189176943973
B11001754,3,23.24590163934426,2.912132550267103
B11001754,4,22.688524590163933,3.0864111665070784
B11001754,5,18.278688524590162,3.617494593291228
B11001754,6,7.983606557377049,1.5202653271304434
B11001754,7,6.327868852459017,0.8819001741844437
B11001754,8,6.114754098360656,0.7703173852111955
B11001754,9,6.081967213114754,0.8355832745819449
B11001754,10,6.344262295081967,0.9561748571421433
B11001754,11,7.344262295081967,1.0997055627048147
B11001754,12,7.754098360655738,1.0812217998584361
B11001754,13,7.655737704918033,0.9731686609610379
B11001754,14,7.540983606557377,0.9156878717225535
B11001754,15,7.442622950819672,1.0166578186041741
B11001754,16,8.524590163934427,2.378913909625871
B11001754,17,20.278688524590162,2.34787066097943
B11001754,18,23.311475409836067,3.9152538330565716
B11001754,19,24.21311475409836,3.534906746739293
B11001754,20,25.42622950819672,3.442544885922082
B11001754,21,26.40983606557377,3.1434399512673794
B11001754,22,26.704918032786885,3.164061833840063
B11001754,23,26.75409836065574,2.8552840730593108
B11001754,24,26.475409836065573,2.583723056373187
B11001755,1,20.19672131147541,2.102455021886085
B11001755,2,20.42622950819672,2.028154425470481
B11001755,3,19.80327868852459,2.0710310422759024
B11001755,4,15.868852459016393,4.126982026900869
B11001755,5,10.737704918032787,6.118774224572049
B11001755,6,6.032786885245901,4.353130447423672
B11001755,7,3.7540983606557377,2.207704376332122
B11001755,8,3.19672131147541,0.8649774398867487
B11001755,9,3.360655737704918,0.9238690363019916
B11001755,10,4.065573770491803,2.4619654447443593
B11001755,11,4.229508196721311,2.2932076655797653
B11001755,12,4.60655737704918,1.5814362482767403
B11001755,13,4.459016393442623,1.8604932405391617
B11001755,14,4.819672131147541,2.4260079650735644
B11001755,15,4.295081967213115,2.356325719190944
B11001755,16,9.950819672131148,5.43644721711993
B11001755,17,19.049180327868854,2.795935161354471
B11001755,18,20.80327868852459,2.223714748565662
B11001755,19,20.42622950819672,2.0996410028308676
B11001755,20,21.24590163934426,1.770947118138544
B11001755,21,21.327868852459016,1.956253624941154
B11001755,22,21.62295081967213,1.951577205171558
B11001755,23,21.524590163934427,1.9802844420382293
B11001755,24,20.950819672131146,2.043993435459902
B11001756,1,23.9672131147541,1.9915165414602938
B11001756,2,22.852459016393443,2.3176872699109405
B11001756,3,18.524590163934427,3.8008047352255665
B11001756,4,12.19672131147541,5.894759195379659
B11001756,5,8.967213114754099,3.382535730923702
B11001756,6,6.770491803278689,1.2725789308246132
B11001756,7,6.475409836065574,1.1957103297580634
B11001756,8,6.704918032786885,1.4297112203550915
B11001756,9,7.163934426229508,1.282675583083184
B11001756,10,8.21311475409836,3.209181265785335
B11001756,11,8.0,3.062196789941474
B11001756,12,6.967213114754099,1.425381319297322
B11001756,13,6.819672131147541,1.4543118108994673
B11001756,14,6.737704918032787,1.5775228490123814
B11001756,15,7.360655737704918,1.9250955853232365
B11001756,16,11.442622950819672,4.2253124442195436
B11001756,17,22.918032786885245,3.489069968462464
B11001756,18,25.639344262295083,3.7110061685643716
B11001756,19,25.0,3.2743413804015358
B11001756,20,25.62295081967213,3.450654176164708
B11001756,21,25.491803278688526,3.0655299374441447
B11001756,22,25.114754098360656,3.025023292991137
B11001756,23,25.19672131147541,2.5143501075459462
B11001756,24,24.065573770491802,3.3135036800946125
B11001757,1,24.737704918032787,3.7674256956100707
B11001757,2,23.83606557377049,3.7859980509241837
B11001757,3,22.37704918032787,3.9178613036071868
B11001757,4,17.065573770491802,5.601138211198805
B11001757,5,12.0,6.463009500478758
B11001757,6,9.180327868852459,4.271553626528092
B11001757,7,6.80327868852459,1.9985213561173911
B11001757,8,6.967213114754099,2.422349578234377
B11001757,9,7.131147540983607,2.80792444106964
B11001757,10,8.40983606557377,4.585712126903565
B11001757,11,8.475409836065573,4.510848698368788
B11001757,12,8.40983606557377,4.232493545472901
B11001757,13,9.508196721311476,3.1395047684004114
B11001757,14,11.868852459016393,4.819616370816065
B11001757,15,12.262295081967213,4.630269755779601
B11001757,16,17.885245901639344,3.9839775850961785
B11001757,17,20.295081967213115,3.5452312107313495
B11001757,18,24.475409836065573,4.271931100080814
B11001757,19,25.508196721311474,4.481740553348692
B11001757,20,26.639344262295083,4.416930121832991
B11001757,21,26.901639344262296,4.492999720996904
B11001757,22,26.34426229508197,4.2072741298057155
B11001757,23,25.934426229508198,4.136478475585742
B11001757,24,25.62295081967213,4.00067180598717
B11001758,1,44.98360655737705,4.737336193037036
B11001758,2,41.65573770491803,4.34528289898194
B11001758,3,37.60655737704918,4.801907710123544
B11001758,4,27.147540983606557,8.105525469305876
B11001758,5,20.540983606557376,9.828986523629915
B11001758,6,15.147540983606557,5.020731008018426
B11001758,7,12.78688524590164,2.7527319014494904
B11001758,8,12.360655737704919,2.580079976427506
B11001758,9,12.37704918032787,2.2409302402894182
B11001758,10,14.065573770491802,2.6043397102768924
B11001758,11,15.459016393442623,2.731562757487353
B11001758,12,16.524590163934427,2.5900601763820665
B11001758,13,17.442622950819672,3.1546197721776617
B11001758,14,15.491803278688524,3.297405591284135
B11001758,15,13.967213114754099,2.953004655527266
B11001758,16,24.918032786885245,3.876347283360987
B11001758,17,39.868852459016395,4.685084144094751
B11001758,18,45.75409836065574,4.268280790711638
B11001758,19,46.049180327868854,4.106876398720456
B11001758,20,47.75409836065574,4.6223113149121104
B11001758,21,48.68852459016394,4.561208437829799
B11001758,22,49.68852459016394,4.517873370334645
B11001758,23,49.278688524590166,4.247009159940959
B11001758,24,48.47540983606557,4.426472367350739
B11001759,1,70.27868852459017,15.698105918472242
B11001759,2,65.9672131147541,14.706937376196615
B11001759,3,61.91803278688525,14.586424276677711
B11001759,4,52.868852459016395,16.062863605464
B11001759,5,39.36065573770492,17.595670841343146
B11001759,6,29.60655737704918,14.997572140701987
B11001759,7,17.934426229508198,7.093910693903787
B11001759,8,16.229508196721312,5.154636437937196
B11001759,9,15.934426229508198,6.573341223055582
B11001759,10,16.0327868852459,5.410879184083308
B11001759,11,16.0327868852459,5.714425843868647
B11001759,12,16.491803278688526,6.144764400289991
B11001759,13,16.524590163934427,7.608464995393799
B11001759,14,19.262295081967213,8.689359687674294
B11001759,15,37.85245901639344,12.730286676712003
B11001759,16,58.14754098360656,17.34116306872723
B11001759,17,67.77049180327869,20.34488975399945
B11001759,18,70.9672131147541,19.31020898182604
B11001759,19,76.26229508196721,19.42358009186406
B11001759,20,81.54098360655738,20.53990420148762
B11001759,21,83.85245901639344,20.83804533293612
B11001759,22,83.80327868852459,19.77481397987668
B11001759,23,81.44262295081967,19.228159498774005
B11001759,24,76.91803278688525,18.28400275612018
B11001760,1,15.19672131147541,1.0214048848160795
B11001760,2,15.524590163934427,1.33805042146963
B11001760,3,16.147540983606557,1.02166796399232
B11001760,4,17.37704918032787,1.2033278231804965
B11001760,5,16.278688524590162,1.0102937008610233
B11001760,6,13.754098360655737,1.034736645118656
B11001760,7,13.557377049180328,0.8400739655946857
B11001760,8,13.01639344262295,0.712690659648661
B11001760,9,14.672131147540984,0.9704031860294257
B11001760,10,14.459016393442623,1.1245949433536064
B11001760,11,14.721311475409836,1.2820468718699773
B11001760,12,15.032786885245901,1.4021904773995473
B11001760,13,13.934426229508198,1.3165883937876235
B11001760,14,15.262295081967213,1.5138880499167469
B11001760,15,15.344262295081966,1.545859047098529
B11001760,16,15.426229508196721,1.5199117359343293
B11001760,17,15.0,1.2803687993289599
B11001760,18,14.98360655737705,0.9833332953750047
B11001760,19,15.737704918032787,1.1147540983606559
B11001760,20,15.508196721311476,0.8985042364619491
B11001760,21,15.327868852459016,0.936006716302964
B11001760,22,15.147540983606557,0.955331297333342
B11001760,23,15.147540983606557,0.8840307385385419
B11001760,24,14.918032786885245,0.9966350264636501
B11001761,1,16.37704918032787,1.2033278231804962
B11001761,2,16.80327868852459,1.352831543329689
B11001761,3,17.16393442622951,1.2035511372444363
B11001761,4,18.688524590163933,1.1670473265939465
B11001761,5,16.81967213114754,1.3245252378179773
B11001761,6,15.40983606557377,1.7213895376522472
B11001761,7,15.459016393442623,1.655331876900241
B11001761,8,14.557377049180328,1.3370458035477826
B11001761,9,13.491803278688524,1.1253116263429845
B11001761,10,15.344262295081966,1.4808642348375365
B11001761,11,14.80327868852459,1.1848728524323051
B11001761,12,15.049180327868852,1.233763129326346
B11001761,13,15.901639344262295,1.3754870139936413
B11001761,14,15.442622950819672,1.4544965910045138
B11001761,15,14.147540983606557,1.4467155064203416
B11001761,16,16.21311475409836,1.537666468113084
B11001761,17,15.639344262295081,1.4261352898971507
B11001761,18,15.852459016393443,1.3036652689882653
B11001761,19,16.65573770491803,0.9032772009151417
B11001761,20,16.57377049180328,1.122920904232374
B11001761,21,15.557377049180328,1.1945860132614217
B11001761,22,16.459016393442624,1.0334372139327532
B11001761,23,17.131147540983605,1.0935790216496992
B11001761,24,16.40983606557377,1.2331094799404256
B11001762,1,18.83606557377049,1.0271770621521668
B11001762,2,17.59016393442623,1.07698804627258
B11001762,3,16.639344262295083,0.9059509429277443
B11001762,4,16.81967213114754,0.8964080730814634
B11001762,5,17.065573770491802,0.8071169590223719
B11001762,6,16.59016393442623,0.8565475723025004
B11001762,7,14.934426229508198,1.0221939192209768
B11001762,8,14.721311475409836,0.9773022007074676
B11001762,9,14.442622950819672,0.9670741772952541
B11001762,10,15.918032786885245,1.2186404944292326
B11001762,11,15.491803278688524,1.209565032504703
B11001762,12,15.80327868852459,1.2908209629527558
B11001762,13,16.57377049180328,1.3605569784423885
B11001762,14,16.327868852459016,1.501052215378308
B11001762,15,15.557377049180328,1.3733361338443115
B11001762,16,17.19672131147541,1.4004644678146587
B11001762,17,18.540983606557376,1.195260730069389
B11001762,18,18.37704918032787,1.494952539695475
B11001762,19,17.918032786885245,1.1205250813531187
B11001762,20,17.540983606557376,1.0646906807298042
B11001762,21,16.770491803278688,0.8757842878159396
B11001762,22,17.901639344262296,0.8999985069712002
B11001762,23,17.524590163934427,1.0017453191771928
B11001762,24,17.19672131147541,0.9550499451560334
B11001763,1,16.065573770491802,0.9385872267737467
B11001763,2,15.950819672131148,1.0624165079357148
B11001763,3,17.852459016393443,1.0839524757256747
B11001763,4,17.737704918032787,1.0065627169186067
B11001763,5,16.852459016393443,0.8652880800260097
B11001763,6,16.475409836065573,0.8609289183935007
B11001763,7,14.475409836065573,1.1819206011590775
B11001763,8,14.40983606557377,1.046102041543857
B11001763,9,13.80327868852459,0.7201928733275015
B11001763,10,14.918032786885245,1.2051131770156789
B11001763,11,14.672131147540984,1.210897397548812
B11001763,12,14.557377049180328,1.4086918727174318
B11001763,13,14.934426229508198,1.4695694971157356
B11001763,14,15.344262295081966,1.6284886476311666
B11001763,15,14.21311475409836,1.5482910102449305
B11001763,16,15.672131147540984,1.9977143617957278
B11001763,17,15.19672131147541,1.252141406814971
B11001763,18,17.34426229508197,1.1145129922481005
B11001763,19,17.475409836065573,1.1104061784836785
B11001763,20,17.508196721311474,0.9855172698484679
B11001763,21,16.131147540983605,0.7123134748328009
B11001763,22,17.327868852459016,1.0822155701048528
B11001763,23,17.491803278688526,1.0654476596243883
B11001763,24,16.75409836065574,1.002549826322666
B11001764,1,15.19672131147541,1.1281738055137873
B11001764,2,14.950819672131148,1.1512819584314384
B11001764,3,16.60655737704918,1.1202852172635993
B11001764,4,15.918032786885245,1.0290068738672271
B11001764,5,15.114754098360656,1.132216173759476
B11001764,6,14.62295081967213,1.1475409836065573
B11001764,7,14.721311475409836,1.2028810706783044
B11001764,8,14.295081967213115,1.1782769066273053
B11001764,9,13.19672131147541,1.0214048848160795
B11001764,10,14.885245901639344,1.1887224255923476
B11001764,11,14.442622950819672,1.1945860132614217
B11001764,12,16.0327868852459,1.4482008410070675
B11001764,13,15.39344262295082,1.52872698057374
B11001764,14,15.524590163934427,1.5106893158699375
B11001764,15,14.37704918032787,1.3569968581360576
B11001764,16,15.918032786885245,1.5501991618975837
B11001764,17,16.262295081967213,1.4474583642389582
B11001764,18,16.24590163934426,1.002549826322666
B11001764,19,16.131147540983605,0.8584280302679377
B11001764,20,15.819672131147541,0.839753998351849
B11001764,21,14.918032786885245,0.7081511825067272
B11001764,22,15.688524590163935,0.8004298764415544
B11001764,23,15.59016393442623,0.912159196278266
B11001764,24,15.852459016393443,0.9723398443499618
B11001765,1,17.508196721311474,1.1253116263429845
B11001765,2,17.475409836065573,1.3007760278608111
B11001765,3,16.508196721311474,0.9165679179340566
B11001765,4,20.704918032786885,1.5401113680731862
B11001765,5,19.62295081967213,1.1617388666574802
B11001765,6,19.24590163934426,1.1257891615337308
B11001765,7,16.147540983606557,1.02166796399232
B11001765,8,15.39344262295082,1.309219371023043
B11001765,9,13.950819672131148,1.298501399889367
B11001765,10,17.114754098360656,1.5586707310170114
B11001765,11,16.42622950819672,1.3844453987355678
B11001765,12,16.39344262295082,1.4058273163618589
B11001765,13,16.37704918032787,1.548811648384483
B11001765,14,16.688524590163933,1.37353180758383
B11001765,15,14.80327868852459,1.328374726549698
B11001765,16,17.131147540983605,1.5308350858922954
B11001765,17,17.950819672131146,1.233763129326346
B11001765,18,18.9672131147541,1.1589595830907304
B11001765,19,18.59016393442623,0.929957678930022
B11001765,20,18.229508196721312,0.8757842878159396
B11001765,21,16.721311475409838,0.7710148207413015
B11001765,22,19.0,1.0242950394631678
B11001765,23,18.311475409836067,0.9328430649479865
B11001765,24,17.918032786885245,1.0908724432533852
B11001766,1,17.065573770491802,0.955893753253328
B11001766,2,17.0,0.9581402751608169
B11001766,3,16.62295081967213,1.1757653165272857
B11001766,4,18.770491803278688,1.2596309975277735
B11001766,5,19.60655737704918,1.2184199459712817
B11001766,6,18.57377049180328,1.0629223001604804
B11001766,7,16.78688524590164,0.889183712939057
B11001766,8,15.032786885245901,0.6767136865754194
B11001766,9,14.19672131147541,0.6970587418186656
B11001766,10,16.311475409836067,0.9841528537576154
B11001766,11,15.78688524590164,1.1324535107652816
B11001766,12,16.278688524590162,1.2164332104320752
B11001766,13,16.57377049180328,1.2604841171633498
B11001766,14,16.34426229508197,1.4918933498299616
B11001766,15,14.868852459016393,1.166125852051065
B11001766,16,16.508196721311474,1.4329031726827646
B11001766,17,17.639344262295083,1.3432623229915734
B11001766,18,17.672131147540984,1.1412002809152204
B11001766,19,17.508196721311474,0.9687401116520757
B11001766,20,17.24590163934426,0.8618648805308142
B11001766,21,16.229508196721312,0.9124537737754587
B11001766,22,17.557377049180328,1.0943160175920414
B11001766,23,17.459016393442624,1.0012086219411458
B11001766,24,17.327868852459016,0.9533600884294238
B11001767,1,18.901639344262296,1.1265050847612774
B11001767,2,18.62295081967213,1.133165223526915
B11001767,3,19.0327868852459,1.1009267796971027
B11001767,4,22.081967213114755,1.2186404944292326
B11001767,5,20.016393442622952,0.9494053924964104
B11001767,6,19.508196721311474,1.3863852138928507
B11001767,7,18.295081967213115,1.5401113680731864
B11001767,8,17.21311475409836,1.0575994174615941
B11001767,9,15.524590163934427,0.6168815646631731
B11001767,10,17.737704918032787,0.7220562473949258
B11001767,11,17.885245901639344,0.6553277406985799
B11001767,12,17.934426229508198,0.8467653488619645
B11001767,13,18.80327868852459,0.9200796852722806
B11001767,14,18.311475409836067,0.8004298764415543
B11001767,15,16.278688524590162,0.8323608049040069
B11001767,16,18.475409836065573,0.8416719772454714
B11001767,17,18.081967213114755,0.9106848794971245
B11001767,18,18.59016393442623,1.107012656795681
B11001767,19,20.40983606557377,0.610752000334333
B11001767,20,20.147540983606557,0.7205659336339643
B11001767,21,18.62295081967213,0.7279869938090006
B11001767,22,20.18032786885246,0.9322667021713399
B11001767,23,20.37704918032787,0.9261932388082319
B11001767,24,19.75409836065574,0.880680394659888
B11001768,1,16.18032786885246,0.839753998351849
B11001768,2,17.049180327868854,1.0468724617107936
B11001768,3,16.524590163934427,0.8017717547959008
B11001768,4,17.39344262295082,1.0601374566704749
B11001768,5,16.75409836065574,1.0187703566091375
B11001768,6,16.295081967213115,0.8559198348987941
B11001768,7,15.836065573770492,1.2953931977139943
B11001768,8,14.311475409836065,1.3124996000818423
B11001768,9,14.229508196721312,1.192784902529918
B11001768,10,15.19672131147541,1.2256770913127044
B11001768,11,14.475409836065573,1.1104061784836785
B11001768,12,15.01639344262295,0.8961082208994393
B11001768,13,15.19672131147541,0.9887841868852604
B11001768,14,15.344262295081966,0.8849422672961166
B11001768,15,15.442622950819672,1.0639331632516689
B11001768,16,15.819672131147541,1.0940704074402348
B11001768,17,16.78688524590164,1.332011348575205
B11001768,18,17.19672131147541,0.9020863273572198
B11001768,19,16.83606557377049,0.833328854238612
B11001768,20,16.639344262295083,0.7899530362725743
B11001768,21,15.885245901639344,0.7265088461036177
B11001768,22,16.60655737704918,0.8153986960948125
B11001768,23,16.081967213114755,0.9285116235086096
B11001768,24,16.24590163934426,0.7608394351391667
B11001769,1,19.24590163934426,1.5327649687220724
B11001769,2,19.327868852459016,1.3993126119916919
B11001769,3,19.59016393442623,1.4185775510022254
B11001769,4,17.491803278688526,1.6055533831731534
B11001769,5,18.295081967213115,1.518673518428651
B11001769,6,17.737704918032787,1.9239784544673315
B11001769,7,17.311475409836067,1.2999493509245252
B11001769,8,15.950819672131148,1.2469796889007614
B11001769,9,16.360655737704917,0.9587010830959638
B11001769,10,15.19672131147541,1.156870738647695
B11001769,11,16.16393442622951,1.320461020695231
B11001769,12,16.75409836065574,0.8229442883941727
B11001769,13,16.950819672131146,0.7558781562884265
B11001769,14,16.672131147540984,0.7404321174187682
B11001769,15,16.557377049180328,0.8967078249952357
B11001769,16,15.704918032786885,0.9115697557021536
B11001769,17,16.770491803278688,0.8757842878159396
B11001769,18,16.34426229508197,0.8470826677222173
B11001769,19,18.147540983606557,0.8840307385385417
B11001769,20,18.0327868852459,0.8091123068362664
B11001769,21,17.950819672131146,1.0150705298631293
B11001769,22,17.065573770491802,1.0844482235109
B11001769,23,18.901639344262296,1.3020150591255595
B11001769,24,18.37704918032787,1.4839461616568335
B11001770,1,16.737704918032787,0.6246740617461524
B11001770,2,17.311475409836067,1.048667907653736
B11001770,3,16.81967213114754,0.8590539348573052
B11001770,4,18.934426229508198,0.902979629765273
B11001770,5,17.934426229508198,0.6495610739724245
B11001770,6,15.885245901639344,1.4268888620976354
B11001770,7,14.081967213114755,0.795377670210374
B11001770,8,14.098360655737705,0.8239234015166599
B11001770,9,13.573770491803279,0.858114906773928
B11001770,10,14.163934426229508,0.6573750051069974
B11001770,11,14.78688524590164,0.8120961361639893
B11001770,12,15.311475409836065,0.8206551482481198
B11001770,13,15.459016393442623,0.9508196721311476
B11001770,14,15.360655737704919,1.1019027788069549
B11001770,15,14.229508196721312,0.9477054710029268
B11001770,16,15.459016393442623,1.2223837299873608
B11001770,17,15.704918032786885,1.1642807150534231
B11001770,18,17.81967213114754,0.8964080730814634
B11001770,19,17.737704918032787,0.7444139370323101
B11001770,20,17.540983606557376,0.7590712723141133
B11001770,21,16.57377049180328,0.5568946803758371
B11001770,22,17.262295081967213,0.8852459016393444
B11001770,23,17.21311475409836,0.889183712939057
B11001770,24,16.737704918032787,0.6989837903386177
B11001771,1,16.19672131147541,0.9020863273572198
B11001771,2,15.573770491803279,1.0155999017530188
B11001771,3,16.327868852459016,1.0822155701048528
B11001771,4,18.672131147540984,1.276795572368574
B11001771,5,18.360655737704917,1.4261352898971504
B11001771,6,17.39344262295082,1.0126849319003608
B11001771,7,15.852459016393443,1.0839524757256747
B11001771,8,14.491803278688524,0.9165679179340567
B11001771,9,14.655737704918034,0.8849422672961166
B11001771,10,15.098360655737705,1.0033536883999579
B11001771,11,15.360655737704919,1.1456659153872883
B11001771,12,16.0327868852459,1.1009267796971027
B11001771,13,16.721311475409838,1.307370625401763
B11001771,14,15.37704918032787,1.1186047284742282
B11001771,15,15.967213114754099,1.144727229514498
B11001771,16,16.360655737704917,1.4713970932666804
B11001771,17,17.0327868852459,1.2006448146623314
B11001771,18,19.081967213114755,1.296844619119089
B11001771,19,18.508196721311474,1.3009826150181312
B11001771,20,17.21311475409836,1.1468381922880462
B11001771,21,17.442622950819672,1.0943160175920417
B11001771,22,17.459016393442624,1.2357220029536229
B11001771,23,16.983606557377048,1.1233994556729057
B11001771,24,16.524590163934427,1.0955432424002374
B11001772,1,16.295081967213115,1.310040198295544
B11001772,2,16.131147540983605,1.4312142023421077
B11001772,3,18.065573770491802,1.5875422024494072
B11001772,4,18.540983606557376,1.1099220249056232
B11001772,5,17.918032786885245,1.2051131770156789
B11001772,6,17.75409836065574,1.2630400186398834
B11001772,7,16.688524590163933,1.7791228600168871
B11001772,8,16.37704918032787,1.5167257057338197
B11001772,9,15.344262295081966,1.239847239422232
B11001772,10,15.688524590163935,0.9673520322578315
B11001772,11,14.59016393442623,0.9474218542163865
B11001772,12,14.508196721311476,0.781401658217245
B11001772,13,15.180327868852459,0.8590539348573052
B11001772,14,14.852459016393443,0.955331297333342
B11001772,15,14.245901639344263,0.8991022426755468
B11001772,16,15.295081967213115,1.0455881127279982
B11001772,17,15.459016393442623,1.0174505343726492
B11001772,18,16.852459016393443,0.8461303541353403
B11001772,19,16.557377049180328,1.109195398297526
B11001772,20,16.16393442622951,1.2304914101505056
B11001772,21,15.557377049180328,1.2613366597817275
B11001772,22,17.114754098360656,1.2687719718615966
B11001772,23,16.672131147540984,1.3022214497203606
B11001772,24,17.278688524590162,1.307370625401763
B11001773,1,16.295081967213115,1.4181986068119454
B11001773,2,17.229508196721312,1.4302750236844093
B11001773,3,15.508196721311476,0.7382511638818164
B11001773,4,16.229508196721312,1.1649729838976965
B11001773,5,17.081967213114755,1.0448167455166026
B11001773,6,15.19672131147541,1.1281738055137869
B11001773,7,13.59016393442623,0.9979823773917655
B11001773,8,13.540983606557377,1.139078869904276
B11001773,9,12.967213114754099,0.9403036327672122
B11001773,10,14.459016393442623,1.4994400101349672
B11001773,11,13.885245901639344,1.2687719718615966
B11001773,12,14.672131147540984,1.4900908925452245
B11001773,13,15.049180327868852,1.5515854346198548
B11001773,14,14.918032786885245,1.6225367910371962
B11001773,15,13.672131147540984,1.4790483368708147
B11001773,16,15.37704918032787,1.8031296510691908
B11001773,17,14.639344262295081,1.4602131765012034
B11001773,18,15.836065573770492,1.3692205257587606
B11001773,19,16.81967213114754,1.2740563428016685
B11001773,20,16.770491803278688,1.0463589112939637
B11001773,21,15.721311475409836,1.0263918585244935
B11001773,22,16.62295081967213,1.2033278231804962
B11001773,23,15.98360655737705,1.1087107159941583
B11001773,24,15.967213114754099,1.144727229514498
B11001774,1,17.59016393442623,1.2723677319299842
B11001774,2,17.540983606557376,1.4994400101349667
B11001774,3,18.442622950819672,1.5631472053849467
B11001774,4,19.40983606557377,1.3834744712027636
B11001774,5,18.18032786885246,1.2740563428016687
B11001774,6,18.721311475409838,1.5163712891602856
B11001774,7,16.901639344262296,1.4565276249994215
B11001774,8,15.721311475409836,1.2947706619002053
B11001774,9,14.704918032786885,1.121244365741744
B11001774,10,16.491803278688526,1.5641784186067624
B11001774,11,16.508196721311474,1.5641784186067624
B11001774,12,17.78688524590164,1.8117535577568524
B11001774,13,18.131147540983605,1.9708981878210372
B11001774,14,18.0,2.2176638128637185
B11001774,15,17.311475409836067,2.4058738476293393
B11001774,16,19.18032786885246,2.620900838257225
B11001774,17,17.475409836065573,2.0929746450497877
B11001774,18,19.42622950819672,1.6442549400812898
B11001774,19,18.918032786885245,1.4060184683535453
B11001774,20,18.34426229508197,1.278898679661776
B11001774,21,17.147540983606557,0.9380143935029486
B11001774,22,18.57377049180328,1.1798724075702673
B11001774,23,18.295081967213115,1.061150972634902
B11001774,24,18.37704918032787,1.2566405178188065
B11001775,1,16.42622950819672,2.836870917589253
B11001775,2,16.508196721311474,2.6711755306230036
B11001775,3,17.918032786885245,3.4560238784049724
B11001775,4,18.60655737704918,3.4225802198724247
B11001775,5,17.442622950819672,3.1180310630737678
B11001775,6,15.62295081967213,3.068421575467492
B11001775,7,14.754098360655737,2.1550987022766943
B11001775,8,14.721311475409836,2.166292803279475
B11001775,9,13.885245901639344,1.8912946442412568
B11001775,10,14.934426229508198,1.6973349646616112
B11001775,11,13.868852459016393,1.7031832283636426
B11001775,12,14.295081967213115,1.7587650501070624
B11001775,13,14.868852459016393,1.7692770574730547
B11001775,14,14.295081967213115,1.485936943426185
B11001775,15,13.901639344262295,1.789815614945073
B11001775,16,14.60655737704918,1.6122348659861307
B11001775,17,14.01639344262295,1.6839824312650828
B11001775,18,14.540983606557377,1.7421841435092873
B11001775,19,16.18032786885246,1.8774607609469391
B11001775,20,15.98360655737705,2.2939107081589256
B11001775,21,15.180327868852459,2.250742658646882
B11001775,22,16.24590163934426,2.365432325957739
B11001775,23,16.60655737704918,2.6995973502108144
B11001775,24,16.60655737704918,2.5943108534030617
B11001776,1,15.39344262295082,1.231801140601259
B11001776,2,16.459016393442624,1.5211489455294485
B11001776,3,16.34426229508197,1.4359008813415206
B11001776,4,14.475409836065573,1.362333549791261
B11001776,5,15.131147540983607,1.3241193774628637
B11001776,6,14.37704918032787,1.2824660469251112
B11001776,7,14.78688524590164,1.332011348575205
B11001776,8,14.770491803278688,1.0463589112939642
B11001776,9,15.39344262295082,1.0601374566704749
B11001776,10,13.62295081967213,1.0583614682996048
B11001776,11,15.163934426229508,1.073989465846505
B11001776,12,15.475409836065573,1.2093428289513435
B11001776,13,15.721311475409836,1.3566007124968658
B11001776,14,15.950819672131148,1.4191457775625669
B11001776,15,15.60655737704918,1.4289591365469445
B11001776,16,14.819672131147541,1.4429954809616645
B11001776,17,16.016393442622952,1.6144003939816627
B11001776,18,16.114754098360656,1.102877914200273
B11001776,19,16.39344262295082,1.0906260576052391
B11001776,20,16.229508196721312,1.136480656553247
B11001776,21,15.934426229508198,1.1288882164384797
B11001776,22,14.934426229508198,1.0692245153521525
B11001776,23,16.39344262295082,1.044559496529442
B11001776,24,15.950819672131148,1.1512819584314387
B11001777,1,18.491803278688526,1.489008370867619
B11001777,2,19.80327868852459,1.8271151868284778
B11001777,3,18.40983606557377,1.192559572424473
B11001777,4,20.262295081967213,1.5566003239959632
B11001777,5,18.901639344262296,1.4565276249994215
B11001777,6,19.704918032786885,1.2057820031759536
B11001777,7,17.278688524590162,1.5055215047762436
B11001777,8,17.34426229508197,1.6584136791528494
B11001777,9,15.918032786885245,1.6722918598434875
B11001777,10,18.19672131147541,1.637868187926376
B11001777,11,18.508196721311474,1.9886806798846886
B11001777,12,18.540983606557376,1.7701881949761427
B11001777,13,18.78688524590164,1.9172620000916494
B11001777,14,18.311475409836067,1.7229500397745892
B11001777,15,17.049180327868854,1.7218578367870012
B11001777,16,19.57377049180328,1.9955607814777
B11001777,17,18.19672131147541,1.5130001910344926
B11001777,18,20.065573770491802,1.4357137079220534
B11001777,19,19.901639344262296,1.4899105268854773
B11001777,20,19.278688524590162,1.3923814667269556
B11001777,21,18.098360655737704,1.6266723352663504
B11001777,22,20.704918032786885,1.5717199756336897
B11001777,23,19.918032786885245,1.4060184683535453
B11001777,24,19.18032786885246,1.4655407631886563
B11001778,1,18.721311475409838,1.7937153267658927
B11001778,2,19.081967213114755,2.0826770443484914
B11001778,3,19.229508196721312,1.9450942294419116
B11001778,4,20.311475409836067,1.7883134614156908
B11001778,5,19.78688524590164,2.3547284420951446
B11001778,6,18.62295081967213,2.5745534989377807
B11001778,7,16.557377049180328,1.6647216098080138
B11001778,8,16.065573770491802,1.4010400406046883
B11001778,9,14.442622950819672,1.4317774138293802
B11001778,10,16.098360655737704,1.7149766335241998
B11001778,11,16.18032786885246,2.0041612179622637
B11001778,12,16.639344262295083,2.142717646884525
B11001778,13,16.901639344262296,2.1554727755926035
B11001778,14,16.885245901639344,2.2910972434352597
B11001778,15,15.475409836065573,2.2295081967213117
B11001778,16,17.098360655737704,1.9051691378189841
B11001778,17,16.524590163934427,1.779726976455356
B11001778,18,16.81967213114754,1.713095144605001
B11001778,19,18.9672131147541,1.5360926918193416
B11001778,20,19.0327868852459,1.6090646210087718
B11001778,21,17.918032786885245,1.571206928459703
B11001778,22,19.57377049180328,1.4079285608907466
B11001778,23,18.721311475409838,1.5271439918473728
B11001778,24,18.42622950819672,1.634254393518899
B11001779,1,16.311475409836067,0.8596793837460258
B11001779,2,17.983606557377048,1.1378985992838213
B11001779,3,16.721311475409838,1.0732385116939613
B11001779,4,18.114754098360656,0.9933939283634832
B11001779,5,17.131147540983605,0.9139252370338594
B11001779,6,16.557377049180328,0.8967078249952357
B11001779,7,15.032786885245901,1.0707315273972415
B11001779,8,15.80327868852459,0.9200796852722807
B11001779,9,14.868852459016393,1.0935790216496997
B11001779,10,16.016393442622952,1.1663562889374266
B11001779,11,15.639344262295081,1.2015398165120457
B11001779,12,16.21311475409836,1.3071650478196444
B11001779,13,16.672131147540984,1.3756823817971966
B11001779,14,16.475409836065573,1.4554201396346251
B11001779,15,15.262295081967213,1.4130729140662261
B11001779,16,16.42622950819672,1.5519318093165726
B11001779,17,16.131147540983605,1.0476423153226526
B11001779,18,17.639344262295083,0.7689206163644967
B11001779,19,17.491803278688526,0.7814016582172447
B11001779,20,17.278688524590162,0.6806734259680883
B11001779,21,16.24590163934426,0.7389788635793211
B11001779,22,17.16393442622951,0.8134187691839525
B11001779,23,16.868852459016395,0.819344196695069
B11001779,24,17.459016393442624,0.8213098393360886
B11001780,1,14.327868852459016,0.8041146536675884
B11001780,2,14.934426229508198,1.1142718339650115
B11001780,3,13.819672131147541,0.9145131594086134
B11001780,4,14.0,1.0558191598757127
B11001780,5,15.245901639344263,1.1402579188379804
B11001780,6,14.229508196721312,1.0145408817551345
B11001780,7,13.37704918032787,0.8900899646228347
B11001780,8,13.426229508196721,1.0473857603254615
B11001780,9,12.721311475409836,1.0422413983772023
B11001780,10,13.934426229508198,1.3774394450885248
B11001780,11,13.885245901639344,1.1176433146924138
B11001780,12,14.21311475409836,1.368435197030112
B11001780,13,15.081967213114755,1.3585802855803712
B11001780,14,14.78688524590164,1.3442622950819672
B11001780,15,13.770491803278688,1.1649729838976965
B11001780,16,14.836065573770492,1.3450617374928533
B11001780,17,14.770491803278688,1.4071648350081927
B11001780,18,15.37704918032787,0.8900899646228347
B11001780,19,15.295081967213115,0.8559198348987941
B11001780,20,15.327868852459016,1.0669600062474087
B11001780,21,14.37704918032787,0.7926699936876448
B11001780,22,14.655737704918034,1.0694758314950878
B11001780,23,14.540983606557377,0.8791532903470112
B11001780,24,14.229508196721312,0.7974023939026432
B11001781,1,16.295081967213115,2.765977503642867
B11001781,2,16.37704918032787,2.606196490121625
B11001781,3,17.737704918032787,3.3578957078887637
B11001781,4,18.40983606557377,3.350444302224085
B11001781,5,17.262295081967213,3.0989244000970397
B11001781,6,15.524590163934427,3.038585506648567
B11001781,7,14.754098360655737,2.11672293659921
B11001781,8,14.737704918032787,2.156968420117839
B11001781,9,13.950819672131148,1.8941344275887446
B11001781,10,15.01639344262295,1.693689379448121
B11001781,11,13.98360655737705,1.7224820375821244
B11001781,12,14.344262295081966,1.773070374844752
B11001781,13,14.901639344262295,1.7806327668150184
B11001781,14,14.344262295081966,1.535217674549922
B11001781,15,13.967213114754099,1.8462830459411261
B11001781,16,14.655737704918034,1.5980033228144053
B11001781,17,14.131147540983607,1.6838228347683721
B11001781,18,14.62295081967213,1.7193587674920514
B11001781,19,16.18032786885246,1.868708651355143
B11001781,20,15.934426229508198,2.2822828121689587
B11001781,21,15.147540983606557,2.2238355993441847
B11001781,22,16.24590163934426,2.3584917221478507
B11001781,23,16.508196721311474,2.640311400037802
B11001781,24,16.475409836065573,2.564617744673988
B11001782,1,18.737704918032787,1.6782273956812757
B11001782,2,17.983606557377048,1.7319732258435658
B11001782,3,19.37704918032787,1.6905129149503952
B11001782,4,18.16393442622951,1.282675583083184
B11001782,5,20.983606557377048,1.74141268523141
B11001782,6,18.18032786885246,1.713095144605001
B11001782,7,16.770491803278688,1.9702162868949005
B11001782,8,16.852459016393443,1.9738957533369526
B11001782,9,16.688524590163933,2.154225611931174
B11001782,10,15.360655737704919,1.942052209165041
B11001782,11,17.737704918032787,2.27532479644557
B11001782,12,18.016393442622952,2.2795728912483533
B11001782,13,18.147540983606557,2.0632305209904622
B11001782,14,17.60655737704918,2.1138007763546947
B11001782,15,17.262295081967213,2.023644167388457
B11001782,16,16.049180327868854,2.0993849958796225
B11001782,17,19.19672131147541,1.6871711908548992
B11001782,18,20.639344262295083,1.8468651941649394
B11001782,19,20.311475409836067,1.6941653354444346
B11001782,20,20.049180327868854,1.6339254704213704
B11001782,21,19.459016393442624,1.5531435124363293
B11001782,22,17.934426229508198,1.5875422024494072
B11001782,23,20.065573770491802,1.6182246136725333
B11001782,24,19.295081967213115,1.6331028728409538
B11001783,1,14.508196721311476,1.1681981476275323
B11001783,2,15.901639344262295,1.3020150591255595
B11001783,3,14.98360655737705,1.078733368941777
B11001783,4,14.573770491803279,1.193685797599838
B11001783,5,15.934426229508198,1.265803088032522
B11001783,6,14.852459016393443,1.0839524757256747
B11001783,7,14.344262295081966,1.3042835594043336
B11001783,8,13.39344262295082,1.3703976750168108
B11001783,9,13.065573770491802,1.1288882164384797
B11001783,10,14.131147540983607,1.2736343999708217
B11001783,11,13.918032786885245,1.4060184683535453
B11001783,12,14.032786885245901,1.4368363826990447
B11001783,13,14.688524590163935,1.361544248711221
B11001783,14,14.524590163934427,1.3502465758671474
B11001783,15,13.836065573770492,1.203551137244436
B11001783,16,14.40983606557377,1.3352355865112944
B11001783,17,14.62295081967213,1.2824660469251112
B11001783,18,15.557377049180328,1.2082311982090672
B11001783,19,15.721311475409836,1.2430943350904182
B11001783,20,15.459016393442623,1.1099220249056234
B11001783,21,15.032786885245901,1.08593410896257
B11001783,22,15.344262295081966,1.1435527886291992
B11001783,23,16.147540983606557,1.3161800860110853
B11001783,24,15.114754098360656,1.215991272829685
B11001784,1,16.049180327868854,1.335839264751696
B11001784,2,15.885245901639344,1.2426618792293265
B11001784,3,15.655737704918034,1.3042835594043338
B11001784,4,17.0327868852459,1.4021904773995473
B11001784,5,18.0,1.4710317556835775
B11001784,6,17.081967213114755,1.1494129929808592
B11001784,7,14.852459016393443,1.4353392878588545
B11001784,8,14.639344262295081,1.4489429373104492
B11001784,9,14.770491803278688,1.6235302823790096
B11001784,10,14.819672131147541,1.573428924682207
B11001784,11,15.655737704918034,1.809675687833518
B11001784,12,15.60655737704918,1.866694180828949
B11001784,13,16.459016393442624,1.7327488867834508
B11001784,14,16.0327868852459,1.8988107849928209
B11001784,15,15.868852459016393,1.6243577276609935
B11001784,16,15.311475409836065,1.5527974080281466
B11001784,17,16.688524590163933,1.5422039116579325
B11001784,18,17.442622950819672,1.2870679623862638
B11001784,19,16.75409836065574,1.313932125214025
B11001784,20,16.278688524590162,1.132690798040964
B11001784,21,16.59016393442623,1.2723677319299842
B11001784,22,16.21311475409836,1.146838192288046
B11001784,23,16.868852459016395,1.476320301956646
B11001784,24,16.442622950819672,1.2613366597817275
B11001785,1,16.885245901639344,0.9071367430988146
B11001785,2,16.672131147540984,0.9360067163029638
B11001785,3,15.524590163934427,0.667919632375848
B11001785,4,17.16393442622951,0.9781268124705769
B11001785,5,17.65573770491803,1.1857797586901722
B11001785,6,17.950819672131146,0.9308242338739927
B11001785,7,18.737704918032787,1.0542908321844937
B11001785,8,16.114754098360656,0.9250318675190744
B11001785,9,15.01639344262295,0.8587410395874621
B11001785,10,16.016393442622952,1.2346341235254248
B11001785,11,15.934426229508198,1.278688524590164
B11001785,12,16.081967213114755,0.9631757915782545
B11001785,13,16.62295081967213,1.1038521881660606
B11001785,14,16.311475409836067,1.0486679076537362
B11001785,15,15.065573770491802,1.0994611565316206
B11001785,16,16.770491803278688,0.8943069965236626
B11001785,17,18.295081967213115,1.061150972634902
B11001785,18,18.737704918032787,0.9391597106493447
B11001785,19,18.491803278688526,1.0182426330012808
B11001785,20,17.83606557377049,0.8903918435410012
B11001785,21,16.475409836065573,0.8797644501638519
B11001785,22,17.83606557377049,0.8717859541185791
B11001785,23,17.21311475409836,1.0100276590655322
B11001785,24,17.098360655737704,1.0667080973768817
B11001786,1,16.295081967213115,1.2193019004450525
B11001786,2,16.901639344262296,1.6367192097506473
B11001786,3,17.21311475409836,1.472310040610997
B11001786,4,17.557377049180328,1.385221650772302
B11001786,5,17.491803278688526,1.421416412258713
B11001786,6,16.34426229508197,1.0846960124375913
B11001786,7,16.21311475409836,1.1324535107652816
B11001786,8,15.180327868852459,1.0001343634537472
B11001786,9,15.278688524590164,1.1033651587189401
B11001786,10,15.459016393442623,1.43234040385592
B11001786,11,16.688524590163933,1.4990815068399121
B11001786,12,16.868852459016395,1.4197137766958008
B11001786,13,17.459016393442624,1.797756073935115
B11001786,14,16.65573770491803,1.8720134326059277
B11001786,15,16.19672131147541,1.844972540833892
B11001786,16,16.39344262295082,2.3904090364332986
B11001786,17,17.18032786885246,2.012324296138643
B11001786,18,17.42622950819672,1.4424366496694383
B11001786,19,17.459016393442624,1.195260730069389
B11001786,20,16.62295081967213,1.07373920615166
B11001786,21,16.0327868852459,1.08593410896257
B11001786,22,16.24590163934426,1.3749007440171643
B11001786,23,17.442622950819672,1.3733361338443113
B11001786,24,16.639344262295083,1.4489429373104492
B11001787,1,13.131147540983607,1.260697306867566
B11001787,2,13.065573770491802,1.4357137079220532
B11001787,3,14.852459016393443,1.1711849901306066
B11001787,4,13.967213114754099,1.425381319297322
B11001787,5,13.37704918032787,1.3927674352629142
B11001787,6,12.901639344262295,1.3514402521655704
B11001787,7,12.475409836065573,1.374314223943258
B11001787,8,11.967213114754099,1.3786095765002386
B11001787,9,12.114754098360656,1.1887224255923476
B11001787,10,13.262295081967213,1.6486620441671642
B11001787,11,13.770491803278688,1.6436010307533486
B11001787,12,13.80327868852459,1.8360655737704918
B11001787,13,14.19672131147541,1.7816889402221014
B11001787,14,14.229508196721312,2.0032223436577214
B11001787,15,13.245901639344263,1.7523355628279107
B11001787,16,14.065573770491802,1.9151582775751126
B11001787,17,13.950819672131148,1.5409836065573768
B11001787,18,13.901639344262295,1.5332908788314652
B11001787,19,13.901639344262295,1.52256166832804
B11001787,20,13.39344262295082,1.3583824580896129
B11001787,21,12.721311475409836,1.0578534954033887
B11001787,22,14.459016393442623,1.3858035544529874
B11001787,23,13.885245901639344,1.3562044511440285
B11001787,24,13.262295081967213,1.329385897227101
B11001788,1,16.278688524590162,1.1753080871432733
B11001788,2,16.934426229508198,1.5978351384932727
B11001788,3,16.311475409836067,1.2484873944039192
B11001788,4,16.60655737704918,1.3340274104956673
B11001788,5,16.75409836065574,1.4217944988227234
B11001788,6,15.163934426229508,1.4163023650134543
B11001788,7,14.01639344262295,1.3366437449599677
B11001788,8,14.032786885245901,1.3301942803344784
B11001788,9,13.491803278688524,1.2755320435361908
B11001788,10,14.885245901639344,1.4832215785268879
B11001788,11,15.40983606557377,1.6030406474533945
B11001788,12,15.360655737704919,1.5044500861814398
B11001788,13,15.672131147540984,1.7435719082371581
B11001788,14,15.60655737704918,1.8666941808289492
B11001788,15,14.655737704918034,1.9067201768588473
B11001788,16,15.934426229508198,1.827556394671709
B11001788,17,15.459016393442623,1.5531435124363293
B11001788,18,16.0,2.072457953062767
B11001788,19,16.557377049180328,1.3122948259796392
B11001788,20,16.934426229508198,1.185553097164888
B11001788,21,15.967213114754099,1.0396596718497002
B11001788,22,16.524590163934427,1.1957103297580634
B11001788,23,16.950819672131146,0.9987899155231355
B11001788,24,16.9672131147541,1.1730192668851356
B11001789,1,15.80327868852459,1.5973304792802347
B11001789,2,17.311475409836067,1.788313461415691
B11001789,3,18.18032786885246,1.824318392556532
B11001789,4,17.80327868852459,1.6676249148891171
B11001789,5,16.639344262295083,1.7928161461629268
B11001789,6,15.245901639344263,1.9806915310428461
B11001789,7,16.40983606557377,1.4640730204436787
B11001789,8,16.19672131147541,1.4911726283628626
B11001789,9,15.163934426229508,1.404679858151601
B11001789,10,15.459016393442623,1.7609029957345725
B11001789,11,15.98360655737705,1.7129382605765933
B11001789,12,16.311475409836067,1.7512616866981827
B11001789,13,16.81967213114754,1.859915357860044
B11001789,14,16.442622950819672,1.6248539925723102
B11001789,15,15.540983606557377,1.6253501059600572
B11001789,16,16.60655737704918,1.8132362927277985
B11001789,17,16.24590163934426,1.6561434334901053
B11001789,18,16.0327868852459,1.5572907655131696
B11001789,19,17.098360655737704,1.3269577931047911
B11001789,20,17.40983606557377,1.4185775510022254
B11001789,21,16.360655737704917,1.1456659153872883
B11001789,22,17.0327868852459,1.4482008410070673
B11001789,23,17.098360655737704,1.5754772166208475
B11001789,24,17.0327868852459,1.5253831887807365
B11001790,1,18.262295081967213,1.9493726552386554
B11001790,2,17.934426229508198,1.7069659831141142
B11001790,3,16.16393442622951,1.4506112659428811
B11001790,4,17.049180327868854,1.9113657421510792
B11001790,5,16.18032786885246,1.7034987787560423
B11001790,6,15.147540983606557,1.5559095760924158
B11001790,7,15.37704918032787,1.5698379829343099
B11001790,8,14.540983606557377,1.4994400101349672
B11001790,9,13.78688524590164,1.4498700235511295
B11001790,10,17.327868852459016,2.2595611896307584
B11001790,11,16.672131147540984,2.400282165622117
B11001790,12,16.688524590163933,2.1312736406577493
B11001790,13,17.049180327868854,2.051998062730341
B11001790,14,17.098360655737704,1.9561162427558698
B11001790,15,15.065573770491802,1.7543281602192455
B11001790,16,16.934426229508198,2.4216838232188533
B11001790,17,16.21311475409836,2.150979602210718
B11001790,18,16.21311475409836,1.8827495946120465
B11001790,19,17.770491803278688,2.083451129877673
B11001790,20,17.39344262295082,2.0667443989623635
B11001790,21,16.37704918032787,1.7001825786838258
B11001790,22,17.688524590163933,2.2799265418606294
B11001790,23,17.688524590163933,2.1235678576670525
B11001790,24,16.65573770491803,1.9659832220957394
B11001791,1,18.37704918032787,1.7097975570534325
B11001791,2,18.459016393442624,1.6453986560819152
B11001791,3,18.704918032786885,1.6431104279771576
B11001791,4,20.721311475409838,1.7937153267658923
B11001791,5,19.78688524590164,1.6705231741451798
B11001791,6,18.688524590163933,1.2615497054144909
B11001791,7,18.852459016393443,1.3161800860110853
B11001791,8,17.60655737704918,1.440385746655003
B11001791,9,15.37704918032787,1.4616847950923777
B11001791,10,17.81967213114754,1.995964754783531
B11001791,11,17.442622950819672,1.7322835318974474
B11001791,12,17.672131147540984,1.6268375383679052
B11001791,13,17.885245901639344,1.7842513299378095
B11001791,14,17.770491803278688,1.7685174176383425
B11001791,15,15.967213114754099,1.6393442622950818
B11001791,16,18.229508196721312,1.7592234000388607
B11001791,17,18.557377049180328,1.3370458035477824
B11001791,18,19.37704918032787,1.1038521881660608
B11001791,19,19.278688524590162,1.4041057774009085
B11001791,20,19.59016393442623,1.4185775510022254
B11001791,21,17.34426229508197,1.4128827164862454
B11001791,22,18.983606557377048,1.6545199222347715
B11001791,23,18.049180327868854,1.6833439544909428
B11001791,24,18.24590163934426,1.7801799292456695
B11001792,1,17.295081967213115,1.2326735211218007
B11001792,2,17.19672131147541,1.1709555035035129
B11001792,3,18.39344262295082,1.218419945971282
B11001792,4,18.540983606557376,1.1675077911321217
B11001792,5,16.60655737704918,1.3823084579562488
B11001792,6,16.065573770491802,1.212893200858617
B11001792,7,15.918032786885245,1.3094246260797282
B11001792,8,15.967213114754099,1.3546182465648262
B11001792,9,16.065573770491802,1.3289815212794256
B11001792,10,16.459016393442624,1.7609029957345728
B11001792,11,17.311475409836067,1.7038142707077713
B11001792,12,17.311475409836067,1.7418756011986223
B11001792,13,18.40983606557377,1.8499184667928585
B11001792,14,17.721311475409838,1.784552545662069
B11001792,15,16.81967213114754,1.8422028574269047
B11001792,16,17.983606557377048,2.1231881631994947
B11001792,17,18.0327868852459,1.7738280648818334
B11001792,18,19.0,1.5991801178042229
B11001792,19,19.442622950819672,1.7973075506446878
B11001792,20,18.885245901639344,1.5481174252889225
B11001792,21,17.83606557377049,1.2304914101505056
B11001792,22,18.21311475409836,1.4834027574903106
B11001792,23,18.18032786885246,1.5311861546013923
B11001792,24,17.57377049180328,1.3114754098360653
B11001793,1,14.934426229508198,1.3774394450885248
B11001793,2,15.229508196721312,1.5192043066495864
B11001793,3,14.639344262295081,1.414593574085549
B11001793,4,17.983606557377048,1.5202653271304434
B11001793,5,16.65573770491803,1.7071234159927624
B11001793,6,15.0,1.3908365214892067
B11001793,7,13.40983606557377,1.4069738387623167
B11001793,8,13.59016393442623,1.3595689912534645
B11001793,9,12.655737704918034,1.2788986796617763
B11001793,10,15.950819672131148,1.8325493262271628
B11001793,11,15.065573770491802,1.7449585692767438
B11001793,12,15.360655737704919,1.8468651941649392
B11001793,13,15.950819672131148,1.8854597170268685
B11001793,14,16.34426229508197,2.110747252512289
B11001793,15,15.59016393442623,1.7403320691265851
B11001793,16,14.475409836065573,1.6357337289529734
B11001793,17,15.62295081967213,1.472857537391226
B11001793,18,17.098360655737704,1.4338406298799922
B11001793,19,16.688524590163933,1.2084536061627615
B11001793,20,16.295081967213115,1.061150972634902
B11001793,21,15.737704918032787,1.0227196039660476
B11001793,22,14.540983606557377,1.1675077911321217
B11001793,23,16.19672131147541,1.212228298185977
B11001793,24,15.311475409836065,1.465907469252994
B11001794,1,17.475409836065573,2.207339154618023
B11001794,2,18.278688524590162,2.4769835405912812
B11001794,3,18.147540983606557,2.4078836743713246
B11001794,4,20.34426229508197,2.4819693786940764
B11001794,5,19.918032786885245,2.37676651795927
B11001794,6,18.62295081967213,2.3129282726238194
B11001794,7,16.80327868852459,1.7631907750490166
B11001794,8,17.21311475409836,1.6606808212628292
B11001794,9,16.098360655737704,1.724509129804739
B11001794,10,19.295081967213115,1.9277461765362753
B11001794,11,18.065573770491802,2.224077281201046
B11001794,12,18.147540983606557,2.0472778053441525
B11001794,13,18.60655737704918,2.4108952729639
B11001794,14,18.62295081967213,3.0630742856725672
B11001794,15,17.18032786885246,3.23154633198732
B11001794,16,19.459016393442624,3.2012997897718902
B11001794,17,18.721311475409838,2.903537399031263
B11001794,18,19.098360655737704,2.0382000901855433
B11001794,19,18.442622950819672,1.8512254706220461
B11001794,20,18.0,1.8465741429939309
B11001794,21,16.39344262295082,1.652406972898905
B11001794,22,18.262295081967213,1.8633799656895504
B11001794,23,17.934426229508198,2.0071091066181204
B11001794,24,17.442622950819672,1.877603898275012
B11001795,1,13.852459016393443,0.9203717277126688
B11001795,2,15.655737704918034,1.1435527886291992
B11001795,3,14.114754098360656,0.8888814237197351
B11001795,4,14.934426229508198,1.0537808970484064
B11001795,5,14.901639344262295,0.8435855954274496
B11001795,6,13.557377049180328,0.8000940552073724
B11001795,7,13.672131147540984,0.936006716302964
B11001795,8,13.426229508196721,0.9488390903926414
B11001795,9,13.245901639344263,0.8991022426755468
B11001795,10,13.98360655737705,1.1233994556729057
B11001795,11,14.21311475409836,1.202657632193851
B11001795,12,14.704918032786885,1.1357710213566408
B11001795,13,15.426229508196721,1.2989152648878888
B11001795,14,14.688524590163935,1.2352869661498038
B11001795,15,14.065573770491802,1.1575674389449002
B11001795,16,14.98360655737705,1.4083102685189854
B11001795,17,14.688524590163935,1.1241169008481162
B11001795,18,15.327868852459016,0.8242495140968221
B11001795,19,15.40983606557377,1.0303118926210275
B11001795,20,15.098360655737705,0.9701262049517043
B11001795,21,14.098360655737705,0.8627998273403781
B11001795,22,14.672131147540984,0.9704031860294259
B11001795,23,14.60655737704918,1.1202852172635993
B11001795,24,14.442622950819672,1.0943160175920417
B11001796,1,17.83606557377049,1.2698306053139072
B11001796,2,17.83606557377049,1.2170958159521696
B11001796,3,18.278688524590162,1.4835839143277072
B11001796,4,18.868852459016395,1.4197137766958008
B11001796,5,18.42622950819672,1.031615260495231
B11001796,6,17.983606557377048,1.1663562889374266
B11001796,7,18.0327868852459,0.9047635886260084
B11001796,8,17.540983606557376,0.8603043779279953
B11001796,9,17.360655737704917,0.8690071003736769
B11001796,10,17.75409836065574,1.2100093171964548
B11001796,11,17.672131147540984,1.250852974225265
B11001796,12,17.901639344262296,1.4899105268854773
B11001796,13,18.229508196721312,1.4416912043226657
B11001796,14,18.16393442622951,1.830348241243909
B11001796,15,17.80327868852459,1.6676249148891173
B11001796,16,18.78688524590164,1.6307973921896244
B11001796,17,18.114754098360656,1.2557847870298726
B11001796,18,18.475409836065573,1.0017453191771928
B11001796,19,18.24590163934426,0.9171541462753682
B11001796,20,18.016393442622952,0.914219245481881
B11001796,21,17.098360655737704,0.7618983631883441
B11001796,22,18.42622950819672,1.0473857603254613
B11001796,23,18.442622950819672,1.079231514139855
B11001796,24,18.0,0.9232870714969654
B11001797,1,16.868852459016395,1.34865336401332
B11001797,2,18.049180327868854,1.3840571094560938
B11001797,3,16.672131147540984,0.9871520798245639
B11001797,4,16.868852459016395,1.015864484251126
B11001797,5,17.360655737704917,1.0248196464319859
B11001797,6,16.147540983606557,1.1988528064775228
B11001797,7,15.770491803278688,1.219962947877971
B11001797,8,15.557377049180328,1.2217239923860137
B11001797,9,14.688524590163935,1.167047326593947
B11001797,10,15.967213114754099,1.7270007462456178
B11001797,11,16.278688524590162,1.8741655851839736
B11001797,12,17.262295081967213,2.0236441673884564
B11001797,13,17.557377049180328,2.1157069908067774
B11001797,14,17.491803278688526,2.0852562119551274
B11001797,15,15.672131147540984,1.7991009728942884
B11001797,16,16.327868852459016,1.666657708477224
B11001797,17,16.442622950819672,1.487925061614817
B11001797,18,16.19672131147541,1.7631907750490166
B11001797,19,17.114754098360656,1.4153532914196314
B11001797,20,17.131147540983605,1.2476260715042915
B11001797,21,15.901639344262295,0.9530781543441726
B11001797,22,17.0,1.0081634007555278
B11001797,23,17.639344262295083,0.9587010830959638
B11001797,24,17.360655737704917,1.3912229186411231
B11001798,1,16.39344262295082,1.090626057605239
B11001798,2,16.81967213114754,1.108953083625427
B11001798,3,18.311475409836067,1.465907469252994
B11001798,4,17.868852459016395,1.0935790216496992
B11001798,5,17.83606557377049,1.104095622326737
B11001798,6,15.344262295081966,1.266015382052972
B11001798,7,15.852459016393443,1.053270715030099
B11001798,8,15.131147540983607,1.123160205440042
B11001798,9,14.295081967213115,1.0916112665302617
B11001798,10,15.950819672131148,1.5829649448620735
B11001798,11,16.311475409836067,1.5207955597782452
B11001798,12,16.37704918032787,1.6512681110681195
B11001798,13,16.62295081967213,1.5593602558156217
B11001798,14,16.770491803278688,1.7685174176383425
B11001798,15,15.655737704918034,1.7262225024377944
B11001798,16,16.868852459016395,1.911787506506656
B11001798,17,16.311475409836067,1.5944677266606988
B11001798,18,15.688524590163935,1.0486679076537362
B11001798,19,16.901639344262296,0.8037803719430335
B11001798,20,17.081967213114755,0.9800482083695163
B11001798,21,15.934426229508198,0.807116959022372
B11001798,22,16.950819672131146,1.0150705298631293
B11001798,23,17.524590163934427,0.9684626549338972
B11001798,24,16.40983606557377,0.912159196278266
B11001799,1,13.737704918032787,0.8665295269772139
B11001799,2,13.852459016393443,1.053270715030099
B11001799,3,14.688524590163935,1.0641857289913104
B11001799,4,14.836065573770492,1.1759938645548165
B11001799,5,14.19672131147541,0.8837266866848232
B11001799,6,13.032786885245901,1.1303156836680788
B11001799,7,13.049180327868852,1.1077407151820429
B11001799,8,12.868852459016393,1.1519820387384174
B11001799,9,12.754098360655737,1.0504602848262816
B11001799,10,13.40983606557377,1.5824555434185172
B11001799,11,13.59016393442623,1.4640730204436792
B11001799,12,14.229508196721312,1.5512389825814574
B11001799,13,14.442622950819672,1.4657241276889912
B11001799,14,14.344262295081966,1.447272685530704
B11001799,15,13.098360655737705,1.8350406975679632
B11001799,16,14.704918032786885,1.7400231984046346
B11001799,17,14.98360655737705,1.6742192041556443
B11001799,18,14.0,1.2280866098575765
B11001799,19,14.60655737704918,0.7526714939835407
B11001799,20,15.0,0.9581402751608169
B11001799,21,14.163934426229508,0.833328854238612
B11001799,22,15.311475409836065,1.0641857289913104
B11001799,23,14.639344262295081,0.9059509429277443
B11001799,24,14.081967213114755,0.8739411760827437
B11001800,1,19.229508196721312,1.2064504585556788
B11001800,2,18.918032786885245,1.321884918073407
B11001800,3,17.442622950819672,1.2350693902844172
B11001800,4,18.39344262295082,1.231801140601259
B11001800,5,19.918032786885245,1.2051131770156787
B11001800,6,17.524590163934427,1.1538468429355917
B11001800,7,18.114754098360656,1.2024341521896555
B11001800,8,18.40983606557377,1.1362441607320302
B11001800,9,16.78688524590164,1.1178837456545783
B11001800,10,18.852459016393443,1.252356016707166
B11001800,11,17.83606557377049,1.282675583083184
B11001800,12,17.918032786885245,1.3094246260797282
B11001800,13,18.983606557377048,1.348852618408145
B11001800,14,18.37704918032787,1.4728575373912263
B11001800,15,17.24590163934426,1.3508435458657484
B11001800,16,19.704918032786885,1.1921087844392027
B11001800,17,20.098360655737704,1.081967213114754
B11001800,18,20.098360655737704,1.1265050847612774
B11001800,19,19.62295081967213,1.3326164874033821
B11001800,20,19.295081967213115,1.310040198295544
B11001800,21,17.639344262295083,1.2015398165120457
B11001800,22,19.081967213114755,1.191432282662729
B11001800,23,19.524590163934427,1.1819206011590775
B11001800,24,21.065573770491802,0.9385872267737467
B11001801,1,19.0327868852459,1.1303156836680788
B11001801,2,18.737704918032787,1.1293642393213006
B11001801,3,20.34426229508197,1.3167925001982428
B11001801,4,18.065573770491802,1.1142718339650117
B11001801,5,19.918032786885245,1.451907529539969
B11001801,6,18.83606557377049,1.2170958159521696
B11001801,7,18.442622950819672,1.4544965910045138
B11001801,8,17.721311475409838,1.4945929600054402
B11001801,9,17.639344262295083,1.3793891126532871
B11001801,10,15.950819672131148,1.6538700714939787
B11001801,11,18.327868852459016,1.5441195854841465
B11001801,12,18.327868852459016,1.3993126119916917
B11001801,13,18.295081967213115,1.4748632867465552
B11001801,14,18.40983606557377,1.6632680568276443
B11001801,15,18.327868852459016,1.596320682226864
B11001801,16,17.131147540983605,1.3607544897998118
B11001801,17,18.950819672131146,1.4978260695738257
B11001801,18,18.295081967213115,1.3948883531923046
B11001801,19,18.868852459016395,1.137662398222785
B11001801,20,20.262295081967213,1.0999499145715577
B11001801,21,20.19672131147541,1.083704516789404
B11001801,22,18.229508196721312,1.077237551209617
B11001801,23,20.278688524590162,1.132690798040964
B11001801,24,19.721311475409838,1.0884060768982184
B11001802,1,16.75409836065574,0.9348575363530002
B11001802,2,16.19672131147541,1.0987276118108877
B11001802,3,14.868852459016393,1.1084682953689815
B11001802,4,15.901639344262295,1.2106754385335579
B11001802,5,17.540983606557376,0.8603043779279953
B11001802,6,15.557377049180328,1.0943160175920417
B11001802,7,16.049180327868854,0.948272450097021
B11001802,8,16.327868852459016,0.936006716302964
B11001802,9,14.868852459016393,1.1519820387384174
B11001802,10,16.704918032786885,1.1357710213566408
B11001802,11,15.78688524590164,1.1750794057349132
B11001802,12,15.868852459016393,1.1084682953689817
B11001802,13,16.83606557377049,1.073989465846505
B11001802,14,16.24590163934426,1.3386528303340066
B11001802,15,15.311475409836065,1.3372467875103682
B11001802,16,17.24590163934426,0.9348575363530002
B11001802,17,17.16393442622951,0.8134187691839525
B11001802,18,17.114754098360656,0.8888814237197351
B11001802,19,16.672131147540984,1.0972590511922304
B11001802,20,16.360655737704917,1.1739353304897155
B11001802,21,14.868852459016393,1.047642315322653
B11001802,22,16.311475409836067,1.0641857289913104
B11001802,23,16.75409836065574,0.9522318512431218
B11001802,24,17.934426229508198,0.5688311991113925
B11001803,1,17.901639344262296,2.726343362862154
B11001803,2,18.901639344262296,2.9180327868852456
B11001803,3,18.704918032786885,2.893431012840683
B11001803,4,21.311475409836067,2.608567118808667
B11001803,5,20.75409836065574,2.677506410914662
B11001803,6,19.327868852459016,2.6840226201400155
B11001803,7,17.508196721311474,2.170011338035441
B11001803,8,17.901639344262296,2.10934624347106
B11001803,9,16.540983606557376,2.1996554908484605
B11001803,10,20.229508196721312,2.1378205741618874
B11001803,11,19.16393442622951,2.2916836667583436
B11001803,12,19.098360655737704,2.2375698031627524
B11001803,13,19.39344262295082,2.644379678875962
B11001803,14,19.40983606557377,3.36509103562497
B11001803,15,18.016393442622952,3.5781293916743087
B11001803,16,20.65573770491803,3.4493299225803042
B11001803,17,19.62295081967213,3.1108690179372096
B11001803,18,19.868852459016395,2.4054269914130724
B11001803,19,19.065573770491802,2.141463054794483
B11001803,20,18.540983606557376,2.146852598968655
B11001803,21,16.442622950819672,2.012457841235922
B11001803,22,18.81967213114754,2.10781680792727
B11001803,23,18.295081967213115,2.3212790587715237
B11001803,24,17.672131147540984,2.2595611896307584
B11001811,1,19.557377049180328,1.180783154450433
B11001811,2,19.42622950819672,1.1798724075702673
B11001811,3,20.62295081967213,1.0888997970764338
B11001811,4,20.327868852459016,0.936006716302964
B11001811,5,20.42622950819672,1.0782349936003506
B11001811,6,19.950819672131146,0.948272450097021
B11001811,7,18.75409836065574,1.2630400186398838
B11001811,8,18.9672131147541,1.2409305487065945
B11001811,9,18.75409836065574,1.4559739876180011
B11001811,10,17.491803278688526,1.236374271145233
B11001811,11,19.098360655737704,1.1409647633642832
B11001811,12,19.327868852459016,1.3022214497203606
B11001811,13,20.360655737704917,1.6198845019063117
B11001811,14,20.278688524590162,1.7660843744671904
B11001811,15,19.442622950819672,1.6147332943654429
B11001811,16,18.639344262295083,1.4935137014990656
B11001811,17,20.24590163934426,1.6952753797763953
B11001811,18,21.229508196721312,1.2980874029396168
B11001811,19,20.918032786885245,1.296844619119089
B11001811,20,20.852459016393443,1.3161800860110853
B11001811,21,20.83606557377049,1.1898522827294464
B11001811,22,19.147540983606557,0.9723398443499618
B11001811,23,20.311475409836067,1.0486679076537362
B11001811,24,19.934426229508198,1.2527851261995278
B11001812,1,15.704918032786885,2.6755986754313326
B11001812,2,16.721311475409838,2.920426353002407
B11001812,3,16.540983606557376,2.8490652507462766
B11001812,4,19.19672131147541,2.7210151922455466
B11001812,5,18.62295081967213,2.75897304739822
B11001812,6,17.065573770491802,2.7985291948439595
B11001812,7,15.245901639344263,2.14747841230332
B11001812,8,15.688524590163935,2.154225611931174
B11001812,9,14.40983606557377,2.1145634683428383
B11001812,10,18.081967213114755,2.278157739808552
B11001812,11,16.901639344262296,2.493959377801523
B11001812,12,16.934426229508198,2.3944529643858687
B11001812,13,17.229508196721312,2.7898730367900653
B11001812,14,17.262295081967213,3.4159780748723487
B11001812,15,15.852459016393443,3.56134099616188
B11001812,16,18.508196721311474,3.3905507595527906
B11001812,17,17.524590163934427,3.1341930086771868
B11001812,18,17.672131147540984,2.53319801427398
B11001812,19,16.80327868852459,2.2163303900236855
B11001812,20,16.39344262295082,2.144598158886955
B11001812,21,14.278688524590164,1.8119018858554885
B11001812,22,16.60655737704918,2.1215420352572822
B11001812,23,16.18032786885246,2.2940278609747193
B11001812,24,15.508196721311476,2.19255783571154
B11001813,1,32.01639344262295,5.863171533851524
B11001813,2,24.21311475409836,5.54597699148763
B11001813,3,8.901639344262295,2.101560060907033
B11001813,4,6.557377049180328,1.016657818604174
B11001813,5,6.426229508196721,0.8955082153277155
B11001813,6,6.229508196721311,0.9124537737754588
B11001813,7,6.213114754098361,0.8320378715048865
B11001813,8,6.360655737704918,0.8499332063485718
B11001813,9,6.327868852459017,0.8819001741844436
B11001813,10,8.491803278688524,2.351302051704524
B11001813,11,16.918032786885245,4.153983203858847
B11001813,12,24.737704918032787,5.29739075686884
B11001813,13,33.31147540983606,7.219147998425147
B11001813,14,34.67213114754098,7.189977795801028
B11001813,15,33.65573770491803,7.181226083500563
B11001813,16,32.59016393442623,6.727426246905405
B11001813,17,32.91803278688525,6.405159503183359
B11001813,18,34.47540983606557,5.461059037919381
B11001813,19,36.295081967213115,4.90681781390497
B11001813,20,37.9344262295082,4.696943032560146
B11001813,21,38.26229508196721,4.11276158406403
B11001813,22,37.59016393442623,4.440414428968805
B11001813,23,35.98360655737705,4.593265930770466
B11001813,24,34.26229508196721,5.0599735609503735
B11001814,1,24.131147540983605,3.8686440621839333
B11001814,2,14.901639344262295,3.8355751402902647
B11001814,3,6.655737704918033,1.2916534822027677
B11001814,4,6.262295081967213,0.7444139370323101
B11001814,5,5.622950819672131,0.705108628446117
B11001814,6,5.80327868852459,0.742606665764336
B11001814,7,5.557377049180328,0.7360637482178246
B11001814,8,5.786885245901639,0.7039642804453734
B11001814,9,5.721311475409836,0.8894858994262647
B11001814,10,8.081967213114755,2.8931523562201265
B11001814,11,10.918032786885245,3.8763472833609867
B11001814,12,19.262295081967213,5.639153637647427
B11001814,13,29.0,7.303715649933393
B11001814,14,30.459016393442624,7.1507738214568715
B11001814,15,29.0,7.421722658056871
B11001814,16,26.672131147540984,7.447568227776801
B11001814,17,23.950819672131146,6.542236619373782
B11001814,18,23.704918032786885,6.47908175616865
B11001814,19,27.0,5.651055319983003
B11001814,20,30.60655737704918,5.2923659481062995
B11001814,21,31.37704918032787,4.6170174690006
B11001814,22,29.65573770491803,4.783459362447317
B11001814,23,27.983606557377048,4.236809050118983
B11001814,24,25.540983606557376,4.35164853063267
B11001815,1,23.59016393442623,5.576228966005809
B11001815,2,23.21311475409836,5.569574119452707
B11001815,3,23.19672131147541,5.838873886854811
B11001815,4,23.360655737704917,6.1458576930419415
B11001815,5,19.721311475409838,6.220355657801284
B11001815,6,7.016393442622951,2.7008911903762587
B11001815,7,5.147540983606557,0.4734271828915951
B11001815,8,5.245901639344262,0.5010067799979058
B11001815,9,5.163934426229508,0.4501485317293765
B11001815,10,5.557377049180328,0.7134444310488178
B11001815,11,10.60655737704918,1.4962103880792965
B11001815,12,16.770491803278688,3.3797538111086296
B11001815,13,23.39344262295082,6.130490014711578
B11001815,14,24.311475409836067,6.369859827076923
B11001815,15,24.62295081967213,6.322387841154222
B11001815,16,22.475409836065573,6.4136293333398235
B11001815,17,20.9672131147541,5.8420948777933654
B11001815,18,21.098360655737704,5.312234311297287
B11001815,19,22.737704918032787,4.647938514816735
B11001815,20,24.34426229508197,4.4312054604633975
B11001815,21,24.704918032786885,4.347014284540907
B11001815,22,24.278688524590162,4.346210512735876
B11001815,23,23.557377049180328,4.422463485893741
B11001815,24,23.40983606557377,5.255370552611552
B11001816,1,40.442622950819676,8.332288745781666
B11001816,2,32.09836065573771,7.829546640210972
B11001816,3,17.770491803278688,7.488556171160188
B11001816,4,8.62295081967213,2.320005189552064
B11001816,5,7.508196721311475,1.1253116263429845
B11001816,6,7.19672131147541,0.9377278456442683
B11001816,7,7.459016393442623,0.9846988470610627
B11001816,8,7.459016393442623,1.0174505343726492
B11001816,9,7.491803278688525,0.9342824163131153
B11001816,10,9.245901639344263,1.3629252256279691
B11001816,11,23.80327868852459,9.795983907990632
B11001816,12,31.442622950819672,11.491300473086236
B11001816,13,35.83606557377049,11.635418409729432
B11001816,14,37.295081967213115,12.165988956445888
B11001816,15,37.21311475409836,11.960474186140084
B11001816,16,35.9344262295082,11.678576227587602
B11001816,17,34.85245901639344,11.560015975900486
B11001816,18,35.42622950819672,10.206810674449061
B11001816,19,42.40983606557377,9.256591889877638
B11001816,20,45.18032786885246,9.903647608738702
B11001816,21,44.885245901639344,9.28615814727779
B11001816,22,43.377049180327866,8.621672909109904
B11001816,23,42.09836065573771,8.44598055150998
B11001816,24,41.22950819672131,8.187141943361706
B11001817,1,21.147540983606557,2.6786102683353956
B11001817,2,20.24590163934426,2.139830985396484
B11001817,3,19.360655737704917,1.9838097714630618
B11001817,4,18.16393442622951,1.968442238969459
B11001817,5,11.37704918032787,2.8409415111389467
B11001817,6,5.704918032786885,1.4065917684664024
B11001817,7,5.213114754098361,0.9253223469947598
B11001817,8,4.983606557377049,1.0161289978565073
B11001817,9,5.081967213114754,1.0290068738672271
B11001817,10,5.60655737704918,0.9963653376408357
B11001817,11,9.049180327868852,1.9369253098677943
B11001817,12,16.18032786885246,4.67469012463441
B11001817,13,20.278688524590162,5.654335773026802
B11001817,14,20.737704918032787,5.65656919523377
B11001817,15,21.016393442622952,5.672747052697787
B11001817,16,20.39344262295082,5.640249641389969
B11001817,17,20.60655737704918,5.381445623696873
B11001817,18,20.442622950819672,4.761610797033297
B11001817,19,22.57377049180328,4.018233101600926
B11001817,20,23.868852459016395,3.9731698945575613
B11001817,21,23.34426229508197,3.377287911345333
B11001817,22,22.81967213114754,3.144123828127699
B11001817,23,22.147540983606557,2.7510717170918393
B11001817,24,21.557377049180328,2.6084640927963116
B11001818,1,20.59016393442623,2.842171007997104
B11001818,2,9.950819672131148,2.5442073680060524
B11001818,3,5.180327868852459,1.2215040006686662
B11001818,4,4.557377049180328,0.7793353655085058
B11001818,5,4.442622950819672,0.5874253399071776
B11001818,6,4.245901639344262,0.6691256272773295
B11001818,7,4.344262295081967,0.6499746754622626
B11001818,8,4.524590163934426,0.6920285547280469
B11001818,9,4.622950819672131,0.8330062961254101
B11001818,10,4.60655737704918,0.8922009720778871
B11001818,11,9.672131147540984,3.3028617074001385
B11001818,12,17.229508196721312,4.271113198552674
B11001818,13,22.65573770491803,4.504588720156222
B11001818,14,23.78688524590164,5.131435596586345
B11001818,15,22.770491803278688,5.901912561981672
B11001818,16,21.0327868852459,5.319211124534256
B11001818,17,18.80327868852459,4.738470639805624
B11001818,18,18.852459016393443,5.303373703762819
B11001818,19,21.19672131147541,4.048151458852313
B11001818,20,24.0327868852459,3.7327404476689874
B11001818,21,24.75409836065574,3.3124491345549303
B11001818,22,25.049180327868854,3.6414113166899895
B11001818,23,24.049180327868854,3.7610001700288804
B11001818,24,22.737704918032787,4.007786026094633
B11001819,1,19.40983606557377,4.771421237835034
B11001819,2,10.901639344262295,4.190954029001765
B11001819,3,6.114754098360656,1.494233293784372
B11001819,4,5.098360655737705,1.1693478360739022
B11001819,5,4.918032786885246,1.2186404944292328
B11001819,6,4.852459016393443,1.098972181120942
B11001819,7,4.573770491803279,0.9136311339732966
B11001819,8,4.524590163934426,0.8982050840526377
B11001819,9,4.39344262295082,0.684217598515056
B11001819,10,6.60655737704918,1.1773642210475723
B11001819,11,9.59016393442623,1.6828649379421425
B11001819,12,12.934426229508198,1.7636479747909286
B11001819,13,18.34426229508197,4.423800183365975
B11001819,14,20.459016393442624,5.274664997494801
B11001819,15,19.540983606557376,5.511757241114412
B11001819,16,18.295081967213115,5.4059598631937416
B11001819,17,17.540983606557376,5.12651023887005
B11001819,18,18.78688524590164,6.003045003554475
B11001819,19,20.950819672131146,5.239904358744855
B11001819,20,22.295081967213115,5.478255861892847
B11001819,21,22.78688524590164,5.13462931156275
B11001819,22,23.21311475409836,4.690816819004388
B11001819,23,22.459016393442624,4.629108792504882
B11001819,24,21.65573770491803,4.515493349955946
B11001820,1,10.098360655737705,2.507071428702414
B11001820,2,8.311475409836065,0.7364287686956132
B11001820,3,7.950819672131147,0.584673918036951
B11001820,4,7.540983606557377,0.5887962293792778
B11001820,5,7.278688524590164,0.6306683298908636
B11001820,6,7.245901639344262,0.7164515863413823
B11001820,7,7.229508196721311,0.7104245468859165
B11001820,8,7.19672131147541,0.6731300054966494
B11001820,9,7.426229508196721,0.7346018525379698
B11001820,10,10.60655737704918,1.642456062985863
B11001820,11,18.475409836065573,2.512960225377529
B11001820,12,21.721311475409838,3.2649713052788916
B11001820,13,24.442622950819672,3.518217647504339
B11001820,14,24.688524590163933,3.6329141245397714
B11001820,15,23.098360655737704,3.665098652454327
B11001820,16,21.83606557377049,3.319985818006706
B11001820,17,21.081967213114755,3.0260891927046214
B11001820,18,23.40983606557377,4.969998677904392
B11001820,19,29.34426229508197,4.084698539759022
B11001820,20,32.24590163934426,3.5466712063656094
B11001820,21,32.50819672131148,3.0278648583853585
B11001820,22,31.852459016393443,2.721113956884777
B11001820,23,29.770491803278688,1.5299570616813245
B11001820,24,25.983606557377048,2.1308953192487765
B11001821,1,27.59016393442623,4.4330245352921915
B11001821,2,11.59016393442623,3.413459613134825
B11001821,3,7.459016393442623,1.195260730069389
B11001821,4,7.19672131147541,1.053015531327982
B11001821,5,7.19672131147541,0.9550499451560334
B11001821,6,7.049180327868853,0.9482724500970209
B11001821,7,6.934426229508197,0.989599231002398
B11001821,8,6.754098360655738,0.8991022426755467
B11001821,9,6.770491803278689,0.9816921260052373
B11001821,10,6.934426229508197,1.2786885245901638
B11001821,11,13.311475409836065,3.4713864741157834
B11001821,12,24.262295081967213,7.9008230310939345
B11001821,13,28.24590163934426,8.897698611466287
B11001821,14,30.360655737704917,9.238254016583765
B11001821,15,29.81967213114754,8.891897576752267
B11001821,16,28.80327868852459,8.54269829551731
B11001821,17,28.327868852459016,8.414899571740143
B11001821,18,27.721311475409838,7.971529559998752
B11001821,19,30.868852459016395,6.795551606306097
B11001821,20,34.01639344262295,7.440456101123364
B11001821,21,33.47540983606557,7.645005993150893
B11001821,22,31.9672131147541,6.576079885425673
B11001821,23,30.0,5.395808938274284
B11001821,24,29.081967213114755,4.835982216564182
B11001822,1,20.983606557377048,3.005414803364898
B11001822,2,16.75409836065574,2.9401446251085486
B11001822,3,7.360655737704918,2.0884756923529286
B11001822,4,5.245901639344262,0.6441600886684754
B11001822,5,5.065573770491803,0.47456114184033216
B11001822,6,5.065573770491803,0.4745611418403321
B11001822,7,5.065573770491803,0.507932242125563
B11001822,8,5.098360655737705,0.5342351061246008
B11001822,9,5.131147540983607,0.5573770491803277
B11001822,10,5.131147540983607,0.613386456848187
B11001822,11,5.622950819672131,0.7501679467965607
B11001822,12,10.918032786885245,1.8403054091440965
B11001822,13,15.672131147540984,3.0873688276398545
B11001822,14,16.360655737704917,3.7723445198663184
B11001822,15,16.065573770491802,3.8829972049614256
B11001822,16,14.934426229508198,3.082839081420722
B11001822,17,14.475409836065573,3.038585506648567
B11001822,18,15.098360655737705,3.028308612122501
B11001822,19,21.62295081967213,2.9706980712230213
B11001822,20,22.81967213114754,2.7964157194717263
B11001822,21,23.0327868852459,2.598657996122539
B11001822,22,22.65573770491803,2.862334516093631
B11001822,23,22.065573770491802,2.495036728656474
B11001822,24,21.60655737704918,2.765588832594276
B11001823,1,11.065573770491802,2.616898755591613
B11001823,2,4.229508196721311,1.7592234000388607
B11001823,3,2.7704918032786887,0.7765717562181645
B11001823,4,2.540983606557377,0.8011010965816798
B11001823,5,2.3934426229508197,0.6598233376228888
B11001823,6,2.442622950819672,0.6900841042573505
B11001823,7,2.5245901639344264,0.667919632375848
B11001823,8,2.4754098360655736,0.5897083852001623
B11001823,9,2.459016393442623,0.6160096468215062
B11001823,10,2.4262295081967213,0.6129481670767186
B11001823,11,5.557377049180328,1.4768663120728143
B11001823,12,9.278688524590164,3.1421572809763845
B11001823,13,10.737704918032787,3.4063664567272847
B11001823,14,10.540983606557377,3.282211222320705
B11001823,15,10.508196721311476,3.0655299374441447
B11001823,16,10.39344262295082,3.0743715259374165
B11001823,17,10.311475409836065,3.091718094197058
B11001823,18,11.573770491803279,3.4662731741479624
B11001823,19,13.049180327868852,2.8366814454956986
B11001823,20,13.836065573770492,2.5296946479947975
B11001823,21,13.672131147540984,2.3450073331732653
B11001823,22,13.01639344262295,2.0284194224567127
B11001823,23,13.19672131147541,2.078931567732885
B11001823,24,13.114754098360656,2.4501479423766197
B11001824,1,17.934426229508198,2.6231557297009327
B11001824,2,9.836065573770492,3.1056813505956766
B11001824,3,5.278688524590164,1.2298360218695772
B11001824,4,4.524590163934426,0.7597790312299322
B11001824,5,4.180327868852459,0.558340536587751
B11001824,6,4.19672131147541,0.6483186863372193
B11001824,7,4.016393442622951,0.4956136543551139
B11001824,8,4.049180327868853,0.584673918036951
B11001824,9,3.8688524590163933,0.5271454160922467
B11001824,10,4.262295081967213,0.6246740617461524
B11001824,11,8.770491803278688,2.3497013596287104
B11001824,12,15.327868852459016,3.852703166313018
B11001824,13,16.24590163934426,3.9985888400330256
B11001824,14,16.19672131147541,4.023780426704805
B11001824,15,15.901639344262295,3.9658580533644465
B11001824,16,15.836065573770492,3.6492996312962256
B11001824,17,15.459016393442623,3.399969963665799
B11001824,18,16.80327868852459,3.233126042130111
B11001824,19,19.42622950819672,2.6824200988417624
B11001824,20,20.147540983606557,2.2892196793063837
B11001824,21,20.131147540983605,2.336281267005222
B11001824,22,19.42622950819672,2.3150187932066033
B11001824,23,18.950819672131146,2.3289076416954435
B11001824,24,18.639344262295083,2.2399706298224262
B11001825,1,32.31147540983606,10.21978310315952
B11001825,2,27.83606557377049,10.008488737835108
B11001825,3,10.737704918032787,5.143519364589798
B11001825,4,6.19672131147541,0.9720634151064651
B11001825,5,5.852459016393443,0.6974441765961523
B11001825,6,5.737704918032787,0.6503880139304056
B11001825,7,5.672131147540983,0.7404321174187682
B11001825,8,5.655737704918033,0.8275035714179647
B11001825,9,5.819672131147541,1.1236386549635276
B11001825,10,6.049180327868853,1.1369535006163738
B11001825,11,14.426229508196721,6.0502242646239175
B11001825,12,24.0327868852459,8.623200145993412
B11001825,13,25.57377049180328,9.908530877180901
B11001825,14,26.065573770491802,9.515938058321094
B11001825,15,26.540983606557376,9.867272897936603
B11001825,16,25.885245901639344,9.43675819693401
B11001825,17,25.81967213114754,9.132015734103387
B11001825,18,27.868852459016395,8.707402936367677
B11001825,19,30.65573770491803,8.04472181283824
B11001825,20,32.59016393442623,8.988840165121923
B11001825,21,32.57377049180328,8.972561116900032
B11001825,22,31.885245901639344,8.646231739907748
B11001825,23,32.0,8.848450823009253
B11001825,24,32.68852459016394,9.522262066985247
B11001826,1,20.9672131147541,5.956033483470476
B11001826,2,12.245901639344263,4.325508546638938
B11001826,3,8.311475409836065,1.8065544018302833
B11001826,4,7.770491803278689,0.6374499047614288
B11001826,5,7.80327868852459,0.5674120754057961
B11001826,6,7.672131147540983,0.619923619711116
B11001826,7,7.524590163934426,0.6429072639713959
B11001826,8,7.459016393442623,0.616009646821506
B11001826,9,7.491803278688525,0.6173170617627124
B11001826,10,7.655737704918033,0.6747251025330058
B11001826,11,11.918032786885245,4.308950204838468
B11001826,12,17.295081967213115,5.122577035544186
B11001826,13,20.147540983606557,5.624408356714015
B11001826,14,20.508196721311474,5.6267014208445
B11001826,15,20.40983606557377,5.546752259553622
B11001826,16,20.0,5.127873045153625
B11001826,17,19.114754098360656,5.1281874874799085
B11001826,18,19.9672131147541,6.151015411615091
B11001826,19,21.62295081967213,5.772075043609249
B11001826,20,22.065573770491802,5.392371212531482
B11001826,21,22.131147540983605,5.36679349832295
B11001826,22,21.40983606557377,5.817940171742741
B11001826,23,21.737704918032787,6.246052233458393
B11001826,24,21.39344262295082,5.995295118522797
B11001827,1,31.0,7.72265137516223
B11001827,2,30.721311475409838,8.392289879858373
B11001827,3,30.24590163934426,8.381587426830546
B11001827,4,28.360655737704917,7.798765742794925
B11001827,5,13.442622950819672,4.723587793692329
B11001827,6,8.163934426229508,5.005506239833444
B11001827,7,6.278688524590164,1.1470725039039935
B11001827,8,5.983606557377049,1.4083102685189854
B11001827,9,5.655737704918033,0.5693034542355849
B11001827,10,10.950819672131148,3.375059098490207
B11001827,11,21.147540983606557,6.3834726804017174
B11001827,12,27.278688524590162,7.788455406837388
B11001827,13,29.21311475409836,7.9054136962048345
B11001827,14,30.885245901639344,7.426356167269312
B11001827,15,30.540983606557376,7.400872280206433
B11001827,16,28.672131147540984,6.981759164564519
B11001827,17,28.688524590163933,6.3929802270788825
B11001827,18,29.34426229508197,7.158361489187999
B11001827,19,32.704918032786885,6.6735206190059655
B11001827,20,32.540983606557376,5.97967533109491
B11001827,21,32.14754098360656,6.523189568758498
B11001827,22,31.540983606557376,6.2530615989599045
B11001827,23,30.442622950819672,6.589919251635775
B11001827,24,30.524590163934427,7.269082422029889
B11001828,1,24.704918032786885,4.6811245051403665
B11001828,2,12.065573770491802,4.79709219457438
B11001828,3,6.475409836065574,1.1104061784836785
B11001828,4,5.639344262295082,0.7020528887004543
B11001828,5,5.819672131147541,0.6655010862355555
B11001828,6,5.852459016393443,0.6974441765961523
B11001828,7,5.934426229508197,0.6238130357521458
B11001828,8,5.770491803278689,0.6626682928330405
B11001828,9,5.573770491803279,0.711936090183884
B11001828,10,5.573770491803279,0.639134055397309
B11001828,11,9.278688524590164,2.0173927951364146
B11001828,12,16.0327868852459,3.3825357309237027
B11001828,13,22.557377049180328,5.357772323239388
B11001828,14,23.24590163934426,5.753561228491213
B11001828,15,22.57377049180328,5.781425929940776
B11001828,16,21.24590163934426,5.52091622743229
B11001828,17,21.721311475409838,5.808786864519071
B11001828,18,26.18032786885246,5.738875758758786
B11001828,19,28.42622950819672,5.192867164673957
B11001828,20,30.360655737704917,5.654050591796842
B11001828,21,30.737704918032787,5.68259245658887
B11001828,22,29.34426229508197,5.228814384315771
B11001828,23,28.262295081967213,5.014410837184581
B11001828,24,27.016393442622952,4.87042531309626
B11001829,1,26.75409836065574,2.99538299204187
B11001829,2,25.459016393442624,2.7909324518072682
B11001829,3,19.557377049180328,2.767046067524198
B11001829,4,9.065573770491802,2.023378544998734
B11001829,5,7.180327868852459,0.9836065573770493
B11001829,6,7.131147540983607,1.0631751060387513
B11001829,7,6.918032786885246,1.0129502757885513
B11001829,8,7.032786885245901,1.0396596718497004
B11001829,9,7.131147540983607,1.0158644842511257
B11001829,10,8.131147540983607,1.7785185383758058
B11001829,11,15.704918032786885,4.560501346811004
B11001829,12,22.688524590163933,4.88739088128262
B11001829,13,25.114754098360656,5.070319809668741
B11001829,14,25.639344262295083,5.057157845237521
B11001829,15,25.39344262295082,5.147906429546249
B11001829,16,24.57377049180328,4.933854332089346
B11001829,17,25.475409836065573,4.890963756907085
B11001829,18,28.065573770491802,4.875058141591973
B11001829,19,28.16393442622951,4.061738010732749
B11001829,20,28.475409836065573,3.969583359138482
B11001829,21,28.60655737704918,4.086277268962426
B11001829,22,27.934426229508198,3.6389011693047877
B11001829,23,27.40983606557377,3.074895968813765
B11001829,24,26.918032786885245,3.3007454794692204
B11001830,1,29.557377049180328,2.8602681873795603
B11001830,2,16.262295081967213,5.082601758375144
B11001830,3,8.360655737704919,0.8304213207812421
B11001830,4,8.180327868852459,0.6655010862355554
B11001830,5,8.229508196721312,0.7551667413954768
B11001830,6,8.01639344262295,0.7572989811443342
B11001830,7,7.786885245901639,0.7039642804453734
B11001830,8,7.672131147540983,0.6458267411013839
B11001830,9,8.229508196721312,1.2725789308246132
B11001830,10,10.672131147540984,2.995741849476013
B11001830,11,17.672131147540984,5.330768441746615
B11001830,12,24.37704918032787,4.541841665986692
B11001830,13,28.57377049180328,4.910540741461728
B11001830,14,29.16393442622951,5.005506239833445
B11001830,15,28.75409836065574,4.823629467136423
B11001830,16,27.885245901639344,4.845475701682752
B11001830,17,27.131147540983605,4.986787164511163
B11001830,18,27.114754098360656,4.780761859361521
B11001830,19,29.39344262295082,3.7603570135904243
B11001830,20,32.131147540983605,4.775193446724592
B11001830,21,32.24590163934426,4.503753398982872
B11001830,22,31.081967213114755,3.9558841086275813
B11001830,23,30.442622950819672,3.7744811397366074
B11001830,24,29.81967213114754,3.128442742142274
B11001831,1,25.065573770491802,6.172038620776865
B11001831,2,24.80327868852459,6.398820772844669
B11001831,3,23.721311475409838,6.054753308293787
B11001831,4,21.311475409836067,5.00341189690106
B11001831,5,8.524590163934427,3.796489134722657
B11001831,6,5.590163934426229,0.6370281714008342
B11001831,7,5.442622950819672,0.6900841042573505
B11001831,8,5.377049180327869,0.6569660626070123
B11001831,9,5.508196721311475,0.8222908986219313
B11001831,10,8.278688524590164,1.4500553696718677
B11001831,11,9.459016393442623,2.2584905048255117
B11001831,12,15.78688524590164,4.361210367785232
B11001831,13,19.0327868852459,6.204089643037436
B11001831,14,20.24590163934426,6.219102612258507
B11001831,15,19.0,5.6190542346380035
B11001831,16,18.62295081967213,5.477716212001187
B11001831,17,16.34426229508197,4.991419673542868
B11001831,18,16.459016393442624,3.614967838742288
B11001831,19,21.885245901639344,4.68726338648539
B11001831,20,25.40983606557377,5.567402340911291
B11001831,21,26.21311475409836,6.7801899342281375
B11001831,22,26.131147540983605,6.695913629885574
B11001831,23,25.62295081967213,5.578541834348945
B11001831,24,25.557377049180328,6.239810290737315
B11001832,1,28.950819672131146,5.151559463105137
B11001832,2,23.721311475409838,5.076887995874559
B11001832,3,10.21311475409836,3.5992474354489152
B11001832,4,7.918032786885246,1.321884918073407
B11001832,5,7.770491803278689,1.3836687112137178
B11001832,6,7.754098360655738,1.1402579188379807
B11001832,7,7.442622950819672,1.0639331632516689
B11001832,8,7.426229508196721,1.193685797599838
B11001832,9,7.344262295081967,1.239847239422232
B11001832,10,9.032786885245901,2.087960909083498
B11001832,11,15.278688524590164,3.7857850931921013
B11001832,12,21.540983606557376,4.843700558260379
B11001832,13,27.42622950819672,7.113734156703075
B11001832,14,30.016393442622952,8.80478968624313
B11001832,15,29.24590163934426,8.97839983133458
B11001832,16,25.918032786885245,8.314110230022079
B11001832,17,26.672131147540984,7.653824312443495
B11001832,18,30.75409836065574,6.069692885808152
B11001832,19,33.73770491803279,6.993912199002277
B11001832,20,35.01639344262295,6.469326879315376
B11001832,21,34.377049180327866,5.789090742122817
B11001832,22,32.950819672131146,4.943703494969169
B11001832,23,31.459016393442624,4.816548558472623
B11001832,24,30.42622950819672,4.7129365611360825
B11001833,1,14.672131147540984,3.2478053698621228
B11001833,2,8.508196721311476,3.6467949135684328
B11001833,3,5.114754098360656,1.5481174252889227
B11001833,4,4.573770491803279,0.639134055397309
B11001833,5,4.475409836065574,0.6429072639713961
B11001833,6,4.590163934426229,0.6107520003343329
B11001833,7,4.508196721311475,0.6683218724799838
B11001833,8,4.426229508196721,0.6642885111263871
B11001833,9,4.639344262295082,0.7899530362725743
B11001833,10,4.836065573770492,0.833328854238612
B11001833,11,9.950819672131148,2.3076936858711834
B11001833,12,13.540983606557377,3.1340215116997565
B11001833,13,16.131147540983605,4.466543791036649
B11001833,14,17.524590163934427,5.234208278951482
B11001833,15,17.37704918032787,5.025064829289757
B11001833,16,15.98360655737705,4.60751988077754
B11001833,17,15.262295081967213,4.464437399043223
B11001833,18,16.901639344262296,3.8483759318120665
B11001833,19,17.639344262295083,4.04090878792174
B11001833,20,18.0,3.8538888173367747
B11001833,21,18.40983606557377,3.690382045975274
B11001833,22,18.049180327868854,3.3944324207863
B11001833,23,17.131147540983605,3.048651461274315
B11001833,24,16.278688524590162,3.209265007223558
B11001834,1,47.80327868852459,10.314433102881036
B11001834,2,20.901639344262296,8.281333776381016
B11001834,3,6.754098360655738,1.887454159294984
B11001834,4,6.016393442622951,0.914219245481881
B11001834,5,5.918032786885246,0.7744925777716537
B11001834,6,5.688524590163935,0.6151364930915972
B11001834,7,5.573770491803279,0.556894680375837
B11001834,8,5.573770491803279,0.5266353575150495
B11001834,9,5.459016393442623,0.5602625406765595
B11001834,10,5.770491803278689,0.7331370418032097
B11001834,11,11.327868852459016,3.731660341032274
B11001834,12,27.62295081967213,7.897216638596509
B11001834,13,36.63934426229508,10.076807956213193
B11001834,14,37.18032786885246,9.480797152486724
B11001834,15,36.78688524590164,10.345054657761716
B11001834,16,34.704918032786885,9.327105330473135
B11001834,17,33.459016393442624,8.767626312957553
B11001834,18,35.85245901639344,9.890939827668038
B11001834,19,46.24590163934426,8.939974213673375
B11001834,20,51.442622950819676,8.823449736428294
B11001834,21,52.47540983606557,9.92365373844528
B11001834,22,52.68852459016394,10.227800403892047
B11001834,23,51.60655737704918,11.779780799714857
B11001834,24,50.24590163934426,10.39964649100469
B11001835,1,20.918032786885245,6.850380106642433
B11001835,2,8.950819672131148,6.058258770318218
B11001835,3,5.508196721311475,2.1775527760420106
B11001835,4,5.245901639344262,1.034736645118656
B11001835,5,5.065573770491803,0.7436915555550003
B11001835,6,4.967213114754099,0.6767136865754194
B11001835,7,4.868852459016393,0.6646929486135505
B11001835,8,4.868852459016393,0.6646929486135505
B11001835,9,4.918032786885246,0.8549773646167409
B11001835,10,5.737704918032787,1.084943744772085
B11001835,11,8.573770491803279,1.336241565397694
B11001835,12,14.754098360655737,3.669349063213015
B11001835,13,20.639344262295083,5.0959089566630045
B11001835,14,20.81967213114754,5.882756677103874
B11001835,15,19.60655737704918,5.555321443901201
B11001835,16,18.524590163934427,5.013446042940626
B11001835,17,16.40983606557377,3.9103773210264037
B11001835,18,18.295081967213115,4.705574867043021
B11001835,19,22.442622950819672,4.579084990436102
B11001835,20,26.39344262295082,5.3078311724191645
B11001835,21,27.131147540983605,4.937230290906509
B11001835,22,27.278688524590162,4.732625332976119
B11001835,23,26.60655737704918,5.426947602427608
B11001835,24,25.40983606557377,5.92957867405552
B11001836,1,38.77049180327869,7.826800201709111
B11001836,2,37.459016393442624,7.429612373207953
B11001836,3,36.63934426229508,8.186419756063518
B11001836,4,37.01639344262295,11.421136292237241
B11001836,5,31.557377049180328,11.37083498262534
B11001836,6,12.508196721311476,6.354610952272636
B11001836,7,8.573770491803279,1.541332363743365
B11001836,8,8.344262295081966,1.4697523589962564
B11001836,9,9.573770491803279,2.19880009299739
B11001836,10,12.459016393442623,2.0046975201441835
B11001836,11,17.59016393442623,2.9441637137098042
B11001836,12,25.57377049180328,5.167550126315343
B11001836,13,31.049180327868854,7.6681718801729595
B11001836,14,33.59016393442623,9.059687413961878
B11001836,15,33.60655737704918,9.115432219142976
B11001836,16,32.721311475409834,8.299972639775136
B11001836,17,31.065573770491802,7.267418538364983
B11001836,18,33.19672131147541,6.508052193134456
B11001836,19,40.32786885245902,6.47750536750677
B11001836,20,42.459016393442624,7.028218929970815
B11001836,21,43.34426229508197,6.984491593269134
B11001836,22,42.32786885245902,7.278356217491829
B11001836,23,41.75409836065574,7.804277384775729
B11001836,24,40.721311475409834,8.136400999880225
B11001837,1,23.60655737704918,3.2151214877721346
B11001837,2,22.65573770491803,2.913424248068598
B11001837,3,21.81967213114754,2.5703747045927394
B11001837,4,20.37704918032787,2.355070806956346
B11001837,5,11.754098360655737,3.165675219741052
B11001837,6,4.721311475409836,0.8124269962861552
B11001837,7,4.491803278688525,0.7157009820637074
B11001837,8,4.426229508196721,0.639134055397309
B11001837,9,4.524590163934426,0.6168815646631731
B11001837,10,6.639344262295082,2.1503548078203885
B11001837,11,14.934426229508198,3.8533309093584123
B11001837,12,22.262295081967213,4.052530637597246
B11001837,13,25.40983606557377,4.001544985153544
B11001837,14,26.278688524590162,3.8416660812767485
B11001837,15,25.950819672131146,3.997647789979473
B11001837,16,24.983606557377048,3.813228928558623
B11001837,17,23.81967213114754,3.9979839047122336
B11001837,18,23.475409836065573,4.329110601789495
B11001837,19,25.672131147540984,3.6337277588481056
B11001837,20,27.59016393442623,3.3504443022240844
B11001837,21,28.065573770491802,3.182270827822028
B11001837,22,27.360655737704917,3.013808585985328
B11001837,23,26.524590163934427,3.107930402922731
B11001837,24,24.885245901639344,3.548716510790713
B11001838,1,12.344262295081966,4.2305882468999325
B11001838,2,6.918032786885246,1.0290068738672271
B11001838,3,6.573770491803279,0.7987493583658907
B11001838,4,6.508196721311475,0.6683218724799839
B11001838,5,6.295081967213115,0.7963906755076144
B11001838,6,6.19672131147541,0.6483186863372192
B11001838,7,6.180327868852459,0.6896945563266436
B11001838,8,6.081967213114754,0.5809850867760443
B11001838,9,6.278688524590164,0.6561474129898196
B11001838,10,6.524590163934426,0.8609289183935004
B11001838,11,10.147540983606557,2.0311998035060377
B11001838,12,17.918032786885245,2.789295004454681
B11001838,13,21.065573770491802,3.874544298784883
B11001838,14,21.0,4.164644317955853
B11001838,15,20.639344262295083,4.453890496365466
B11001838,16,19.901639344262296,4.111977379350243
B11001838,17,19.83606557377049,3.742447379609058
B11001838,18,23.065573770491802,3.8234344378183893
B11001838,19,27.770491803278688,2.916282400046
B11001838,20,28.39344262295082,3.14813860446731
B11001838,21,28.80327868852459,3.2684265635044074
B11001838,22,27.885245901639344,3.1367643381839945
B11001838,23,26.78688524590164,2.7467701097856416
B11001838,24,25.934426229508198,2.579038151238078
B11001839,1,17.770491803278688,5.369596995052523
B11001839,2,17.18032786885246,5.484727519036454
B11001839,3,16.80327868852459,5.306413293090428
B11001839,4,15.885245901639344,5.198039859615866
B11001839,5,11.901639344262295,4.618937916500374
B11001839,6,4.80327868852459,2.952185476264513
B11001839,7,2.540983606557377,0.5602625406765593
B11001839,8,2.5901639344262297,0.524077618463796
B11001839,9,2.9508196721311477,0.8381523299124074
B11001839,10,3.081967213114754,1.3705937682674412
B11001839,11,8.557377049180328,3.985731066758323
B11001839,12,14.721311475409836,5.380996152340908
B11001839,13,19.918032786885245,7.02290183816015
B11001839,14,20.80327868852459,7.458782197728554
B11001839,15,19.278688524590162,7.220488034777159
B11001839,16,16.21311475409836,6.24136059698409
B11001839,17,15.163934426229508,5.176175966391051
B11001839,18,16.557377049180328,5.129549848156187
B11001839,19,18.540983606557376,5.16156594135388
B11001839,20,20.065573770491802,5.39541047363258
B11001839,21,20.540983606557376,5.6207279456557515
B11001839,22,19.852459016393443,5.618575939914192
B11001839,23,18.852459016393443,5.2785867009831104
B11001839,24,18.229508196721312,5.233540764956111
B11001840,1,18.80327868852459,2.985317470176755
B11001840,2,8.852459016393443,4.615853172558181
B11001840,3,4.557377049180328,1.3733361338443113
B11001840,4,4.131147540983607,0.613386456848187
B11001840,5,4.098360655737705,0.6943547076900777
B11001840,6,4.114754098360656,0.5754075008125982
B11001840,7,3.9836065573770494,0.2858294389206999
B11001840,8,4.065573770491803,0.4386586282052345
B11001840,9,4.114754098360656,0.4471534982618313
B11001840,10,4.163934426229508,0.5486295255961151
B11001840,11,6.147540983606557,0.9723398443499618
B11001840,12,10.508196721311476,2.6650313000325503
B11001840,13,13.836065573770492,3.7511979632691346
B11001840,14,14.442622950819672,4.263934111092191
B11001840,15,14.442622950819672,4.271616541103305
B11001840,16,13.934426229508198,3.810549861182493
B11001840,17,13.491803278688524,3.0655299374441443
B11001840,18,14.229508196721312,3.2360340158243326
B11001840,19,18.016393442622952,2.922450146982211
B11001840,20,18.950819672131146,2.4322035445735124
B11001840,21,18.950819672131146,2.4118983035149415
B11001840,22,18.934426229508198,2.387596723362296
B11001840,23,18.75409836065574,2.6029978788962347
B11001840,24,18.83606557377049,2.723187186866976
B11001841,1,11.114754098360656,4.722108311627922
B11001841,2,6.147540983606557,1.6279934906802893
B11001841,3,5.032786885245901,0.7005200203023441
B11001841,4,4.950819672131147,0.6877435069968206
B11001841,5,5.19672131147541,0.7201928733275016
B11001841,6,5.180327868852459,0.819999934452446
B11001841,7,5.098360655737705,0.6943547076900777
B11001841,8,5.081967213114754,0.9460024948362957
B11001841,9,4.967213114754099,0.8486674823308055
B11001841,10,5.016393442622951,0.7572989811443342
B11001841,11,8.245901639344263,3.1187205116312433
B11001841,12,12.836065573770492,3.938795388244251
B11001841,13,14.950819672131148,4.384870521699817
B11001841,14,15.19672131147541,4.633518905424134
B11001841,15,15.147540983606557,4.393870789021387
B11001841,16,14.688524590163935,4.459438263553438
B11001841,17,13.770491803278688,3.947995725673068
B11001841,18,14.262295081967213,3.552425351803996
B11001841,19,18.098360655737704,3.307740142987958
B11001841,20,19.34426229508197,3.48243953451157
B11001841,21,19.295081967213115,3.0155023630363975
B11001841,22,18.65573770491803,2.666644271159205
B11001841,23,17.983606557377048,2.3918701324379645
B11001841,24,17.24590163934426,2.1011763895097855
B11001842,1,16.0,8.55646625389818
B11001842,2,10.098360655737705,5.891658226408987
B11001842,3,5.967213114754099,2.560527693530417
B11001842,4,5.081967213114754,1.7860578622904721
B11001842,5,4.754098360655738,0.8426293295669768
B11001842,6,4.770491803278689,0.9302466202695807
B11001842,7,4.60655737704918,0.8736336127524084
B11001842,8,4.60655737704918,0.928222142091283
B11001842,9,4.459016393442623,0.780369195764715
B11001842,10,4.918032786885246,1.1914322826627293
B11001842,11,11.163934426229508,3.738064406065899
B11001842,12,17.721311475409838,3.8331220316525854
B11001842,13,19.21311475409836,4.235349886250562
B11001842,14,19.491803278688526,4.452381756494272
B11001842,15,19.62295081967213,4.33122075861718
B11001842,16,19.24590163934426,4.32171693911119
B11001842,17,18.901639344262296,3.8098445303368056
B11001842,18,24.918032786885245,4.06220113944222
B11001842,19,26.78688524590164,3.3393567364181096
B11001842,20,27.098360655737704,3.410230115944954
B11001842,21,27.295081967213115,3.0853661062627262
B11001842,22,26.80327868852459,2.957733248877091
B11001842,23,26.098360655737704,3.0065770419651154
B11001842,24,22.524590163934427,4.6645034082042605
B11001843,1,23.75409836065574,5.704918032786885
B11001843,2,22.983606557377048,5.579505246527023
B11001843,3,22.59016393442623,5.42120018524822
B11001843,4,22.098360655737704,5.977292873821361
B11001843,5,13.098360655737705,4.877868783590579
B11001843,6,6.147540983606557,2.9018708808243145
B11001843,7,4.852459016393443,1.0054941787013543
B11001843,8,4.590163934426229,0.7970652971241455
B11001843,9,4.508196721311475,0.781401658217245
B11001843,10,4.672131147540983,0.7622510122991917
B11001843,11,10.704918032786885,3.62298790871899
B11001843,12,17.59016393442623,6.599495880350624
B11001843,13,19.672131147540984,7.617325617076561
B11001843,14,21.049180327868854,7.757442179236864
B11001843,15,20.737704918032787,7.215424369429661
B11001843,16,19.950819672131146,6.85547819596494
B11001843,17,21.524590163934427,6.708464331312602
B11001843,18,23.049180327868854,6.759149790137414
B11001843,19,24.639344262295083,6.246396434942876
B11001843,20,25.75409836065574,6.562825605236773
B11001843,21,26.360655737704917,6.030068881658736
B11001843,22,25.83606557377049,5.755055732788637
B11001843,23,24.950819672131146,5.576373548381459
B11001843,24,24.81967213114754,5.532343637375594
B11001844,1,15.344262295081966,4.931947528411527
B11001844,2,8.180327868852459,2.8371551020044508
B11001844,3,5.852459016393443,1.9904366896571866
B11001844,4,5.163934426229508,1.3450617374928535
B11001844,5,4.868852459016393,0.8391136978406378
B11001844,6,4.770491803278689,0.7551667413954768
B11001844,7,4.770491803278689,0.7765717562181648
B11001844,8,4.737704918032787,0.7444139370323101
B11001844,9,4.721311475409836,0.7494511115188499
B11001844,10,5.836065573770492,1.1334023617995808
B11001844,11,9.0,1.5470755065447903
B11001844,12,14.39344262295082,2.5943108534030617
B11001844,13,18.311475409836067,3.216458614670353
B11001844,14,19.295081967213115,3.2205501123361304
B11001844,15,19.442622950819672,2.994665148165516
B11001844,16,18.65573770491803,2.87946514786317
B11001844,17,17.81967213114754,2.7610178493869184
B11001844,18,19.065573770491802,3.7498365099181714
B11001844,19,23.557377049180328,3.380389880336263
B11001844,20,25.459016393442624,3.8732955870484873
B11001844,21,26.114754098360656,4.461486779515846
B11001844,22,26.18032786885246,4.400105053594284
B11001844,23,25.34426229508197,4.088709948865949
B11001844,24,24.78688524590164,4.5847743534526755
B11001845,1,38.73770491803279,4.762908738431963
B11001845,2,36.59016393442623,4.410780567997818
B11001845,3,34.52459016393443,4.221749141723245
B11001845,4,31.360655737704917,4.1608352995138125
B11001845,5,12.950819672131148,4.278908354380446
B11001845,6,7.245901639344262,1.1402579188379807
B11001845,7,6.60655737704918,0.6344918846020862
B11001845,8,6.39344262295082,0.6842175985150559
B11001845,9,6.508196721311475,0.6683218724799839
B11001845,10,8.262295081967213,1.401423624469673
B11001845,11,15.327868852459016,3.579180744593999
B11001845,12,27.081967213114755,6.278495909385536
B11001845,13,37.01639344262295,8.371481258902376
B11001845,14,38.77049180327869,9.012547614977017
B11001845,15,38.39344262295082,9.061318777331078
B11001845,16,35.80327868852459,8.211985786743481
B11001845,17,33.08196721311475,7.475194129761015
B11001845,18,35.704918032786885,7.2887613067464345
B11001845,19,42.19672131147541,6.854027587355799
B11001845,20,42.950819672131146,5.49940750760434
B11001845,21,43.47540983606557,4.82006243540628
B11001845,22,42.31147540983606,4.229254027183105
B11001845,23,40.78688524590164,3.7813812815778785
B11001845,24,39.78688524590164,4.361210367785232
B11001846,1,16.81967213114754,1.3968136658452979
B11001846,2,16.65573770491803,1.6082293073351768
B11001846,3,15.672131147540984,1.399312611991692
B11001846,4,18.311475409836067,1.842494599111753
B11001846,5,18.57377049180328,1.2604841171633498
B11001846,6,17.524590163934427,1.0017453191771928
B11001846,7,17.770491803278688,1.3354368429125445
B11001846,8,15.508196721311476,0.9342824163131153
B11001846,9,14.524590163934427,0.9513847953145514
B11001846,10,17.0,0.8870655251454874
B11001846,11,16.868852459016395,0.9995968012738458
B11001846,12,17.19672131147541,0.972063415106465
B11001846,13,17.24590163934426,1.236808925499017
B11001846,14,16.9672131147541,1.2142219139108987
B11001846,15,15.147540983606557,1.02166796399232
B11001846,16,18.16393442622951,1.738478021651598
B11001846,17,17.081967213114755,1.2968446191190888
B11001846,18,17.442622950819672,1.1238778033444334
B11001846,19,18.40983606557377,0.8371898580199152
B11001846,20,18.0,0.9232870714969654
B11001846,21,16.491803278688526,0.6433251432901175
B11001846,22,18.0327868852459,1.0237701636718686
B11001846,23,16.983606557377048,0.8394339091470235
B11001846,24,16.78688524590164,0.8515127156210199
B11001847,1,37.59016393442623,6.819396274370334
B11001847,2,36.08196721311475,6.895698545118873
B11001847,3,35.032786885245905,6.30109855921511
B11001847,4,33.19672131147541,4.898376017708042
B11001847,5,24.557377049180328,3.457112365401831
B11001847,6,8.39344262295082,2.530331984468818
B11001847,7,6.016393442622951,0.999865618490289
B11001847,8,5.770491803278689,0.7104245468859165
B11001847,9,5.672131147540983,0.6458267411013839
B11001847,10,7.049180327868853,1.6137343871901262
B11001847,11,18.065573770491802,5.287997087307971
B11001847,12,26.475409836065573,6.969739175628935
B11001847,13,36.34426229508197,10.45973583013067
B11001847,14,37.442622950819676,11.412567978953176
B11001847,15,37.032786885245905,11.141367625257658
B11001847,16,35.09836065573771,10.10227196980435
B11001847,17,33.47540983606557,8.808726220000235
B11001847,18,33.885245901639344,8.953611526404408
B11001847,19,38.57377049180328,7.519284532570383
B11001847,20,40.59016393442623,6.96449320100867
B11001847,21,40.98360655737705,6.202833311568556
B11001847,22,40.52459016393443,6.953255063606928
B11001847,23,39.22950819672131,8.256926436898844
B11001847,24,38.78688524590164,8.162518805437852
B11001848,1,30.639344262295083,5.423182741289279
B11001848,2,26.37704918032787,7.395532400671676
B11001848,3,12.098360655737705,5.710803446195201
B11001848,4,8.278688524590164,1.9846224197274174
B11001848,5,7.852459016393443,1.1571030186899212
B11001848,6,8.081967213114755,1.0290068738672271
B11001848,7,8.032786885245901,1.0707315273972413
B11001848,8,7.819672131147541,1.094070407440235
B11001848,9,7.704918032786885,0.9640124870812561
B11001848,10,8.688524590163935,1.152914817869983
B11001848,11,13.967213114754099,3.652832779533966
B11001848,12,25.098360655737704,5.684909325034293
B11001848,13,27.950819672131146,6.194726021034229
B11001848,14,29.016393442622952,6.681248050875977
B11001848,15,29.098360655737704,6.988761277779939
B11001848,16,28.721311475409838,6.409857029021104
B11001848,17,28.918032786885245,6.041645313760622
B11001848,18,32.950819672131146,5.445486112393342
B11001848,19,35.59016393442623,9.043387311814426
B11001848,20,35.459016393442624,5.3609815913396
B11001848,21,35.85245901639344,5.58345349847492
B11001848,22,36.39344262295082,7.046167865653654
B11001848,23,34.967213114754095,7.215573351484114
B11001848,24,32.40983606557377,5.308134954429566
B11001909,1,23.327868852459016,3.108535638989184
B11001909,2,22.934426229508198,3.3085525162455314
B11001909,3,21.950819672131146,3.545610213652086
B11001909,4,17.59016393442623,5.403026016692862
B11001909,5,13.491803278688524,6.04253488990564
B11001909,6,10.131147540983607,4.358806461075888
B11001909,7,8.278688524590164,2.561577047163883
B11001909,8,7.639344262295082,2.0247063084758326
B11001909,9,9.885245901639344,2.389172026522843
B11001909,10,10.688524590163935,2.11583401070848
B11001909,11,10.819672131147541,2.068564059813279
B11001909,12,9.37704918032787,2.081644482537702
B11001909,13,8.01639344262295,1.8773176127052646
B11001909,14,7.278688524590164,1.7285561827009155
B11001909,15,8.655737704918034,2.2315564361948366
B11001909,16,12.147540983606557,2.3666817440941528
B11001909,17,17.475409836065573,2.7136966341502387
B11001909,18,21.901639344262296,2.9901747195664
B11001909,19,22.59016393442623,2.5309691604518396
B11001909,20,23.475409836065573,2.671074919480362
B11001909,21,23.42622950819672,2.4324245234087094
B11001909,22,23.34426229508197,2.514777609055037
B11001909,23,23.295081967213115,2.63236017202217
B11001909,24,23.24590163934426,2.558532735928346
B11001910,1,26.442622950819672,4.716641588485112
B11001910,2,23.262295081967213,5.988791824690854
B11001910,3,19.131147540983605,7.881240249064709
B11001910,4,13.934426229508198,8.907298264665076
B11001910,5,10.672131147540984,8.107315683341662
B11001910,6,6.442622950819672,3.4285426343475494
B11001910,7,4.622950819672131,2.450586643891752
B11001910,8,5.262295081967213,2.1721156819740175
B11001910,9,5.901639344262295,2.5266119219923087
B11001910,10,5.360655737704918,1.873305020853679
B11001910,11,4.459016393442623,1.6652058455121925
B11001910,12,4.360655737704918,1.958862055790203
B11001910,13,3.901639344262295,1.8616484677479856
B11001910,14,3.9508196721311477,1.885459717026869
B11001910,15,4.770491803278689,2.80744585293215
B11001910,16,9.688524590163935,5.132797095140926
B11001910,17,17.59016393442623,7.571250734062605
B11001910,18,26.18032786885246,4.313563042545016
B11001910,19,26.18032786885246,4.19800185381488
B11001910,20,27.37704918032787,4.458051968992401
B11001910,21,28.081967213114755,4.469551200439621
B11001910,22,27.918032786885245,4.40675741154093
B11001910,23,27.75409836065574,4.26059234589114
B11001910,24,27.491803278688526,4.456062184351664
B11001911,1,19.114754098360656,3.5487165107907135
B11001911,2,18.18032786885246,3.8899121180233154
B11001911,3,17.39344262295082,3.7907509897617917
B11001911,4,13.114754098360656,5.245133140430647
B11001911,5,10.049180327868852,4.923767148707885
B11001911,6,7.344262295081967,3.4493299225803042
B11001911,7,5.967213114754099,2.611244368362221
B11001911,8,5.213114754098361,2.7646169159124976
B11001911,9,5.360655737704918,2.4829436977252697
B11001911,10,4.590163934426229,1.0616573677830936
B11001911,11,4.213114754098361,0.5466666229682974
B11001911,12,4.0,0.6005461994758755
B11001911,13,3.540983606557377,0.5602625406765595
B11001911,14,3.2950819672131146,0.4907091654785498
B11001911,15,3.622950819672131,0.6569660626070123
B11001911,16,6.377049180327869,2.9706980712230218
B11001911,17,18.60655737704918,4.134138911767461
B11001911,18,19.60655737704918,4.029720278803034
B11001911,19,19.57377049180328,4.32097065747221
B11001911,20,20.131147540983605,4.286752027519761
B11001911,21,20.934426229508198,3.8998480527735757
B11001911,22,20.770491803278688,3.5913988444294067
B11001911,23,20.327868852459016,3.419909458466963
B11001911,24,20.0,3.767853674371579
B11001912,1,27.65573770491803,5.306615870474803
B11001912,2,20.983606557377048,8.096734422235874
B11001912,3,14.967213114754099,9.538476376106034
B11001912,4,12.819672131147541,9.03818528993099
B11001912,5,12.229508196721312,8.3024654497935
B11001912,6,9.19672131147541,4.682789109106397
B11001912,7,7.540983606557377,2.6337890830811572
B11001912,8,7.967213114754099,2.388271980521221
B11001912,9,12.885245901639344,2.1584630282797104
B11001912,10,15.163934426229508,2.3271760686970966
B11001912,11,14.967213114754099,2.46926824705085
B11001912,12,11.704918032786885,2.5372262012993767
B11001912,13,6.672131147540983,1.8880236129689139
B11001912,14,9.721311475409836,2.805913822338973
B11001912,15,16.62295081967213,3.80320802647755
B11001912,16,21.229508196721312,4.488212038118648
B11001912,17,27.704918032786885,5.561413496158021
B11001912,18,29.65573770491803,4.6549295073165755
B11001912,19,30.639344262295083,5.027898517714363
B11001912,20,31.737704918032787,5.168954104640266
B11001912,21,31.75409836065574,5.152289759011714
B11001912,22,31.918032786885245,5.106392913700331
B11001912,23,31.39344262295082,5.141533510235231
B11001912,24,30.114754098360656,5.294904326310182
B11001913,1,14.065573770491802,3.0881521476735676
B11001913,2,13.39344262295082,3.204907551028937
B11001913,3,11.278688524590164,3.030615084141992
B11001913,4,6.967213114754099,4.012142280115896
B11001913,5,5.245901639344262,3.5327773762756665
B11001913,6,3.1639344262295084,1.4392658405015062
B11001913,7,2.6721311475409837,1.0972590511922302
B11001913,8,2.4098360655737703,0.7548107825063175
B11001913,9,2.377049180327869,0.8330062961254101
B11001913,10,6.311475409836065,2.8603621437953652
B11001913,11,9.065573770491802,3.449252009477676
B11001913,12,7.590163934426229,3.271221004207971
B11001913,13,5.377049180327869,2.668356984659529
B11001913,14,2.5081967213114753,1.9554291870489766
B11001913,15,2.459016393442623,1.8954109420058536
B11001913,16,4.819672131147541,3.23154633198732
B11001913,17,14.770491803278688,4.134593930635062
B11001913,18,14.721311475409836,3.6981659058129743
B11001913,19,14.967213114754099,3.798046146158916
B11001913,20,15.426229508196721,3.9232765513210586
B11001913,21,15.62295081967213,3.80320802647755
B11001913,22,15.459016393442623,3.6823627949768363
B11001913,23,15.508196721311476,3.4859105206562657
B11001913,24,14.573770491803279,3.149077493819434
B11001914,1,19.950819672131146,3.6323962623626467
B11001914,2,19.78688524590164,3.653494864446427
B11001914,3,19.540983606557376,3.4095996134915048
B11001914,4,19.016393442622952,3.394749095142879
B11001914,5,17.639344262295083,3.9298470619941184
B11001914,6,10.819672131147541,4.213593134797992
B11001914,7,5.229508196721311,1.91964343190878
B11001914,8,4.377049180327869,1.4504259908586665
B11001914,9,7.786885245901639,3.1835373361149784
B11001914,10,7.983606557377049,3.2111067663463073
B11001914,11,6.60655737704918,2.2123252993885036
B11001914,12,6.590163934426229,2.011255616139672
B11001914,13,5.459016393442623,1.6152325162955543
B11001914,14,4.262295081967213,1.266227640480493
B11001914,15,5.950819672131147,2.7900656876232057
B11001914,16,17.0327868852459,4.0365835786428335
B11001914,17,19.80327868852459,4.3975390738388285
B11001914,18,19.65573770491803,4.18383009834972
B11001914,19,20.19672131147541,4.314746624140221
B11001914,20,20.57377049180328,4.2405498266818995
B11001914,21,20.737704918032787,4.096786582965881
B11001914,22,20.59016393442623,4.062531913338773
B11001914,23,20.459016393442624,3.651066632794902
B11001914,24,19.950819672131146,3.6504041074666964
B11001915,1,23.721311475409838,3.5163838893217316
B11001915,2,20.770491803278688,5.369596995052523
B11001915,3,17.868852459016395,6.768963428492168
B11001915,4,13.754098360655737,7.091106731593438
B11001915,5,11.147540983606557,6.42187875470439
B11001915,6,7.213114754098361,2.5097498673508407
B11001915,7,6.278688524590164,1.6309621774567749
B11001915,8,6.229508196721311,1.5192043066495864
B11001915,9,6.344262295081967,1.239847239422232
B11001915,10,6.557377049180328,0.9838797434835187
B11001915,11,6.737704918032787,1.0386251843578465
B11001915,12,6.409836065573771,1.07698804627258
B11001915,13,5.80327868852459,0.8837266866848232
B11001915,14,5.836065573770492,1.0891465732375798
B11001915,15,6.983606557377049,1.8947018735054855
B11001915,16,10.672131147540984,2.8035183484937822
B11001915,17,16.40983606557377,3.8554923530725502
B11001915,18,23.770491803278688,4.4772409632915044
B11001915,19,24.459016393442624,4.593558463804177
B11001915,20,25.24590163934426,4.713620785379109
B11001915,21,25.59016393442623,4.447792044541444
B11001915,22,25.475409836065573,4.182737974482975
B11001915,23,24.918032786885245,3.99710994761856
B11001915,24,24.57377049180328,3.8473282890493543
B11001916,1,24.885245901639344,2.3615663089008665
B11001916,2,24.60655737704918,2.4646929015938053
B11001916,3,23.065573770491802,2.9524585612728464
B11001916,4,18.081967213114755,4.705403527815735
B11001916,5,14.852459016393443,6.240628555915703
B11001916,6,11.80327868852459,4.33748311143742
B11001916,7,8.62295081967213,3.3346857419524993
B11001916,8,7.0,3.03531131090344
B11001916,9,6.737704918032787,2.623360623724264
B11001916,10,7.786885245901639,2.817479131948034
B11001916,11,8.836065573770492,2.915084161363309
B11001916,12,8.557377049180328,2.9338308765046897
B11001916,13,7.704918032786885,2.7241738846735006
B11001916,14,8.885245901639344,2.3336340523638355
B11001916,15,12.80327868852459,3.023512625153706
B11001916,16,15.360655737704919,2.8746078100866805
B11001916,17,17.311475409836067,3.4381704227616035
B11001916,18,24.311475409836067,3.5599824258479345
B11001916,19,25.065573770491802,3.5660919163747486
B11001916,20,25.885245901639344,3.368603157781331
B11001916,21,26.34426229508197,3.3480370853149033
B11001916,22,26.557377049180328,3.466583285817037
B11001916,23,26.098360655737704,2.9292471926809247
B11001916,24,25.540983606557376,2.7013886562030285
B11001917,1,28.0327868852459,4.319104389230932
B11001917,2,27.639344262295083,4.145045578603037
B11001917,3,26.262295081967213,4.728364495063016
B11001917,4,21.885245901639344,5.711932751635345
B11001917,5,16.78688524590164,6.926108253861511
B11001917,6,12.80327868852459,5.007599706842796
B11001917,7,10.885245901639344,3.6263984782617227
B11001917,8,10.131147540983607,3.0053253817786194
B11001917,9,9.950819672131148,2.614124493806904
B11001917,10,10.180327868852459,2.286870556389746
B11001917,11,10.065573770491802,1.9574896307245104
B11001917,12,10.344262295081966,2.7274274548308752
B11001917,13,10.262295081967213,2.6544218557600203
B11001917,14,9.918032786885245,2.6133019247198916
B11001917,15,11.01639344262295,3.4092054902441853
B11001917,16,20.098360655737704,3.796913837526415
B11001917,17,25.19672131147541,4.834370361400248
B11001917,18,26.327868852459016,5.416191001654842
B11001917,19,27.65573770491803,5.900500800923011
B11001917,20,29.049180327868854,5.971040026684526
B11001917,21,29.950819672131146,6.154902695980665
B11001917,22,30.0327868852459,5.691429314601622
B11001917,23,29.540983606557376,5.391474054017239
B11001917,24,28.983606557377048,4.927313647377152
B11001918,1,24.39344262295082,2.536802482825931
B11001918,2,23.770491803278688,2.5245901639344264
B11001918,3,22.524590163934427,3.1809193298249605
B11001918,4,17.524590163934427,6.0991978977541645
B11001918,5,12.01639344262295,7.162039738946725
B11001918,6,7.885245901639344,4.165031480627049
B11001918,7,6.016393442622951,2.452778974482193
B11001918,8,6.016393442622951,1.476502327763633
B11001918,9,6.39344262295082,1.5500257906325001
B11001918,10,6.754098360655738,1.4671902187058654
B11001918,11,5.852459016393443,1.2124499729246292
B11001918,12,5.770491803278689,1.046358911293964
B11001918,13,5.622950819672131,1.2824660469251112
B11001918,14,9.229508196721312,3.62773217613099
B11001918,15,10.819672131147541,3.9318297443307046
B11001918,16,14.114754098360656,5.067085561451806
B11001918,17,18.42622950819672,5.573529406550812
B11001918,18,21.770491803278688,4.106745521032802
B11001918,19,23.262295081967213,2.9747662222200013
B11001918,20,24.098360655737704,2.5524332205441294
B11001918,21,24.721311475409838,2.389396985049449
B11001918,22,24.491803278688526,2.5390262159408974
B11001918,23,24.40983606557377,2.3773318090881954
B11001918,24,24.39344262295082,2.2270960915071076
B11001919,1,29.524590163934427,3.5832330733939024
B11001919,2,28.688524590163933,3.6554068805688487
B11001919,3,25.21311475409836,4.372472587428663
B11001919,4,17.9672131147541,7.254093729738265
B11001919,5,12.442622950819672,6.79084386017259
B11001919,6,8.163934426229508,3.1371926882028136
B11001919,7,6.557377049180328,1.815458124577984
B11001919,8,6.426229508196721,1.541332363743365
B11001919,9,6.524590163934426,1.5322388781046457
B11001919,10,6.590163934426229,1.5720619140638497
B11001919,11,6.918032786885246,2.0509500554797917
B11001919,12,7.409836065573771,2.356553813254611
B11001919,13,7.409836065573771,2.5438904578715835
B11001919,14,7.704918032786885,2.870678575717709
B11001919,15,10.459016393442623,3.4997600409161698
B11001919,16,13.278688524590164,3.5947646245980778
B11001919,17,19.0327868852459,6.254092989276425
B11001919,18,26.18032786885246,3.9609081452521675
B11001919,19,27.34426229508197,3.7847201247918676
B11001919,20,29.39344262295082,4.220475804598301
B11001919,21,29.868852459016395,4.138881649201933
B11001919,22,29.918032786885245,3.935109230334366
B11001919,23,29.62295081967213,3.7467534992932934
B11001919,24,29.868852459016395,3.5550721550218904
B11001920,1,29.098360655737704,5.228248987613808
B11001920,2,28.0327868852459,4.794009968443215
B11001920,3,22.901639344262296,6.875246446927777
B11001920,4,16.016393442622952,8.947005732808481
B11001920,5,12.967213114754099,8.775837194409364
B11001920,6,8.78688524590164,4.250804182733692
B11001920,7,7.147540983606557,2.702979931596871
B11001920,8,6.852459016393443,2.352787433521511
B11001920,9,6.426229508196721,2.168772534864301
B11001920,10,6.704918032786885,2.2785116100682483
B11001920,11,6.983606557377049,2.293910708158925
B11001920,12,7.918032786885246,2.444767459974721
B11001920,13,8.639344262295081,3.314314640649131
B11001920,14,8.40983606557377,3.0748959688137654
B11001920,15,8.901639344262295,3.150357346541983
B11001920,16,15.19672131147541,5.127296517471017
B11001920,17,23.557377049180328,7.011757316187762
B11001920,18,27.59016393442623,5.280266539411042
B11001920,19,29.16393442622951,5.575650599011515
B11001920,20,30.80327868852459,5.716870839980666
B11001920,21,31.21311475409836,5.845314093843372
B11001920,22,30.868852459016395,5.643726852135063
B11001920,23,30.704918032786885,5.451257223902596
B11001920,24,29.983606557377048,5.302309435840162
B11001921,1,24.57377049180328,4.313376131552177
B11001921,2,24.114754098360656,3.8372563655484657
B11001921,3,22.59016393442623,3.6948215830405875
B11001921,4,16.83606557377049,5.992291025426335
B11001921,5,13.245901639344263,7.007386589164131
B11001921,6,8.754098360655737,4.035318411086016
B11001921,7,6.770491803278689,2.848027460167342
B11001921,8,6.311475409836065,2.479694478844464
B11001921,9,6.426229508196721,2.357123951847923
B11001921,10,6.409836065573771,1.3104504191286126
B11001921,11,6.491803278688525,1.1540797315933145
B11001921,12,6.540983606557377,1.420849093771833
B11001921,13,6.229508196721311,1.6134012806973237
B11001921,14,5.557377049180328,1.1526816938522586
B11001921,15,5.885245901639344,0.95982171595439
B11001921,16,11.426229508196721,3.1018715471255365
B11001921,17,18.672131147540984,3.9160088057111007
B11001921,18,24.75409836065574,5.23122948186796
B11001921,19,24.721311475409838,4.8624730520252335
B11001921,20,24.918032786885245,4.571096227409405
B11001921,21,24.983606557377048,4.561031675351923
B11001921,22,25.049180327868854,4.217163328737974
B11001921,23,25.59016393442623,4.26336682616415
B11001921,24,25.049180327868854,4.197681754852653
B11001922,1,18.65573770491803,3.999529668666749
B11001922,2,13.19672131147541,5.5980666221419035
B11001922,3,10.918032786885245,6.683218724799839
B11001922,4,9.180327868852459,5.801379702267303
B11001922,5,7.180327868852459,3.713105706933573
B11001922,6,5.508196721311475,1.1540797315933145
B11001922,7,5.114754098360656,0.6553277406985799
B11001922,8,5.852459016393443,1.1850996440608406
B11001922,9,7.934426229508197,2.133794069211885
B11001922,10,8.049180327868852,2.075826752209051
B11001922,11,7.639344262295082,2.11189284133612
B11001922,12,6.098360655737705,1.543945531537194
B11001922,13,6.262295081967213,1.773221938752782
B11001922,14,6.442622950819672,2.012457841235922
B11001922,15,8.344262295081966,3.616380066262437
B11001922,16,12.967213114754099,3.7502664959503447
B11001922,17,16.934426229508198,4.63015367255161
B11001922,18,20.934426229508198,4.8784196999795
B11001922,19,21.639344262295083,4.357141441039202
B11001922,20,22.049180327868854,4.138686849271677
B11001922,21,21.934426229508198,3.9458168447644355
B11001922,22,21.83606557377049,3.7903255964161735
B11001922,23,21.278688524590162,3.314801121749774
B11001922,24,20.57377049180328,3.256564701068293
B11001924,1,20.19672131147541,2.4348539669486327
B11001924,2,19.311475409836067,2.939504717992513
B11001924,3,15.721311475409836,4.235413338611085
B11001924,4,13.344262295081966,5.1562002972122585
B11001924,5,12.557377049180328,4.97048531510455
B11001924,6,10.950819672131148,3.389599471034777
B11001924,7,9.540983606557377,2.1921900905655693
B11001924,8,9.098360655737705,1.7989515893283816
B11001924,9,8.737704918032787,1.5246782981752685
B11001924,10,9.360655737704919,1.7464980125133212
B11001924,11,10.80327868852459,2.031067490715388
B11001924,12,12.114754098360656,1.8651098561741495
B11001924,13,12.426229508196721,1.9955607814777
B11001924,14,11.950819672131148,1.9704890755825204
B11001924,15,11.80327868852459,1.9061563086883453
B11001924,16,12.950819672131148,2.075826752209051
B11001924,17,16.0,2.4893214560348387
B11001924,18,20.75409836065574,2.917756479826766
B11001924,19,21.639344262295083,3.368284025275496
B11001924,20,22.016393442622952,3.3412072191452715
B11001924,21,22.278688524590162,3.1054217397435075
B11001924,22,22.360655737704917,3.07838997138272
B11001924,23,21.852459016393443,3.055959324968401
B11001924,24,20.868852459016395,2.6331767875752474
B11001925,1,26.0,3.2492117581315516
B11001925,2,25.491803278688526,3.2270524073818896
B11001925,3,23.918032786885245,3.350043219526505
B11001925,4,19.83606557377049,5.102812878637488
B11001925,5,14.770491803278688,5.8712789195857615
B11001925,6,10.885245901639344,4.424589860239665
B11001925,7,8.229508196721312,2.190841163578769
B11001925,8,7.409836065573771,1.2331094799404256
B11001925,9,7.409836065573771,1.2594176273225455
B11001925,10,7.459016393442623,1.325336585666081
B11001925,11,7.622950819672131,1.4504259908586667
B11001925,12,8.0,2.0
B11001925,13,8.344262295081966,1.9067201768588473
B11001925,14,8.114754098360656,1.4609491710925437
B11001925,15,9.655737704918034,2.462074601030065
B11001925,16,17.508196721311474,3.4528341925584445
B11001925,17,25.0,3.767853674371579
B11001925,18,26.704918032786885,4.07448784791286
B11001925,19,27.327868852459016,3.907627310263234
B11001925,20,28.62295081967213,4.395093890812425
B11001925,21,28.639344262295083,4.242767372817432
B11001925,22,28.57377049180328,3.769850266163525
B11001925,23,28.491803278688526,3.564961319173374
B11001925,24,27.19672131147541,3.3231412757699825
B11001926,1,22.21311475409836,2.970426663057344
B11001926,2,21.278688524590162,2.7765478479873886
B11001926,3,18.688524590163933,2.778966570546504
B11001926,4,10.639344262295081,4.0812758648199905
B11001926,5,8.262295081967213,3.679369330065275
B11001926,6,5.967213114754099,1.7645620188920899
B11001926,7,5.262295081967213,1.2133362668828414
B11001926,8,5.213114754098361,1.1610446694836571
B11001926,9,5.360655737704918,1.2417965156987296
B11001926,10,5.147540983606557,1.02166796399232
B11001926,11,4.754098360655738,0.6931926069464254
B11001926,12,4.704918032786885,0.5823711366666103
B11001926,13,5.049180327868853,0.6634788965523954
B11001926,14,5.836065573770492,1.1477751517517574
B11001926,15,6.590163934426229,2.1453499021450324
B11001926,16,8.836065573770492,3.183874986573171
B11001926,17,13.934426229508198,2.827666897041356
B11001926,18,21.59016393442623,3.1014383187896306
B11001926,19,22.34426229508197,3.0669322842409352
B11001926,20,23.688524590163933,3.952757840353655
B11001926,21,24.049180327868854,4.0546521732659615
B11001926,22,23.75409836065574,3.860925471764756
B11001926,23,23.524590163934427,3.678054356372108
B11001926,24,23.065573770491802,3.4397333696660244
B11001927,1,12.0,1.958587647712119
B11001927,2,12.295081967213115,1.7210772674387664
B11001927,3,12.295081967213115,2.106541430060198
B11001927,4,12.59016393442623,1.9109438847079085
B11001927,5,12.573770491803279,2.3079265862790908
B11001927,6,12.78688524590164,2.065443659706471
B11001927,7,13.163934426229508,1.9600964167390325
B11001927,8,11.98360655737705,1.3243223231882433
B11001927,9,10.78688524590164,1.0729880768494144
B11001927,10,11.62295081967213,1.2435266405582217
B11001927,11,12.245901639344263,1.433278229140616
B11001927,12,12.114754098360656,1.4153532914196314
B11001927,13,11.245901639344263,1.3985441810649941
B11001927,14,11.721311475409836,1.1753080871432737
B11001927,15,12.163934426229508,1.5383654074528659
B11001927,16,12.131147540983607,1.4426229508196722
B11001927,17,12.295081967213115,1.4524627169401105
B11001927,18,12.967213114754099,1.2409305487065942
B11001927,19,13.360655737704919,1.1312663278089257
B11001927,20,13.573770491803279,1.26048411716335
B11001927,21,12.40983606557377,1.2463329710654567
B11001927,22,13.049180327868852,1.4868409630653416
B11001927,23,13.21311475409836,1.4834027574903108
B11001927,24,13.131147540983607,2.0603629302773743
B11001928,1,13.934426229508198,3.2028105099413393
B11001928,2,13.262295081967213,3.4207737565139418
B11001928,3,13.475409836065573,3.346672227148757
B11001928,4,13.426229508196721,3.545761803477233
B11001928,5,14.639344262295081,3.9089338066068984
B11001928,6,19.918032786885245,3.99710994761856
B11001928,7,23.983606557377048,3.82610448332688
B11001928,8,22.34426229508197,3.1460891460363682
B11001928,9,22.918032786885245,3.1010050299292216
B11001928,10,25.885245901639344,3.084059282965206
B11001928,11,23.524590163934427,2.6772052798997175
B11001928,12,22.83606557377049,2.858294389206999
B11001928,13,22.81967213114754,2.737164960986012
B11001928,14,24.704918032786885,2.9103786148551127
B11001928,15,21.62295081967213,2.6436681820148475
B11001928,16,21.918032786885245,2.098360655737705
B11001928,17,23.524590163934427,2.372012753794875
B11001928,18,21.81967213114754,2.5382851880316175
B11001928,19,22.770491803278688,2.45212148111172
B11001928,20,26.40983606557377,2.0911762254559974
B11001928,21,20.19672131147541,2.527356372537936
B11001928,22,16.475409836065573,2.664930456922116
B11001928,23,14.704918032786885,2.5177680871800643
B11001928,24,13.967213114754099,2.6671481245923574
B11001929,1,18.459016393442624,4.40407326546688
B11001929,2,18.262295081967213,4.598294906166217
B11001929,3,18.852459016393443,5.00765337397609
B11001929,4,19.721311475409838,6.148786759020116
B11001929,5,22.16393442622951,7.0156273520791474
B11001929,6,37.21311475409836,8.701073523551065
B11001929,7,49.22950819672131,7.742565852973918
B11001929,8,45.377049180327866,6.66816251246648
B11001929,9,50.09836065573771,4.967781171868059
B11001929,10,55.81967213114754,5.391274665183813
B11001929,11,51.85245901639344,5.886455878174693
B11001929,12,54.049180327868854,7.152727851776566
B11001929,13,50.63934426229508,5.831044072877869
B11001929,14,54.31147540983606,5.559045158034557
B11001929,15,45.83606557377049,5.3137012134541415
B11001929,16,46.0655737704918,6.099902854531526
B11001929,17,48.22950819672131,5.106708678652165
B11001929,18,46.21311475409836,5.257671223246042
B11001929,19,44.67213114754098,4.954618019636351
B11001929,20,47.0,4.807780579265308
B11001929,21,26.114754098360656,4.559617328837369
B11001929,22,21.37704918032787,4.289384282408311
B11001929,23,19.540983606557376,4.488870647307165
B11001929,24,18.918032786885245,4.740115105357652
B11001930,1,6.262295081967213,1.8457007141032877
B11001930,2,5.016393442622951,1.9626997405187607
B11001930,3,4.819672131147541,1.9120686310587978
B11001930,4,4.655737704918033,1.9659832220957396
B11001930,5,4.360655737704918,1.7651711186751229
B11001930,6,4.229508196721311,1.6436010307533486
B11001930,7,4.508196721311475,1.4890083708676187
B11001930,8,6.377049180327869,1.6413102964962396
B11001930,9,12.655737704918034,4.591100607007029
B11001930,10,18.885245901639344,6.185913030547682
B11001930,11,22.78688524590164,6.71459080231768
B11001930,12,24.491803278688526,7.180627286219206
B11001930,13,27.737704918032787,8.590695766292285
B11001930,14,27.278688524590162,8.918816262595271
B11001930,15,25.9672131147541,8.374369979953087
B11001930,16,24.114754098360656,8.08783413560801
B11001930,17,23.475409836065573,7.150848986342602
B11001930,18,27.0,5.708779548592346
B11001930,19,31.721311475409838,6.961559905137579
B11001930,20,31.704918032786885,6.415514653710168
B11001930,21,30.475409836065573,6.320942442122422
B11001930,22,27.57377049180328,4.550118054290649
B11001930,23,23.0327868852459,4.223149369123281
B11001930,24,12.049180327868852,4.0546521732659615
B11001931,1,18.459016393442624,2.6213109627943196
B11001931,2,13.80327868852459,4.048151458852313
B11001931,3,10.065573770491802,5.691145992115675
B11001931,4,9.278688524590164,5.54602544891675
B11001931,5,8.80327868852459,4.951633849023141
B11001931,6,6.295081967213115,2.090919182098691
B11001931,7,5.19672131147541,0.9020863273572199
B11001931,8,5.344262295081967,0.8662193320408462
B11001931,9,7.114754098360656,1.7091687238004412
B11001931,10,7.311475409836065,2.0449135907557605
B11001931,11,8.01639344262295,1.962699740518761
B11001931,12,8.60655737704918,2.348900604535356
B11001931,13,8.245901639344263,1.789365101295713
B11001931,14,8.049180327868852,1.8941344275887446
B11001931,15,8.475409836065573,1.7044450794190205
B11001931,16,11.950819672131148,1.936925309867794
B11001931,17,15.62295081967213,2.976211335845303
B11001931,18,16.62295081967213,3.3248391280014578
B11001931,19,17.229508196721312,3.0103288999706304
B11001931,20,18.34426229508197,3.0615823932851165
B11001931,21,18.80327868852459,2.8562251376750405
B11001931,22,19.0327868852459,2.874233828713851
B11001931,23,19.80327868852459,2.7149837552341203
B11001931,24,19.491803278688526,2.446965004202661
B11001932,1,23.262295081967213,3.5982766336954644
B11001932,2,23.065573770491802,3.7058608984494112
B11001932,3,20.21311475409836,5.031425030673767
B11001932,4,15.60655737704918,6.407676463160725
B11001932,5,12.557377049180328,6.614749019844884
B11001932,6,8.901639344262295,4.279975938467629
B11001932,7,6.836065573770492,2.800353185388085
B11001932,8,6.245901639344262,2.192802964879471
B11001932,9,8.262295081967213,2.1871580432993993
B11001932,10,7.934426229508197,2.2018535593942055
B11001932,11,7.098360655737705,3.6200938219559315
B11001932,12,5.868852459016393,3.1699170482815093
B11001932,13,5.032786885245901,1.4482008410070673
B11001932,14,4.934426229508197,1.535042611241918
B11001932,15,5.901639344262295,1.905169137818984
B11001932,16,10.655737704918034,4.1563115974546125
B11001932,17,20.114754098360656,3.571739534202924
B11001932,18,22.934426229508198,3.5660919163747478
B11001932,19,24.131147540983605,3.545837595959547
B11001932,20,24.491803278688526,3.587880102990047
B11001932,21,24.540983606557376,3.5370348352766845
B11001932,22,24.475409836065573,3.30725262325115
B11001932,23,24.24590163934426,3.4147977772011098
B11001932,24,24.065573770491802,3.343056677574574
B11001933,1,11.704918032786885,1.076488862910295
B11001933,2,11.524590163934427,1.049692497939811
B11001933,3,10.459016393442623,1.4437402528723933
B11001933,4,9.032786885245901,2.0800946787622165
B11001933,5,7.131147540983607,2.2577764328769594
B11001933,6,5.459016393442623,1.8516609335529033
B11001933,7,4.360655737704918,1.6299732159646556
B11001933,8,4.131147540983607,1.562631343579341
B11001933,9,3.8360655737704916,1.4730399910973941
B11001933,10,3.639344262295082,1.414593574085549
B11001933,11,3.540983606557377,1.3619389564304012
B11001933,12,3.9836065573770494,1.4083102685189854
B11001933,13,4.934426229508197,1.4126924932990508
B11001933,14,4.770491803278689,1.4187669851422167
B11001933,15,4.459016393442623,1.0334372139327535
B11001933,16,5.983606557377049,1.8685648326262305
B11001933,17,9.557377049180328,2.2798086644186846
B11001933,18,12.39344262295082,1.2581366461868781
B11001933,19,12.065573770491802,1.0537808970484064
B11001933,20,11.967213114754099,1.1009267796971027
B11001933,21,11.98360655737705,0.9998656184902889
B11001933,22,12.180327868852459,1.108953083625427
B11001933,23,12.295081967213115,0.964012487081256
B11001933,24,12.131147540983607,1.123160205440042
B11001934,1,14.39344262295082,2.49115608506382
B11001934,2,14.295081967213115,2.626125128397862
B11001934,3,13.0,2.502457808229184
B11001934,4,9.21311475409836,3.706948522368126
B11001934,5,7.147540983606557,3.233209163388905
B11001934,6,5.491803278688525,1.4556047790441384
B11001934,7,5.245901639344262,1.2368089254990176
B11001934,8,5.114754098360656,1.1466038327898829
B11001934,9,5.065573770491803,1.0381075540319715
B11001934,10,4.967213114754099,0.8291258109115929
B11001934,11,4.967213114754099,1.1730192668851356
B11001934,12,4.819672131147541,0.839753998351849
B11001934,13,4.80327868852459,0.6731300054966495
B11001934,14,4.754098360655738,0.5910739795842606
B11001934,15,4.688524590163935,0.559302364237114
B11001934,16,4.819672131147541,0.6655010862355555
B11001934,17,12.40983606557377,3.230880959800932
B11001934,18,14.426229508196721,3.4186519076031674
B11001934,19,14.754098360655737,3.5651120861827743
B11001934,20,15.0,3.392373316914204
B11001934,21,15.147540983606557,3.182101921963369
B11001934,22,15.278688524590164,3.04141440101818
B11001934,23,15.049180327868852,2.9052029612697257
B11001934,24,14.770491803278688,2.870959413654405
B11001935,1,18.950819672131146,3.340885469689169
B11001935,2,18.639344262295083,3.4021824571365085
B11001935,3,18.049180327868854,3.2158736900619522
B11001935,4,14.540983606557377,4.139271221559768
B11001935,5,9.885245901639344,5.238878495475158
B11001935,6,7.360655737704918,3.9089338066068984
B11001935,7,5.672131147540983,2.185806010886271
B11001935,8,5.475409836065574,1.9802844420382295
B11001935,9,5.426229508196721,1.7875619112831447
B11001935,10,5.442622950819672,1.531361658774655
B11001935,11,5.098360655737705,1.0667080973768812
B11001935,12,4.786885245901639,1.0419835135784068
B11001935,13,4.573770491803279,0.9488390903926415
B11001935,14,4.377049180327869,0.6814626128139845
B11001935,15,4.655737704918033,1.0224567953778803
B11001935,16,7.065573770491803,2.763158399896497
B11001935,17,13.114754098360656,2.3336340523638355
B11001935,18,17.557377049180328,3.399732825394287
B11001935,19,18.16393442622951,3.52592426142982
B11001935,20,19.114754098360656,3.6263984782617236
B11001935,21,19.57377049180328,3.712888568365132
B11001935,22,19.540983606557376,3.642075477885721
B11001935,23,19.098360655737704,3.386109126633166
B11001935,24,19.049180327868854,3.286466184806304
B11001936,1,15.885245901639344,3.157600046599708
B11001936,2,15.459016393442623,2.825955636952983
B11001936,3,14.967213114754099,2.851328209999592
B11001936,4,12.639344262295081,2.9919716997283374
B11001936,5,8.819672131147541,3.864543307361069
B11001936,6,6.573770491803279,2.9334644453689944
B11001936,7,5.60655737704918,1.5605661911216098
B11001936,8,5.163934426229508,1.2170958159521696
B11001936,9,5.065573770491803,1.3040774951705798
B11001936,10,5.049180327868853,1.1224421487622092
B11001936,11,5.737704918032787,1.084943744772085
B11001936,12,5.573770491803279,0.777954788046208
B11001936,13,4.885245901639344,0.6553277406985799
B11001936,14,4.557377049180328,0.5286726392326918
B11001936,15,5.524590163934426,1.3257420733872607
B11001936,16,9.62295081967213,3.455401731887167
B11001936,17,14.540983606557377,3.860577424286629
B11001936,18,17.016393442622952,3.9855962109423873
B11001936,19,17.0327868852459,3.9253994810375215
B11001936,20,17.21311475409836,3.979928140459943
B11001936,21,17.65573770491803,4.112696239382481
B11001936,22,17.442622950819672,3.9443863000552346
B11001936,23,17.229508196721312,3.6726434068930662
B11001936,24,16.540983606557376,3.282211222320705
B11001937,1,28.868852459016395,3.4235223440963165
B11001937,2,26.18032786885246,3.735115582829021
B11001937,3,16.39344262295082,4.771083282581728
B11001937,4,8.40983606557377,3.345547808216157
B11001937,5,6.836065573770492,2.5746578818970947
B11001937,6,6.475409836065574,2.551801404068289
B11001937,7,7.262295081967213,2.617104139475741
B11001937,8,12.852459016393443,2.5468467522542237
B11001937,9,13.475409836065573,2.558217600410644
B11001937,10,12.262295081967213,3.1721205574440927
B11001937,11,9.836065573770492,3.1003983237951673
B11001937,12,6.983606557377049,2.4594535130609443
B11001937,13,6.918032786885246,3.215205074494653
B11001937,14,7.114754098360656,3.416922019460405
B11001937,15,13.885245901639344,4.992119562512262
B11001937,16,22.278688524590162,4.959280578249505
B11001937,17,27.34426229508197,4.714418921486175
B11001937,18,27.868852459016395,4.321032852531658
B11001937,19,28.62295081967213,4.487373668439508
B11001937,20,29.75409836065574,4.503753398982871
B11001937,21,30.327868852459016,3.844183647697721
B11001937,22,30.114754098360656,3.8923984794903697
B11001937,23,29.59016393442623,3.7125266425287995
B11001937,24,29.360655737704917,3.6665648679198086
B11001938,1,15.081967213114755,2.7057624116749825
B11001938,2,14.78688524590164,2.38241339338819
B11001938,3,14.278688524590164,2.375635532162203
B11001938,4,11.049180327868852,3.2158736900619527
B11001938,5,7.901639344262295,3.69183822014155
B11001938,6,5.754098360655738,2.069732996994968
B11001938,7,4.819672131147541,0.8964080730814634
B11001938,8,4.590163934426229,0.7970652971241455
B11001938,9,4.754098360655738,0.738978863579321
B11001938,10,5.163934426229508,0.7930089588490377
B11001938,11,5.377049180327869,0.908320995225906
B11001938,12,5.442622950819672,1.1238778033444334
B11001938,13,6.114754098360656,1.620547981148511
B11001938,14,5.540983606557377,1.420849093771833
B11001938,15,5.377049180327869,1.3569968581360574
B11001938,16,6.016393442622951,1.5310106303095792
B11001938,17,12.01639344262295,2.315250956752612
B11001938,18,13.540983606557377,2.4331977912891776
B11001938,19,14.639344262295081,2.586426022527623
B11001938,20,15.721311475409836,2.95391458826865
B11001938,21,16.0327868852459,2.919505982883114
B11001938,22,16.327868852459016,2.979279874896659
B11001938,23,15.918032786885245,2.94370727544625
B11001938,24,15.311475409836065,2.8431164130087803
B11001939,1,9.868852459016393,2.999865624510022
B11001939,2,4.278688524590164,1.4157329972055155
B11001939,3,3.6885245901639343,0.9328430649479864
B11001939,4,3.459016393442623,0.8603043779279953
B11001939,5,3.3442622950819674,0.7657685714181418
B11001939,6,3.2131147540983607,0.6802784892211944
B11001939,7,3.2295081967213113,0.6111918649936803
B11001939,8,3.262295081967213,0.6989837903386177
B11001939,9,3.3114754098360657,0.8970074767412757
B11001939,10,3.1475409836065573,0.8064507459835306
B11001939,11,3.180327868852459,1.4085010835416778
B11001939,12,3.901639344262295,1.4788666244385458
B11001939,13,5.409836065573771,2.0754383236850438
B11001939,14,4.983606557377049,2.0920756285007567
B11001939,15,7.19672131147541,2.5914087069135063
B11001939,16,10.327868852459016,2.8842211294878086
B11001939,17,11.37704918032787,3.014521871265059
B11001939,18,14.836065573770492,3.349481623063644
B11001939,19,15.459016393442623,3.356294651340448
B11001939,20,16.18032786885246,3.3559743483716082
B11001939,21,16.229508196721312,3.470689649532991
B11001939,22,16.16393442622951,3.3445837196869745
B11001939,23,15.737704918032787,3.293817553669459
B11001939,24,14.737704918032787,3.0021939482802518
B11001940,1,24.540983606557376,5.068623412210974
B11001940,2,24.34426229508197,4.827806228545385
B11001940,3,22.278688524590162,4.563329053500751
B11001940,4,16.59016393442623,5.970905000961125
B11001940,5,12.540983606557377,6.924827678489945
B11001940,6,9.098360655737705,4.237633572662571
B11001940,7,7.573770491803279,2.425675612449897
B11001940,8,7.901639344262295,2.40699062522633
B11001940,9,9.59016393442623,3.1067195770623646
B11001940,10,9.59016393442623,3.0319449429466774
B11001940,11,9.295081967213115,2.6198752460292427
B11001940,12,7.229508196721311,1.6732558095016958
B11001940,13,6.491803278688525,1.489008370867619
B11001940,14,6.409836065573771,1.4185775510022256
B11001940,15,7.786885245901639,2.262413871910952
B11001940,16,12.737704918032787,3.4446520171831594
B11001940,17,19.065573770491802,4.360285945124062
B11001940,18,23.60655737704918,4.6316045037864315
B11001940,19,24.852459016393443,5.377049180327869
B11001940,20,25.78688524590164,5.331978238670069
B11001940,21,26.229508196721312,5.393965792554148
B11001940,22,26.016393442622952,5.052160074559533
B11001940,23,26.24590163934426,4.95109107930475
B11001940,24,25.852459016393443,4.90177641126411
B11001941,1,36.0,7.548748674937923
B11001941,2,33.68852459016394,6.205605566430777
B11001941,3,31.37704918032787,5.909603005795388
B11001941,4,27.081967213114755,7.442225742271261
B11001941,5,20.540983606557376,8.972770777522447
B11001941,6,15.934426229508198,7.292189516837583
B11001941,7,12.39344262295082,4.037848349788312
B11001941,8,11.19672131147541,2.546741229403926
B11001941,9,12.01639344262295,2.5122115087856427
B11001941,10,14.229508196721312,3.6232104350272274
B11001941,11,14.557377049180328,4.198065870678452
B11001941,12,14.639344262295081,4.753024186165094
B11001941,13,14.37704918032787,5.232821808503372
B11001941,14,16.098360655737704,8.279353974229098
B11001941,15,18.442622950819672,10.74522324702124
B11001941,16,30.34426229508197,6.355287577560623
B11001941,17,35.80327868852459,5.266098416179675
B11001941,18,36.60655737704918,6.257529729236742
B11001941,19,41.442622950819676,9.647091790035736
B11001941,20,43.9344262295082,10.534671643577722
B11001941,21,45.47540983606557,11.368069399911963
B11001941,22,45.721311475409834,10.90515165902161
B11001941,23,45.14754098360656,10.679896950405054
B11001941,24,42.32786885245902,9.880799913651728
B11001942,1,17.327868852459016,2.1249594902631292
B11001942,2,16.704918032786885,1.9020632653548943
B11001942,3,14.967213114754099,2.134549617445376
B11001942,4,10.180327868852459,4.170576862726768
B11001942,5,8.327868852459016,4.051801103154205
B11001942,6,5.229508196721311,1.395466225903634
B11001942,7,4.524590163934426,0.8609289183935005
B11001942,8,4.524590163934426,0.9852445377912603
B11001942,9,4.475409836065574,1.125072782739245
B11001942,10,4.622950819672131,1.1186047284742284
B11001942,11,6.0,2.2250437461162753
B11001942,12,6.80327868852459,1.9570777155309365
B11001942,13,7.819672131147541,2.446196088284437
B11001942,14,8.01639344262295,2.614535681303558
B11001942,15,7.852459016393443,2.4882416306007684
B11001942,16,8.524590163934427,2.287575546559004
B11001942,17,13.918032786885245,2.613301924719892
B11001942,18,17.59016393442623,2.4386038008901054
B11001942,19,17.852459016393443,2.2963696621775695
B11001942,20,18.737704918032787,2.475464118392998
B11001942,21,18.901639344262296,2.653206646545214
B11001942,22,18.57377049180328,2.557271960850511
B11001942,23,18.278688524590162,2.4436679467821745
B11001942,24,17.9672131147541,2.1422158982189687
B11001943,1,15.295081967213115,2.182976328094073
B11001943,2,13.852459016393443,2.1412120481646815
B11001943,3,10.573770491803279,3.180158859798594
B11001943,4,6.622950819672131,3.917861303607187
B11001943,5,5.459016393442623,3.3416093623999195
B11001943,6,4.426229508196721,2.1612004587117375
B11001943,7,4.065573770491803,1.5771820945318942
B11001943,8,6.475409836065574,1.6155652452137599
B11001943,9,5.983606557377049,1.5310106303095794
B11001943,10,5.459016393442623,1.4774121203989585
B11001943,11,4.540983606557377,0.9679075028934762
B11001943,12,2.80327868852459,0.6225192638048369
B11001943,13,2.918032786885246,0.8157282166967036
B11001943,14,3.2295081967213113,1.136480656553247
B11001943,15,7.081967213114754,5.587735639120333
B11001943,16,9.37704918032787,4.959388957688927
B11001943,17,15.081967213114755,2.3836539107299397
B11001943,18,15.21311475409836,1.7751910919844671
B11001943,19,15.836065573770492,1.775796545989788
B11001943,20,16.37704918032787,1.9599593039119798
B11001943,21,16.704918032786885,2.0909191820986917
B11001943,22,17.262295081967213,2.5536963845379197
B11001943,23,17.295081967213115,2.7540983606557377
B11001943,24,16.19672131147541,2.26751595241662
B11001944,1,12.491803278688524,1.635898016979195
B11001944,2,12.295081967213115,1.8047683861669357
B11001944,3,11.065573770491802,2.3530158705756463
B11001944,4,7.836065573770492,3.3396786331545827
B11001944,5,5.377049180327869,2.9037225086804286
B11001944,6,3.7704918032786887,1.3476566501353842
B11001944,7,3.4918032786885247,0.880069870916036
B11001944,8,3.557377049180328,0.7360637482178246
B11001944,9,3.3278688524590163,0.8041146536675884
B11001944,10,3.1639344262295084,0.7054896652901643
B11001944,11,2.8852459016393444,0.9425873122272165
B11001944,12,2.9344262295081966,0.9385872267737467
B11001944,13,2.9672131147540983,0.8091123068362664
B11001944,14,3.098360655737705,0.3927589688757685
B11001944,15,3.1475409836065573,1.3285770222527744
B11001944,16,4.262295081967213,2.5536963845379193
B11001944,17,11.819672131147541,2.1916996677203797
B11001944,18,13.163934426229508,2.1666649439418726
B11001944,19,13.524590163934427,2.2514589614259504
B11001944,20,13.967213114754099,1.999731236980578
B11001944,21,13.819672131147541,2.044650731497556
B11001944,22,13.737704918032787,1.8545614067178493
B11001944,23,13.245901639344263,1.8256437239282541
B11001944,24,13.0,2.1038606199548298
B11001945,1,21.737704918032787,3.435120630922909
B11001945,2,20.540983606557376,3.331783210292499
B11001945,3,19.983606557377048,3.154449385735982
B11001945,4,19.262295081967213,2.721508979599624
B11001945,5,18.524590163934427,2.571001956736439
B11001945,6,13.573770491803279,4.010065272325327
B11001945,7,8.360655737704919,3.7286343779065314
B11001945,8,6.901639344262295,2.302563916862877
B11001945,9,7.950819672131147,3.627880334517695
B11001945,10,7.114754098360656,2.8635548276587603
B11001945,11,7.245901639344262,2.7559517573219305
B11001945,12,7.409836065573771,3.1172552511776055
B11001945,13,7.081967213114754,3.7297874152368853
B11001945,14,6.786885245901639,3.349160668518727
B11001945,15,6.278688524590164,2.914807574792037
B11001945,16,15.01639344262295,3.107325048970094
B11001945,17,18.721311475409838,3.3246774651453586
B11001945,18,20.672131147540984,3.629213487820381
B11001945,19,21.737704918032787,3.88313562389757
B11001945,20,23.049180327868854,4.4992758233625745
B11001945,21,24.39344262295082,4.560265625440774
B11001945,22,24.737704918032787,4.423860932745388
B11001945,23,24.18032786885246,3.8772484612424485
B11001945,24,22.885245901639344,3.5162310329722795
B11001946,1,27.704918032786885,3.3404832392888757
B11001946,2,24.0327868852459,3.4922265578898637
B11001946,3,18.721311475409838,4.105698349339605
B11001946,4,8.491803278688524,3.134278753647005
B11001946,5,5.491803278688525,1.2626143943586692
B11001946,6,5.344262295081967,1.0062956887359218
B11001946,7,5.39344262295082,1.0126849319003606
B11001946,8,5.737704918032787,1.3658797602585704
B11001946,9,8.147540983606557,1.9904366896571866
B11001946,10,9.770491803278688,2.051736111103215
B11001946,11,9.852459016393443,2.0311998035060377
B11001946,12,8.639344262295081,2.463056789912878
B11001946,13,7.344262295081967,2.0715500326467295
B11001946,14,6.295081967213115,1.6727739041080782
B11001946,15,9.59016393442623,2.81900487720679
B11001946,16,15.80327868852459,4.2650684545892945
B11001946,17,19.40983606557377,2.910563289408099
B11001946,18,28.737704918032787,3.9417963756420744
B11001946,19,29.81967213114754,4.166644271193061
B11001946,20,31.0327868852459,4.261790638497553
B11001946,21,31.278688524590162,4.235413338611086
B11001946,22,30.950819672131146,3.787062659955956
B11001946,23,30.59016393442623,3.8298955564252015
B11001946,24,28.918032786885245,3.681121897622317
B11001947,1,20.721311475409838,2.880864781031839
B11001947,2,19.295081967213115,3.0479461630667797
B11001947,3,15.21311475409836,3.0251121323119587
B11001947,4,7.163934426229508,1.7003406396313792
B11001947,5,5.426229508196721,1.2989152648878888
B11001947,6,4.934426229508197,0.955893753253328
B11001947,7,4.754098360655738,1.081221799858436
B11001947,8,4.540983606557377,1.0012086219411456
B11001947,9,4.672131147540983,1.2638908372063202
B11001947,10,6.114754098360656,1.6801479311893714
B11001947,11,7.459016393442623,1.946613456891462
B11001947,12,7.278688524590164,1.4835839143277072
B11001947,13,6.049180327868853,1.8145697182979297
B11001947,14,4.983606557377049,1.6345832504280569
B11001947,15,5.278688524590164,1.7567774851959101
B11001947,16,13.78688524590164,3.1368500128671983
B11001947,17,16.147540983606557,2.7865959348384273
B11001947,18,20.60655737704918,2.606918214017602
B11001947,19,21.80327868852459,2.918677401631041
B11001947,20,23.049180327868854,3.0537600016716646
B11001947,21,23.459016393442624,3.0491803278688523
B11001947,22,23.131147540983605,2.983426404217003
B11001947,23,23.065573770491802,2.941332654689286
B11001947,24,22.57377049180328,2.8426437498057324
B11001948,1,25.262295081967213,4.14848042234334
B11001948,2,24.918032786885245,3.99710994761856
B11001948,3,24.42622950819672,4.010065272325327
B11001948,4,21.37704918032787,5.207699011807547
B11001948,5,15.885245901639344,7.4813393222261
B11001948,6,11.639344262295081,5.774542170157397
B11001948,7,7.655737704918033,2.296720726413143
B11001948,8,7.245901639344262,2.273552414282353
B11001948,9,7.60655737704918,1.7299548797734976
B11001948,10,8.754098360655737,1.7616659189520902
B11001948,11,9.163934426229508,1.9348429670584357
B11001948,12,8.688524590163935,2.036881122798215
B11001948,13,8.114754098360656,2.3124634558440813
B11001948,14,7.60655737704918,2.693517953907
B11001948,15,7.573770491803279,2.888411080555676
B11001948,16,14.754098360655737,4.155406266086003
B11001948,17,22.508196721311474,4.654005681059437
B11001948,18,25.60655737704918,4.943214221220016
B11001948,19,25.639344262295083,4.5665669814684176
B11001948,20,26.540983606557376,4.734158295856092
B11001948,21,26.950819672131146,4.940386357454696
B11001948,22,27.131147540983605,4.761441474244736
B11001948,23,26.885245901639344,4.342313203342872
B11001948,24,25.983606557377048,4.4297496627587325
B11001949,1,23.721311475409838,3.553484309666872
B11001949,2,23.278688524590162,3.553484309666872
B11001949,3,21.131147540983605,4.095080654687474
B11001949,4,13.78688524590164,7.281494068670068
B11001949,5,11.262295081967213,7.190388938941655
B11001949,6,7.295081967213115,2.3353608370406094
B11001949,7,5.983606557377049,1.234634123525425
B11001949,8,6.967213114754099,5.884035676287832
B11001949,9,5.672131147540983,1.3993126119916919
B11001949,10,6.688524590163935,0.8785417053753616
B11001949,11,7.114754098360656,1.229398902246077
B11001949,12,7.311475409836065,1.299949350924525
B11001949,13,6.590163934426229,1.497287702790877
B11001949,14,6.0,1.25450009637436
B11001949,15,5.590163934426229,1.1362441607320302
B11001949,16,7.245901639344262,2.337546266430299
B11001949,17,17.770491803278688,4.903640142116409
B11001949,18,24.327868852459016,4.755398352503925
B11001949,19,24.098360655737704,4.222131067976614
B11001949,20,24.37704918032787,4.4099884183567095
B11001949,21,24.442622950819672,4.459377998838227
B11001949,22,24.57377049180328,4.197809797366595
B11001949,23,24.524590163934427,4.010668385395154
B11001949,24,24.19672131147541,3.5933439019585283
B11001950,1,16.0327868852459,3.912850678213
B11001950,2,13.59016393442623,4.660180286318798
B11001950,3,8.131147540983607,3.375297970263918
B11001950,4,5.19672131147541,1.3406589049351392
B11001950,5,4.311475409836065,0.9502542128648813
B11001950,6,4.016393442622951,0.7353331636723215
B11001950,7,3.918032786885246,0.6846102628793805
B11001950,8,4.098360655737705,0.7175760205980095
B11001950,9,5.557377049180328,1.3613468519361769
B11001950,10,6.573770491803279,1.541332363743365
B11001950,11,6.016393442622951,1.9290004485351484
B11001950,12,5.344262295081967,2.3670223800367274
B11001950,13,7.180327868852459,3.4853708165082793
B11001950,14,11.459016393442623,3.31698940375897
B11001950,15,11.573770491803279,3.4186519076031674
B11001950,16,14.639344262295081,3.8582795235031213
B11001950,17,16.442622950819672,4.589812632926849
B11001950,18,16.81967213114754,4.123138215602411
B11001950,19,17.65573770491803,4.019971641289906
B11001950,20,18.16393442622951,4.376465854173806
B11001950,21,18.475409836065573,4.321530380783455
B11001950,22,18.34426229508197,4.314995757844691
B11001950,23,17.770491803278688,4.062598064886319
B11001950,24,17.081967213114755,3.918410023680411
B11001951,1,23.360655737704917,6.75819547863075
B11001951,2,18.327868852459016,7.114338584225314
B11001951,3,12.78688524590164,8.729288845085254
B11001951,4,8.754098360655737,5.425065498448505
B11001951,5,6.114754098360656,3.1157893016568488
B11001951,6,5.327868852459017,2.659479250612734
B11001951,7,4.295081967213115,1.7210772674387662
B11001951,8,4.114754098360656,1.526791993688531
B11001951,9,4.049180327868853,1.1224421487622092
B11001951,10,4.770491803278689,0.9124537737754588
B11001951,11,5.19672131147541,1.5237967263766887
B11001951,12,5.278688524590164,1.8119018858554885
B11001951,13,5.163934426229508,1.7757965459897878
B11001951,14,5.098360655737705,2.244884297524418
B11001951,15,6.065573770491803,3.5058211659804615
B11001951,16,18.901639344262296,4.918032786885246
B11001951,17,21.885245901639344,6.355837282568143
B11001951,18,24.57377049180328,7.039604628413102
B11001951,19,26.19672131147541,6.667316102023357
B11001951,20,26.40983606557377,6.836203167227938
B11001951,21,26.475409836065573,6.817543804080689
B11001951,22,25.62295081967213,6.503880139304057
B11001951,23,24.57377049180328,6.387639232433171
B11001951,24,24.049180327868854,5.832150095631427
B11001952,1,16.983606557377048,2.7310707878928353
B11001952,2,17.278688524590162,2.9316316026749925
B11001952,3,16.16393442622951,2.9374926738316876
B11001952,4,13.21311475409836,4.105632892240597
B11001952,5,9.80327868852459,4.6582191493793195
B11001952,6,7.229508196721311,3.5222638148043877
B11001952,7,5.409836065573771,1.8231395114043072
B11001952,8,4.868852459016393,1.4426229508196722
B11001952,9,4.573770491803279,1.0782349936003506
B11001952,10,4.885245901639344,0.9933939283634832
B11001952,11,5.098360655737705,0.6703294524675697
B11001952,12,5.163934426229508,0.6319454186031601
B11001952,13,4.737704918032787,0.7872267018716702
B11001952,14,4.39344262295082,0.6081061308521774
B11001952,15,6.885245901639344,2.986847456168063
B11001952,16,12.278688524590164,2.375635532162203
B11001952,17,16.78688524590164,2.8232916151557115
B11001952,18,17.19672131147541,2.7149837552341203
B11001952,19,17.0,2.476115413502288
B11001952,20,16.78688524590164,2.33374921109234
B11001952,21,16.885245901639344,2.305363387704517
B11001952,22,17.065573770491802,2.1491046741132966
B11001952,23,17.16393442622951,2.3059461830187558
B11001952,24,17.114754098360656,2.4232369670646694
B11001953,1,16.262295081967213,1.7168560605358751
B11001953,2,15.37704918032787,1.6710057286323943
B11001953,3,13.278688524590164,2.416684814605951
B11001953,4,9.131147540983607,4.150747157059584
B11001953,5,7.770491803278689,3.6860100718707773
B11001953,6,6.19672131147541,1.534517301486762
B11001953,7,5.868852459016393,1.0318757365151618
B11001953,8,5.426229508196721,1.0782349936003506
B11001953,9,5.213114754098361,1.0575994174615941
B11001953,10,5.39344262295082,0.9963653376408356
B11001953,11,6.049180327868853,1.0928415286884563
B11001953,12,6.39344262295082,0.9797739539333726
B11001953,13,6.573770491803279,1.2604841171633498
B11001953,14,7.377049180327869,1.7756452018427544
B11001953,15,8.737704918032787,1.9409448378937266
B11001953,16,11.180327868852459,1.7971580180057467
B11001953,17,14.278688524590164,2.4835930313974592
B11001953,18,17.131147540983605,2.153726544251146
B11001953,19,18.147540983606557,2.2090430060138497
B11001953,20,18.311475409836067,2.329715268654494
B11001953,21,18.131147540983605,2.1613248049883405
B11001953,22,17.639344262295083,1.958862055790203
B11001953,23,16.868852459016395,1.634418830244527
B11001953,24,16.62295081967213,1.6611662348712657
B11001954,1,22.21311475409836,2.970426663057344
B11001954,2,21.278688524590162,2.7765478479873886
B11001954,3,18.688524590163933,2.778966570546504
B11001954,4,10.639344262295081,4.0812758648199905
B11001954,5,8.262295081967213,3.679369330065275
B11001954,6,5.967213114754099,1.7645620188920899
B11001954,7,5.262295081967213,1.2133362668828414
B11001954,8,5.213114754098361,1.1610446694836571
B11001954,9,5.360655737704918,1.2417965156987296
B11001954,10,5.147540983606557,1.02166796399232
B11001954,11,4.754098360655738,0.6931926069464254
B11001954,12,4.704918032786885,0.5823711366666103
B11001954,13,5.049180327868853,0.6634788965523954
B11001954,14,5.836065573770492,1.1477751517517574
B11001954,15,6.590163934426229,2.1453499021450324
B11001954,16,8.836065573770492,3.183874986573171
B11001954,17,13.934426229508198,2.827666897041356
B11001954,18,21.59016393442623,3.1014383187896306
B11001954,19,22.34426229508197,3.0669322842409352
B11001954,20,23.688524590163933,3.952757840353655
B11001954,21,24.049180327868854,4.0546521732659615
B11001954,22,23.75409836065574,3.860925471764756
B11001954,23,23.524590163934427,3.678054356372108
B11001954,24,23.065573770491802,3.4397333696660244
B11001955,1,12.262295081967213,4.700546321036027
B11001955,2,11.868852459016393,4.560972753003628
B11001955,3,10.885245901639344,4.258447191232503
B11001955,4,9.229508196721312,4.343427077150366
B11001955,5,7.147540983606557,3.9456806247569807
B11001955,6,5.344262295081967,3.1564934160076503
B11001955,7,4.213114754098361,1.537666468113084
B11001955,8,3.5901639344262297,0.8940064396351464
B11001955,9,3.3934426229508197,0.7526714939835407
B11001955,10,3.4098360655737703,0.8371898580199151
B11001955,11,3.4754098360655736,0.7597790312299322
B11001955,12,4.672131147540983,1.636883398867753
B11001955,13,5.0,0.9917694073609294
B11001955,14,5.180327868852459,1.741567004225486
B11001955,15,7.786885245901639,2.8636486762397824
B11001955,16,12.360655737704919,3.8794658534021127
B11001955,17,12.967213114754099,4.296270640171368
B11001955,18,13.475409836065573,4.488990384050736
B11001955,19,13.836065573770492,4.447066920164503
B11001955,20,14.229508196721312,4.663754354183153
B11001955,21,14.262295081967213,4.827861894286506
B11001955,22,14.114754098360656,4.8859059956725295
B11001955,23,13.62295081967213,4.777556596249612
B11001955,24,13.032786885245901,4.861920328681966
B11001956,1,18.491803278688526,1.5641784186067624
B11001956,2,16.901639344262296,2.0139262528440933
B11001956,3,11.049180327868852,3.1489068074866804
B11001956,4,7.491803278688525,3.0762066848406175
B11001956,5,6.163934426229508,2.6623071953209045
B11001956,6,5.39344262295082,2.4379424845929574
B11001956,7,4.885245901639344,1.9426056580817097
B11001956,8,4.852459016393443,1.772615605365675
B11001956,9,5.065573770491803,1.4126924932990506
B11001956,10,6.770491803278689,0.7331370418032097
B11001956,11,6.934426229508197,0.5688311991113925
B11001956,12,6.655737704918033,1.545859047098529
B11001956,13,6.39344262295082,1.7859073877241078
B11001956,14,6.377049180327869,1.7756452018427544
B11001956,15,4.573770491803279,1.9955607814777
B11001956,16,7.229508196721311,2.9609117039832973
B11001956,17,17.60655737704918,2.938041549799325
B11001956,18,19.57377049180328,1.5936247619035724
B11001956,19,20.688524590163933,1.5422039116579327
B11001956,20,21.311475409836067,1.3124996000818423
B11001956,21,21.34426229508197,1.4697523589962567
B11001956,22,20.918032786885245,1.3094246260797282
B11001956,23,20.39344262295082,1.309219371023043
B11001956,24,19.557377049180328,1.5942991693657977
B11001963,1,22.59016393442623,4.154306669897124
B11001963,2,22.721311475409838,4.016895251355221
B11001963,3,21.885245901639344,4.327185738438116
B11001963,4,17.557377049180328,6.058524925067981
B11001963,5,13.655737704918034,6.755411300049808
B11001963,6,10.163934426229508,4.045561534181333
B11001963,7,8.065573770491802,2.9635426986168305
B11001963,8,7.39344262295082,2.6069182140176026
B11001963,9,7.311475409836065,2.7193356445565855
B11001963,10,8.081967213114755,2.1139279107953928
B11001963,11,8.032786885245901,1.9666665907500094
B11001963,12,8.147540983606557,2.1258446003209612
B11001963,13,7.901639344262295,2.1248330158714297
B11001963,14,6.475409836065574,1.049692497939811
B11001963,15,5.918032786885246,1.1635880343485483
B11001963,16,7.016393442622951,2.012190742178241
B11001963,17,18.229508196721312,3.8470488694623017
B11001963,18,21.868852459016395,4.503096966500618
B11001963,19,22.737704918032787,4.191723458467996
B11001963,20,22.770491803278688,4.384747941698348
B11001963,21,22.934426229508198,4.322525265488616
B11001963,22,23.295081967213115,4.185628269408885
B11001963,23,23.16393442622951,4.137712712055219
B11001963,24,22.770491803278688,4.201457368631106
B11001964,1,16.508196721311474,6.072304639379671
B11001964,2,15.573770491803279,6.3231529186452455
B11001964,3,14.819672131147541,6.093555307531446
B11001964,4,12.311475409836065,5.475851557719786
B11001964,5,9.885245901639344,5.423380957032814
B11001964,6,8.639344262295081,3.8921222955414296
B11001964,7,6.918032786885246,2.2272167588109375
B11001964,8,6.278688524590164,1.5799060725451486
B11001964,9,6.180327868852459,1.7034987787560423
B11001964,10,6.80327868852459,1.8975365577259578
B11001964,11,7.508196721311475,1.9554291870489766
B11001964,12,8.62295081967213,2.8867358299088703
B11001964,13,12.295081967213115,11.293904147588679
B11001964,14,9.426229508196721,5.555853555864413
B11001964,15,9.885245901639344,5.540013495443518
B11001964,16,12.131147540983607,4.99335758729786
B11001964,17,16.016393442622952,3.102044821518719
B11001964,18,18.016393442622952,3.2768027363684493
B11001964,19,18.065573770491802,3.2283013472754076
B11001964,20,18.672131147540984,3.282948052776125
B11001964,21,19.21311475409836,3.4025773938674377
B11001964,22,19.24590163934426,3.6108022708956953
B11001964,23,18.459016393442624,4.23712619316211
B11001964,24,17.459016393442624,5.565036551488534
B11001965,1,19.508196721311474,3.660255974295555
B11001965,2,19.131147540983605,3.6506249626024196
B11001965,3,14.704918032786885,3.0586842895999107
B11001965,4,5.262295081967213,1.546032885619978
B11001965,5,3.4098360655737703,0.6370281714008345
B11001965,6,3.1311475409836067,0.4607694859854164
B11001965,7,3.0491803278688523,0.33516472623378485
B11001965,8,3.0491803278688523,0.28204345137844683
B11001965,9,3.1311475409836067,0.3830597195261615
B11001965,10,3.6065573770491803,0.9628967315139942
B11001965,11,5.245901639344262,1.478321353127278
B11001965,12,5.0,1.4598450400585696
B11001965,13,5.131147540983607,1.7223260085915797
B11001965,14,3.737704918032787,1.1997491451496387
B11001965,15,3.918032786885246,1.9942136127685144
B11001965,16,8.065573770491802,2.9245644342027783
B11001965,17,16.311475409836067,2.825765432972491
B11001965,18,20.737704918032787,4.276898061408611
B11001965,19,20.721311475409838,4.200433808747805
B11001965,20,21.098360655737704,4.218246539728023
B11001965,21,21.229508196721312,4.32451434825848
B11001965,22,20.983606557377048,4.058958128769566
B11001965,23,20.57377049180328,4.0345191534785165
B11001965,24,20.295081967213115,3.8850037968421725
B11001966,1,16.229508196721312,7.0673422152629435
B11001966,2,15.901639344262295,6.725788193271262
B11001966,3,15.508196721311476,6.637259336675367
B11001966,4,14.475409836065573,6.870241261845818
B11001966,5,12.885245901639344,6.970895844434819
B11001966,6,8.836065573770492,5.912421843988625
B11001966,7,5.295081967213115,3.479891944313939
B11001966,8,4.426229508196721,2.3916454065359845
B11001966,9,4.704918032786885,1.9946178589187058
B11001966,10,5.655737704918033,2.553591144737148
B11001966,11,5.245901639344262,2.5327736219080808
B11001966,12,5.540983606557377,3.022179055852398
B11001966,13,5.295081967213115,2.5177680871800643
B11001966,14,7.80327868852459,2.72703328943322
B11001966,15,10.901639344262295,4.139790594342835
B11001966,16,12.901639344262295,5.673362890991397
B11001966,17,13.131147540983607,5.579457079869018
B11001966,18,13.344262295081966,5.627465567916568
B11001966,19,14.852459016393443,6.386040271301224
B11001966,20,16.131147540983605,6.722790720868255
B11001966,21,17.081967213114755,6.940721089687055
B11001966,22,17.229508196721312,7.28662246663324
B11001966,23,17.491803278688526,7.164628394192856
B11001966,24,16.934426229508198,7.181188660133277
B11001967,1,24.081967213114755,3.3500432195265053
B11001967,2,23.65573770491803,3.1146678158886276
B11001967,3,23.21311475409836,2.9593683093035557
B11001967,4,23.098360655737704,3.2426710202142424
B11001967,5,20.983606557377048,3.1231121682857803
B11001967,6,13.80327868852459,3.4251704379329917
B11001967,7,7.80327868852459,3.2934095747797203
B11001967,8,5.639344262295082,2.2762695026504627
B11001967,9,6.39344262295082,2.2923871767263377
B11001967,10,8.278688524590164,2.920426353002407
B11001967,11,9.426229508196721,2.871333821508586
B11001967,12,8.180327868852459,2.4728572225912457
B11001967,13,8.39344262295082,3.189525318116255
B11001967,14,7.081967213114754,2.9879269745899744
B11001967,15,7.081967213114754,2.8817974921583693
B11001967,16,15.836065573770492,3.219715535081884
B11001967,17,22.0,3.2289672510257397
B11001967,18,23.24590163934426,3.356694987070887
B11001967,19,24.278688524590162,3.5993221016613197
B11001967,20,25.65573770491803,3.114667815888628
B11001967,21,25.950819672131146,3.6504041074666964
B11001967,22,25.0,3.402024469606778
B11001967,23,24.885245901639344,3.4121209242679935
B11001967,24,24.40983606557377,3.179736297862635
B11001968,1,10.950819672131148,2.1685246893078247
B11001968,2,10.80327868852459,2.133416194753763
B11001968,3,9.311475409836065,2.161822118571772
B11001968,4,6.491803278688525,2.802943130141766
B11001968,5,5.163934426229508,2.9763016321495623
B11001968,6,3.557377049180328,1.55262432689201
B11001968,7,3.278688524590164,1.1891744972670253
B11001968,8,4.80327868852459,1.677426523578555
B11001968,9,4.557377049180328,1.6248539925723107
B11001968,10,4.573770491803279,1.6933720011300628
B11001968,11,3.098360655737705,0.9701262049517043
B11001968,12,2.1475409836065573,0.5960543922196013
B11001968,13,2.5901639344262297,1.092103537701408
B11001968,14,2.4754098360655736,0.9852445377912604
B11001968,15,2.737704918032787,1.1147540983606556
B11001968,16,3.737704918032787,1.3044895910870664
B11001968,17,8.80327868852459,3.023512625153706
B11001968,18,10.852459016393443,3.06666939306361
B11001968,19,11.770491803278688,2.9994176627316484
B11001968,20,11.836065573770492,2.9818045359785152
B11001968,21,12.049180327868852,2.972145162861532
B11001968,22,11.885245901639344,3.073409814904621
B11001968,23,11.704918032786885,2.6447861625735247
B11001968,24,11.245901639344263,2.866743955842232
B11001969,1,29.9672131147541,3.8066689242491787
B11001969,2,29.229508196721312,3.703757253238449
B11001969,3,27.540983606557376,3.9028101287880506
B11001969,4,19.016393442622952,7.543299715595375
B11001969,5,14.01639344262295,9.385185052419251
B11001969,6,9.524590163934427,5.120215663289172
B11001969,7,6.344262295081967,2.310952155633587
B11001969,8,5.885245901639344,2.096823207255014
B11001969,9,5.786885245901639,1.590079429899297
B11001969,10,5.918032786885246,1.4176300005985873
B11001969,11,8.049180327868852,2.6638209307474887
B11001969,12,7.704918032786885,2.562940564574932
B11001969,13,6.213114754098361,1.9172620000916492
B11001969,14,6.049180327868853,2.899554683209903
B11001969,15,7.016393442622951,3.877179147303471
B11001969,16,13.0,4.780424564449631
B11001969,17,20.16393442622951,4.025249520292887
B11001969,18,30.327868852459016,4.260844646024356
B11001969,19,31.229508196721312,4.15831555833846
B11001969,20,32.24590163934426,4.256742915965242
B11001969,21,32.59016393442623,4.271050276562989
B11001969,22,32.18032786885246,4.283051603710022
B11001969,23,31.42622950819672,4.2095092054305665
B11001969,24,30.59016393442623,4.030120403279383
B11001970,1,21.295081967213115,2.0830641230702334
B11001970,2,20.672131147540984,1.9224413395762687
B11001970,3,20.24590163934426,2.14747841230332
B11001970,4,16.37704918032787,4.109820044826779
B11001970,5,11.901639344262295,5.866562425270831
B11001970,6,8.967213114754099,4.704261106820016
B11001970,7,6.459016393442623,1.9633842520104745
B11001970,8,5.819672131147541,1.2868591414288764
B11001970,9,5.704918032786885,1.1782769066273053
B11001970,10,8.098360655737705,2.5843470687132526
B11001970,11,8.262295081967213,2.488673616998225
B11001970,12,7.80327868852459,2.3175713130743496
B11001970,13,7.229508196721311,2.6758999872446827
B11001970,14,7.163934426229508,2.782735579816288
B11001970,15,12.78688524590164,2.555064107491018
B11001970,16,15.475409836065573,2.5773703549914004
B11001970,17,19.557377049180328,2.639700617425619
B11001970,18,20.442622950819672,2.2798086644186846
B11001970,19,20.442622950819672,2.4193522379505925
B11001970,20,20.885245901639344,2.1124017925042113
B11001970,21,21.688524590163933,2.6022750677212905
B11001970,22,21.721311475409838,2.4166848146059516
B11001970,23,21.62295081967213,2.1740943803410366
B11001970,24,21.21311475409836,2.2478751649776507
B11001971,1,22.672131147540984,3.481667734334872
B11001971,2,21.983606557377048,3.752558922675795
B11001971,3,20.78688524590164,3.4073919361446565
B11001971,4,17.901639344262296,4.18704057634509
B11001971,5,13.62295081967213,5.4836984481016495
B11001971,6,10.147540983606557,4.626495559962543
B11001971,7,7.590163934426229,2.6941165356293952
B11001971,8,6.852459016393443,1.7726156053656748
B11001971,9,6.868852459016393,1.7031832283636428
B11001971,10,7.360655737704918,1.837967399104782
B11001971,11,7.278688524590164,1.610733948795623
B11001971,12,7.0,1.6195526603578319
B11001971,13,6.147540983606557,1.2124499729246294
B11001971,14,6.0,1.8465741429939309
B11001971,15,6.786885245901639,3.219381643601666
B11001971,16,11.80327868852459,4.371366114753825
B11001971,17,19.57377049180328,4.1860776914827165
B11001971,18,22.475409836065573,4.2565535099249105
B11001971,19,23.639344262295083,4.188324078483123
B11001971,20,24.16393442622951,4.308513599644665
B11001971,21,24.475409836065573,3.9654514446533384
B11001971,22,24.21311475409836,4.041241304588661
B11001971,23,23.75409836065574,3.7750507007991123
B11001971,24,23.114754098360656,3.6579057013351575
B11001972,1,17.360655737704917,2.469703552166096
B11001972,2,16.737704918032787,2.455516635193807
B11001972,3,14.131147540983607,3.2364492273450662
B11001972,4,10.491803278688524,4.884310615717321
B11001972,5,8.049180327868852,4.034385928482905
B11001972,6,5.622950819672131,1.6008597528831086
B11001972,7,4.688524590163935,0.9841528537576154
B11001972,8,4.672131147540983,1.0036214993451784
B11001972,9,4.672131147540983,1.1120990561407624
B11001972,10,4.737704918032787,1.1147540983606559
B11001972,11,5.39344262295082,1.7299548797734976
B11001972,12,5.573770491803279,1.741104006210066
B11001972,13,5.704918032786885,1.7587650501070624
B11001972,14,5.508196721311475,1.3745097584429236
B11001972,15,5.704918032786885,1.4524627169401105
B11001972,16,11.98360655737705,2.589333753656692
B11001972,17,17.278688524590162,2.788331350943643
B11001972,18,17.540983606557376,2.7791599774138813
B11001972,19,18.147540983606557,2.7924727016219784
B11001972,20,18.737704918032787,2.96372406042959
B11001972,21,18.852459016393443,3.1614276997551847
B11001972,22,19.081967213114755,3.1115600534359182
B11001972,23,18.81967213114754,2.9945754055817546
B11001972,24,17.737704918032787,2.7154786393554056
B11001973,1,19.37704918032787,2.4904008132620037
B11001973,2,19.065573770491802,2.24608112242019
B11001973,3,17.78688524590164,2.2768597449792347
B11001973,4,12.885245901639344,4.548818476230538
B11001973,5,9.344262295081966,5.440845058223468
B11001973,6,6.836065573770492,3.2902256032512796
B11001973,7,5.19672131147541,1.9570777155309362
B11001973,8,6.19672131147541,1.566238808196221
B11001973,9,6.459016393442623,2.069083668979931
B11001973,10,6.180327868852459,2.02045439396087
B11001973,11,6.049180327868853,1.5087311953893165
B11001973,12,5.295081967213115,1.4637058547901451
B11001973,13,5.131147540983607,1.4763203019566464
B11001973,14,5.213114754098361,1.3803629137718612
B11001973,15,5.983606557377049,1.5732581133127972
B11001973,16,14.78688524590164,3.259863992427687
B11001973,17,16.065573770491802,2.3390403837234324
B11001973,18,18.80327868852459,2.2457221419236504
B11001973,19,19.34426229508197,2.3877092794836723
B11001973,20,20.016393442622952,2.452778974482193
B11001973,21,20.098360655737704,2.288280319529736
B11001973,22,19.885245901639344,2.3265985913144007
B11001973,23,20.114754098360656,2.2982413850861154
B11001973,24,19.672131147540984,2.480886353212178
B11001974,1,11.688524590163935,1.903758005755272
B11001974,2,11.262295081967213,1.8545614067178493
B11001974,3,10.491803278688524,1.6458885767883453
B11001974,4,7.819672131147541,2.3224365153673956
B11001974,5,5.409836065573771,3.05886001041065
B11001974,6,3.0163934426229506,1.2738453888565517
B11001974,7,2.2950819672131146,0.4907091654785498
B11001974,8,2.8360655737704916,0.8333288542386121
B11001974,9,3.377049180327869,0.7926699936876448
B11001974,10,3.5737704918032787,0.6129481670767186
B11001974,11,3.6065573770491803,0.6344918846020862
B11001974,12,3.2295081967213113,0.6626682928330406
B11001974,13,2.459016393442623,0.616009646821506
B11001974,14,2.5081967213114753,1.049948489285634
B11001974,15,5.508196721311475,3.6870306628561837
B11001974,16,11.180327868852459,2.265262961765066
B11001974,17,11.37704918032787,2.362021462862672
B11001974,18,11.573770491803279,2.3008125178744905
B11001974,19,12.049180327868852,2.191086484800475
B11001974,20,12.737704918032787,2.216936590737963
B11001974,21,13.278688524590164,2.233362146351004
B11001974,22,13.049180327868852,2.1457256750106457
B11001974,23,12.901639344262295,2.022049909656177
B11001974,24,12.459016393442623,1.9040403158340475
B11001975,1,20.737704918032787,3.27384888714758
B11001975,2,19.950819672131146,2.700493151734295
B11001975,3,19.540983606557376,3.1024779651629144
B11001975,4,14.01639344262295,5.661175812753727
B11001975,5,10.475409836065573,6.320942442122422
B11001975,6,6.934426229508197,2.7152806965305363
B11001975,7,5.262295081967213,1.1721024873258674
B11001975,8,4.918032786885246,1.0757396535424864
B11001975,9,4.934426229508197,1.006028589676476
B11001975,10,5.0,0.9917694073609294
B11001975,11,5.754098360655738,1.0347366451186557
B11001975,12,6.426229508196721,1.928721791914188
B11001975,13,6.180327868852459,1.7602924190880154
B11001975,14,6.524590163934426,1.4554201396346251
B11001975,15,6.524590163934426,1.584831349325502
B11001975,16,6.852459016393443,1.423872180367768
B11001975,17,16.147540983606557,3.2835210288166268
B11001975,18,19.475409836065573,2.6894240798384192
B11001975,19,19.639344262295083,3.1624476248380984
B11001975,20,20.9672131147541,3.4686758143997505
B11001975,21,22.16393442622951,3.707238501523134
B11001975,22,22.934426229508198,3.810549861182493
B11001975,23,23.360655737704917,3.8327013410919544
B11001975,24,22.327868852459016,3.4103089205554378
B11001976,1,17.475409836065573,5.052532419334669
B11001976,2,10.688524590163935,5.585522807784475
B11001976,3,7.540983606557377,5.469959002728863
B11001976,4,6.868852459016393,5.035856382267252
B11001976,5,6.442622950819672,4.543143239782143
B11001976,6,5.278688524590164,1.9596850494778502
B11001976,7,4.983606557377049,1.6144003939816625
B11001976,8,4.934426229508197,1.4126924932990506
B11001976,9,4.770491803278689,1.37176973911292
B11001976,10,4.754098360655738,1.3386528303340066
B11001976,11,4.688524590163935,1.397198410010657
B11001976,12,4.786885245901639,1.3564025962909902
B11001976,13,4.80327868852459,1.435152041196019
B11001976,14,4.950819672131147,1.4533875579869837
B11001976,15,6.278688524590164,2.284166078347823
B11001976,16,11.737704918032787,3.6749111256980207
B11001976,17,18.885245901639344,2.9537326241456285
B11001976,18,21.442622950819672,3.112768996415737
B11001976,19,21.78688524590164,3.7509113825770735
B11001976,20,22.311475409836067,4.139141368181179
B11001976,21,22.59016393442623,4.259519903603113
B11001976,22,22.81967213114754,4.561090596939028
B11001976,23,22.770491803278688,4.373517332364214
B11001976,24,21.62295081967213,4.045495104054083
B11001977,1,11.540983606557377,2.2070956399000203
B11001977,2,11.39344262295082,2.1215420352572827
B11001977,3,10.508196721311476,2.124200530959108
B11001977,4,8.229508196721312,2.7484328925201926
B11001977,5,6.229508196721311,3.0535839873770625
B11001977,6,4.147540983606557,2.125844600320961
B11001977,7,3.377049180327869,1.3202574814230088
B11001977,8,3.0655737704918034,1.1716438285380746
B11001977,9,2.901639344262295,0.8627998273403781
B11001977,10,2.8852459016393444,0.5754075008125982
B11001977,11,3.081967213114754,0.6602305103476154
B11001977,12,3.2950819672131146,0.8167159807922064
B11001977,13,3.5901639344262297,0.8940064396351463
B11001977,14,3.19672131147541,0.9020863273572199
B11001977,15,2.918032786885246,0.8549773646167409
B11001977,16,6.409836065573771,1.9948873108427876
B11001977,17,8.819672131147541,2.4860805726712663
B11001977,18,11.344262295081966,2.4753555525477866
B11001977,19,11.934426229508198,2.4419076959167785
B11001977,20,12.360655737704919,2.463056789912878
B11001977,21,12.295081967213115,2.234925915045148
B11001977,22,12.163934426229508,2.375974884429081
B11001977,23,12.098360655737705,2.26668616376626
B11001977,24,11.918032786885245,2.263720149876704
B11001978,1,26.721311475409838,3.64458343901833
B11001978,2,25.672131147540984,4.035584795111859
B11001978,3,23.65573770491803,4.486355437493686
B11001978,4,18.918032786885245,5.923819885151127
B11001978,5,13.934426229508198,6.054043094126563
B11001978,6,9.901639344262295,3.713974134256651
B11001978,7,8.114754098360656,2.181128904991202
B11001978,8,8.065573770491802,2.03951820458975
B11001978,9,8.131147540983607,2.206364934486881
B11001978,10,8.19672131147541,2.1257181785908785
B11001978,11,8.21311475409836,1.7093259538015835
B11001978,12,8.721311475409836,2.8000652658727443
B11001978,13,8.475409836065573,3.864960532010853
B11001978,14,8.540983606557377,3.6823627949768363
B11001978,15,9.442622950819672,3.8857646468386116
B11001978,16,10.770491803278688,3.829965726093063
B11001978,17,16.688524590163933,3.2011318879654778
B11001978,18,26.508196721311474,3.7136123142187474
B11001978,19,27.80327868852459,3.337907816951189
B11001978,20,28.049180327868854,3.3113130945449436
B11001978,21,28.19672131147541,3.482130834968856
B11001978,22,28.016393442622952,3.190620491987637
B11001978,23,27.672131147540984,3.242753896807363
B11001978,24,27.327868852459016,3.3127736458596084
B11001979,1,19.81967213114754,5.529379643030881
B11001979,2,18.852459016393443,4.112500199108154
B11001979,3,16.40983606557377,3.1277554366488056
B11001979,4,11.37704918032787,5.04135011329251
B11001979,5,8.163934426229508,4.200625745223892
B11001979,6,5.639344262295082,2.254560310339664
B11001979,7,5.491803278688525,1.574624085450573
B11001979,8,6.245901639344262,0.9692947868258678
B11001979,9,6.262295081967213,1.279108800205322
B11001979,10,6.39344262295082,1.4517224198905216
B11001979,11,6.278688524590164,1.4041057774009085
B11001979,12,5.557377049180328,1.180783154450433
B11001979,13,4.885245901639344,0.8888814237197351
B11001979,14,4.819672131147541,1.3731404322211096
B11001979,15,5.032786885245901,1.2276488673343644
B11001979,16,5.983606557377049,2.06843413712623
B11001979,17,17.57377049180328,3.889704849494168
B11001979,18,20.42622950819672,5.475606161200044
B11001979,19,20.262295081967213,5.607084626727805
B11001979,20,20.934426229508198,7.526714939835408
B11001979,21,21.262295081967213,8.24601570823556
B11001979,22,21.42622950819672,7.413897044736253
B11001979,23,20.721311475409838,6.4021798222756585
B11001979,24,19.9672131147541,3.9379082952079205
B11001980,1,21.60655737704918,3.39371979544372
B11001980,2,20.75409836065574,3.3124491345549303
B11001980,3,19.524590163934427,3.6286950975141083
B11001980,4,13.0,5.462239977680447
B11001980,5,9.114754098360656,4.1135456392773415
B11001980,6,5.786885245901639,1.2428781259688435
B11001980,7,4.983606557377049,0.7786453827565848
B11001980,8,4.918032786885246,0.7081511825067272
B11001980,9,4.754098360655738,0.7164515863413822
B11001980,10,4.672131147540983,0.592889879345086
B11001980,11,5.344262295081967,0.8275035714179647
B11001980,12,5.245901639344262,0.7164515863413823
B11001980,13,5.377049180327869,0.7501679467965606
B11001980,14,5.311475409836065,0.7138210182648276
B11001980,15,5.672131147540983,1.3022214497203606
B11001980,16,9.557377049180328,3.9568350913073354
B11001980,17,21.016393442622952,3.9108583740979532
B11001980,18,21.131147540983605,3.461618165322968
B11001980,19,21.737704918032787,3.780457251137848
B11001980,20,23.278688524590162,4.353747763882017
B11001980,21,23.934426229508198,4.453287061754945
B11001980,22,23.81967213114754,4.127112262854856
B11001980,23,23.39344262295082,3.685499670394554
B11001980,24,22.295081967213115,3.4751778456440388
B11001981,1,23.262295081967213,3.7456056847609465
B11001981,2,22.62295081967213,3.562849911150422
B11001981,3,21.311475409836067,3.7615003267860705
B11001981,4,17.557377049180328,4.298396918730129
B11001981,5,15.704918032786885,4.631836594611582
B11001981,6,11.311475409836065,2.479694478844464
B11001981,7,9.295081967213115,1.9863820171033417
B11001981,8,8.426229508196721,1.769125155600487
B11001981,9,8.80327868852459,1.7255996546807562
B11001981,10,9.754098360655737,2.4471846500901107
B11001981,11,9.0,2.5607375986579197
B11001981,12,7.852459016393443,2.2090430060138493
B11001981,13,7.786885245901639,2.2405704345271986
B11001981,14,7.557377049180328,1.6647216098080138
B11001981,15,11.836065573770492,4.1416727747070095
B11001981,16,17.114754098360656,4.791037947215982
B11001981,17,20.278688524590162,4.72222213439707
B11001981,18,21.131147540983605,4.557377049180328
B11001981,19,21.83606557377049,3.7468252260265094
B11001981,20,23.098360655737704,3.5422735962349345
B11001981,21,23.62295081967213,3.3346857419525
B11001981,22,23.852459016393443,3.4727797038210126
B11001981,23,23.39344262295082,3.408180556502878
B11001981,24,23.459016393442624,3.356294651340448
B11001982,1,23.19672131147541,4.011539388638107
B11001982,2,22.934426229508198,4.036184094889206
B11001982,3,21.59016393442623,4.220857846070164
B11001982,4,18.9672131147541,4.855172037318467
B11001982,5,13.672131147540984,6.282218756728429
B11001982,6,10.229508196721312,5.857301573706331
B11001982,7,9.40983606557377,3.4326162138354697
B11001982,8,7.60655737704918,2.082548002120024
B11001982,9,7.016393442622951,1.769428946305156
B11001982,10,5.590163934426229,1.2062276812555512
B11001982,11,4.655737704918033,0.7216839574772177
B11001982,12,4.622950819672131,0.6814626128139845
B11001982,13,4.508196721311475,0.7382511638818164
B11001982,14,4.80327868852459,1.2780578520365884
B11001982,15,5.573770491803279,3.1490774938194344
B11001982,16,10.573770491803279,3.9854613505633427
B11001982,17,16.21311475409836,3.7813812815778793
B11001982,18,21.688524590163933,3.605737611752297
B11001982,19,22.18032786885246,4.107203574693787
B11001982,20,23.114754098360656,4.125484017925088
B11001982,21,23.081967213114755,4.316552517723986
B11001982,22,23.081967213114755,4.001209169563265
B11001982,23,23.327868852459016,3.642739517988498
B11001982,24,23.65573770491803,4.16025395623652
B11001984,1,31.838709677419356,3.785343332053151
B11001984,2,30.161290322580644,3.725212911806981
B11001984,3,28.774193548387096,4.433812001626233
B11001984,4,28.806451612903224,4.238223569120939
B11001984,5,28.096774193548388,4.214834315112536
B11001984,6,27.483870967741936,4.18808577215935
B11001984,7,27.93548387096774,4.435454545357602
B11001984,8,28.096774193548388,4.357824543905257
B11001984,9,27.64516129032258,4.12348417581285
B11001984,10,27.93548387096774,4.095122857434413
B11001984,11,29.06451612903226,4.812185365473294
B11001984,12,29.677419354838708,4.298440052932883
B11001984,13,30.903225806451612,4.114136437507974
B11001984,14,31.096774193548388,4.713431998774986
B11001984,15,31.258064516129032,4.996564897009867
B11001984,16,31.35483870967742,4.849665017342645
B11001984,17,30.903225806451612,5.0759066484570186
B11001984,18,31.0,5.321896339197269
B11001984,19,31.580645161290324,5.021079395254005
B11001984,20,32.774193548387096,4.955997848286099
B11001984,21,33.54838709677419,4.858240154473962
B11001984,22,33.25806451612903,4.362359097903734
B11001984,23,33.58064516129032,4.647400893794065
B11001984,24,32.87096774193548,4.330998063352819
B11001985,1,13.129032258064516,1.9632418135100564
B11001985,2,12.419354838709678,1.6996051448154184
B11001985,3,11.67741935483871,1.329251469550743
B11001985,4,11.096774193548388,1.0581431914101112
B11001985,5,11.064516129032258,1.3663108764224112
B11001985,6,10.935483870967742,1.2683615000862904
B11001985,7,11.096774193548388,1.5102838594476935
B11001985,8,10.870967741935484,1.9301000389227858
B11001985,9,10.774193548387096,2.0745722826856166
B11001985,10,10.419354838709678,1.8969277971598912
B11001985,11,11.516129032258064,2.1382985057002
B11001985,12,13.516129032258064,4.188085772159351
B11001985,13,14.709677419354838,1.669335359088466
B11001985,14,15.516129032258064,2.2269749153668656
B11001985,15,15.32258064516129,2.006233781350479
B11001985,16,14.483870967741936,2.045781934930055
B11001985,17,13.387096774193548,1.9456721096774479
B11001985,18,13.35483870967742,2.056435800065707
B11001985,19,14.612903225806452,1.9785530613155682
B11001985,20,15.96774193548387,2.292820083086047
B11001985,21,16.129032258064516,2.210560219227331
B11001985,22,15.35483870967742,2.1930739524881977
B11001985,23,14.64516129032258,1.4038745256121898
B11001985,24,13.709677419354838,1.7075458410149735
B11001986,1,12.612903225806452,1.0977225501402295
B11001986,2,12.290322580645162,0.9569288370446017
B11001986,3,12.225806451612904,0.8691737796972566
B11001986,4,10.774193548387096,1.337056888778239
B11001986,5,6.709677419354839,1.5490589940055444
B11001986,6,4.935483870967742,0.5038870758649454
B11001986,7,4.903225806451613,0.4652324226405148
B11001986,8,5.0,0.254000254000381
B11001986,9,4.870967741935484,0.4205937035614612
B11001986,10,5.258064516129032,0.6204962600539143
B11001986,11,9.064516129032258,0.8006241061929584
B11001986,12,11.129032258064516,1.453403913041137
B11001986,13,11.96774193548387,1.7686129241126194
B11001986,14,12.290322580645162,1.726333956162536
B11001986,15,11.870967741935484,1.6798989117795529
B11001986,16,11.96774193548387,1.674936127193183
B11001986,17,10.516129032258064,1.1603939192648351
B11001986,18,11.193548387096774,1.2551662231189498
B11001986,19,12.580645161290322,1.2121480147132861
B11001986,20,13.709677419354838,1.7263339561625357
B11001986,21,13.774193548387096,1.826501634437686
B11001986,22,14.193548387096774,1.730548204000214
B11001986,23,13.483870967741936,1.3647868258907212
B11001986,24,12.774193548387096,1.360969232885741
B11001987,1,12.225806451612904,0.5512260480850021
B11001987,2,10.64516129032258,0.9688166075923358
B11001987,3,6.838709677419355,1.0805247886738212
B11001987,4,5.32258064516129,0.5895376413708731
B11001987,5,5.483870967741935,0.4997397866074086
B11001987,6,5.032258064516129,0.47409478892577633
B11001987,7,5.032258064516129,0.4003120530964792
B11001987,8,5.032258064516129,0.47409478892577633
B11001987,9,5.096774193548387,0.5300540879082253
B11001987,10,5.967741935483871,0.9994795732148172
B11001987,11,9.64516129032258,0.697848633960772
B11001987,12,10.96774193548387,0.6948599751141296
B11001987,13,11.67741935483871,1.0282179000328537
B11001987,14,11.741935483870968,0.8786992562500796
B11001987,15,11.225806451612904,1.0689059048890897
B11001987,16,11.096774193548388,0.9623505735597611
B11001987,17,10.548387096774194,1.2658978626031343
B11001987,18,10.935483870967742,1.4353932555669024
B11001987,19,11.96774193548387,0.5948093198253477
B11001987,20,12.580645161290322,0.661093597803845
B11001987,21,12.806451612903226,0.5913000896717213
B11001987,22,13.064516129032258,0.5038870758649454
B11001987,23,12.419354838709678,0.7082096258096822
B11001987,24,11.96774193548387,0.7822164937407833
B11001989,1,43.80327868852459,6.635275012846356
B11001989,2,37.91803278688525,7.874622201642257
B11001989,3,36.0,7.771321806678117
B11001989,4,29.885245901639344,6.626074575779742
B11001989,5,24.311475409836067,7.3697231382624695
B11001989,6,14.934426229508198,8.24396222670735
B11001989,7,10.081967213114755,5.41187244335889
B11001989,8,7.737704918032787,4.076729802199276
B11001989,9,7.590163934426229,4.578556752988721
B11001989,10,15.163934426229508,8.970224567009755
B11001989,11,46.622950819672134,12.302424037331123
B11001989,12,42.114754098360656,8.118181094542956
B11001989,13,48.14754098360656,6.04853610679523
B11001989,14,51.049180327868854,6.0528444187543595
B11001989,15,51.967213114754095,5.9917079672175415
B11001989,16,50.22950819672131,6.117412510506652
B11001989,17,49.73770491803279,5.3220901827126745
B11001989,18,49.459016393442624,5.397551875214623
B11001989,19,50.21311475409836,5.548932120269276
B11001989,20,52.0655737704918,6.689529014906746
B11001989,21,52.39344262295082,5.965141056209682
B11001989,22,52.278688524590166,6.611294725858423
B11001989,23,51.34426229508197,6.253878130320914
B11001989,24,49.50819672131148,4.809904231416577
B11001991,1,20.901639344262296,3.74036431132087
B11001991,2,16.34426229508197,4.064582110682472
B11001991,3,8.311475409836065,1.979741526485315
B11001991,4,6.885245901639344,0.6298154987638869
B11001991,5,6.721311475409836,0.6306683298908637
B11001991,6,6.672131147540983,0.6458267411013839
B11001991,7,6.573770491803279,0.639134055397309
B11001991,8,6.524590163934426,0.5897083852001622
B11001991,9,6.508196721311475,0.6433251432901176
B11001991,10,6.688524590163935,0.690473432414842
B11001991,11,10.704918032786885,2.292856063451783
B11001991,12,17.19672131147541,5.007599706842796
B11001991,13,22.34426229508197,6.786885245901639
B11001991,14,23.81967213114754,7.30485622600924
B11001991,15,22.639344262295083,6.746056010822589
B11001991,16,20.868852459016395,6.165678162841444
B11001991,17,19.18032786885246,5.738875758758786
B11001991,18,19.475409836065573,5.597442499655752
B11001991,19,20.16393442622951,4.000738980381337
B11001991,20,21.147540983606557,4.187554024408131
B11001991,21,21.491803278688526,3.8988142410085262
B11001991,22,22.016393442622952,4.12704714539159
B11001991,23,22.295081967213115,4.062399607012075
B11001991,24,21.75409836065574,3.9615187421522493
B11001992,1,13.475409836065573,2.294730652268503
B11001992,2,6.918032786885246,1.8491919543873538
B11001992,3,3.6557377049180326,0.6985992050053285
B11001992,4,3.377049180327869,0.6050046585982274
B11001992,5,3.278688524590164,0.4483539124976178
B11001992,6,3.2295081967213113,0.42051656847149693
B11001992,7,3.1147540983606556,0.3187249523807144
B11001992,8,3.2131147540983607,0.40950806546874735
B11001992,9,3.1311475409836067,0.33756164396678684
B11001992,10,3.901639344262295,0.9701262049517044
B11001992,11,8.19672131147541,1.9985213561173911
B11001992,12,12.344262295081966,3.25367507673581
B11001992,13,16.442622950819672,4.34769428308217
B11001992,14,17.131147540983605,4.355043843622129
B11001992,15,16.34426229508197,4.175986173512219
B11001992,16,14.639344262295081,3.789687416865545
B11001992,17,14.524590163934427,3.3564547913625518
B11001992,18,14.491803278688524,2.755756721635948
B11001992,19,16.098360655737704,2.5843470687132526
B11001992,20,17.098360655737704,2.3657731417978414
B11001992,21,16.950819672131146,2.4723137733126364
B11001992,22,16.39344262295082,2.1138007763546947
B11001992,23,15.491803278688524,2.3019802652561108
B11001992,24,14.737704918032787,2.33225170410213
B11001993,1,35.31147540983606,7.774571800145964
B11001993,2,18.442622950819672,6.666590521826189
B11001993,3,9.295081967213115,1.9020632653548943
B11001993,4,8.59016393442623,0.8173738270372402
B11001993,5,8.21311475409836,0.8515127156210199
B11001993,6,8.245901639344263,0.8806803946598881
B11001993,7,8.114754098360656,1.0097615471760324
B11001993,8,8.540983606557377,0.9508196721311475
B11001993,9,8.311475409836065,1.0169221258538244
B11001993,10,8.704918032786885,1.013745890737069
B11001993,11,11.918032786885245,1.6326091153473279
B11001993,12,21.9672131147541,4.246376326398989
B11001993,13,30.78688524590164,6.249235373813607
B11001993,14,31.737704918032787,6.694508734150339
B11001993,15,31.83606557377049,6.81170720246353
B11001993,16,31.75409836065574,6.064288742922644
B11001993,17,31.0327868852459,5.797023580873641
B11001993,18,32.40983606557377,6.068940138059941
B11001993,19,36.34426229508197,6.026948350782888
B11001993,20,37.31147540983606,5.874482142803451
B11001993,21,37.885245901639344,5.8058714223033965
B11001993,22,37.868852459016395,6.47688300320826
B11001993,23,37.16393442622951,6.74398415072339
B11001993,24,36.47540983606557,7.049256576026819
B11001994,1,18.16393442622951,4.835593197268621
B11001994,2,8.426229508196721,3.8770405157079213
B11001994,3,5.60655737704918,1.5814362482767406
B11001994,4,5.147540983606557,0.8652880800260095
B11001994,5,5.0,0.6005461994758755
B11001994,6,4.868852459016393,0.613386456848187
B11001994,7,4.901639344262295,0.6194899550062682
B11001994,8,4.836065573770492,0.63194541860316
B11001994,9,4.983606557377049,0.712690659648661
B11001994,10,4.950819672131147,0.6120706459867039
B11001994,11,6.80327868852459,1.2389799100125367
B11001994,12,12.37704918032787,3.850330768955854
B11001994,13,18.524590163934427,6.123340343569182
B11001994,14,19.360655737704917,6.322047776994272
B11001994,15,18.098360655737704,6.32379041251391
B11001994,16,15.655737704918034,5.260073071553905
B11001994,17,14.262295081967213,4.78694138749921
B11001994,18,15.573770491803279,4.578850225760713
B11001994,19,18.229508196721312,4.373517332364214
B11001994,20,19.901639344262296,4.485696459011293
B11001994,21,20.721311475409838,4.304519727369237
B11001994,22,20.262295081967213,4.416443340718762
B11001994,23,19.721311475409838,4.149387264822948
B11001994,24,18.81967213114754,4.3400845981076825
B11001995,1,24.262295081967213,3.293817553669459
B11001995,2,20.557377049180328,2.713201424993731
B11001995,3,9.442622950819672,3.380389880336263
B11001995,4,4.60655737704918,0.928222142091283
B11001995,5,4.459016393442623,0.780369195764715
B11001995,6,4.508196721311475,0.8419912156325415
B11001995,7,4.557377049180328,0.8593667162020431
B11001995,8,4.459016393442623,0.8603043779279951
B11001995,9,4.39344262295082,0.8153986960948123
B11001995,10,7.098360655737705,1.3754870139936415
B11001995,11,14.311475409836065,2.315599158427485
B11001995,12,21.491803278688526,3.4528341925584445
B11001995,13,23.721311475409838,3.548867967930441
B11001995,14,24.262295081967213,3.6749111256980203
B11001995,15,24.311475409836067,3.7396457428722054
B11001995,16,24.147540983606557,4.167934054313627
B11001995,17,24.278688524590162,3.9427507562530364
B11001995,18,25.65573770491803,4.394054275994052
B11001995,19,28.16393442622951,3.777328086241638
B11001995,20,28.901639344262296,3.386109126633166
B11001995,21,29.098360655737704,3.134707443314821
B11001995,22,28.475409836065573,3.118461986284786
B11001995,23,27.295081967213115,3.127583586675507
B11001995,24,25.721311475409838,3.068246402254924
B11001996,1,28.016393442622952,5.311576602962376
B11001996,2,26.75409836065574,4.492820274962272
B11001996,3,25.901639344262296,4.2876296253703705
B11001996,4,24.75409836065574,3.757640250558888
B11001996,5,19.098360655737704,4.352142558962653
B11001996,6,7.19672131147541,3.1716969245735163
B11001996,7,5.098360655737705,1.1832840939422025
B11001996,8,5.049180327868853,0.8183596048753236
B11001996,9,4.770491803278689,0.7551667413954768
B11001996,10,4.868852459016393,0.7349675990642589
B11001996,11,10.098360655737705,1.081967213114754
B11001996,12,17.311475409836067,1.5841529112167911
B11001996,13,22.39344262295082,3.455946116215252
B11001996,14,23.65573770491803,4.364105624112964
B11001996,15,22.868852459016395,4.71994515748934
B11001996,16,20.327868852459016,4.08002455583823
B11001996,17,19.688524590163933,3.5599824258479345
B11001996,18,20.557377049180328,3.8047622883629235
B11001996,19,24.868852459016395,4.034585764326626
B11001996,20,27.62295081967213,4.129716119431151
B11001996,21,28.327868852459016,4.210530559128825
B11001996,22,28.295081967213115,3.8211845313710735
B11001996,23,27.9672131147541,4.427807854594083
B11001996,24,27.80327868852459,5.02067748067486
B11001997,1,20.081967213114755,3.1689843331646586
B11001997,2,19.229508196721312,3.230964138817739
B11001997,3,18.327868852459016,3.415112563132568
B11001997,4,17.40983606557377,3.2410130433085262
B11001997,5,9.639344262295081,2.704172773637105
B11001997,6,5.262295081967213,1.0386251843578465
B11001997,7,4.770491803278689,0.7104245468859165
B11001997,8,4.704918032786885,0.5823711366666103
B11001997,9,4.672131147540983,0.6458267411013839
B11001997,10,4.655737704918033,0.6242436972019598
B11001997,11,6.918032786885246,1.3585802855803712
B11001997,12,12.557377049180328,3.5599069345172607
B11001997,13,16.934426229508198,4.864959529961629
B11001997,14,17.295081967213115,5.42714568066705
B11001997,15,17.0327868852459,5.343809696212637
B11001997,16,16.37704918032787,5.195092054679848
B11001997,17,16.475409836065573,5.000349356244364
B11001997,18,17.639344262295083,4.277400723226343
B11001997,19,20.639344262295083,4.281231578915482
B11001997,20,21.65573770491803,4.284494521906927
B11001997,21,21.770491803278688,3.935518973934074
B11001997,22,21.557377049180328,3.564508979883482
B11001997,23,21.131147540983605,3.1802433654482414
B11001997,24,20.62295081967213,3.0630742856725672
B11001998,1,14.78688524590164,1.7659321979665876
B11001998,2,11.98360655737705,1.859770859133348
B11001998,3,5.868852459016393,1.1519820387384174
B11001998,4,4.688524590163935,0.8004298764415542
B11001998,5,4.278688524590164,0.6306683298908637
B11001998,6,4.114754098360656,0.4471534982618313
B11001998,7,4.114754098360656,0.40885127584721065
B11001998,8,3.9508196721311477,0.42179279771372474
B11001998,9,3.7868852459016393,0.4829809791034831
B11001998,10,3.819672131147541,0.5869676652448577
B11001998,11,6.721311475409836,0.7043459363587159
B11001998,12,8.229508196721312,0.7765717562181647
B11001998,13,11.245901639344263,1.626176625263901
B11001998,14,11.573770491803279,2.020055318131064
B11001998,15,10.885245901639344,2.2982413850861154
B11001998,16,10.163934426229508,2.3059461830187558
B11001998,17,9.770491803278688,2.0437304578537367
B11001998,18,10.278688524590164,1.9763449252695764
B11001998,19,13.770491803278688,1.5826253621176618
B11001998,20,15.62295081967213,1.4504259908586663
B11001998,21,15.40983606557377,1.192559572424473
B11001998,22,14.704918032786885,1.3224946904982757
B11001998,23,14.278688524590164,1.2164332104320752
B11001998,24,14.114754098360656,1.229398902246077
B11001999,1,27.442622950819672,3.7351875330449262
B11001999,2,27.688524590163933,4.92414920206013
B11001999,3,27.0327868852459,5.037457116490794
B11001999,4,25.852459016393443,4.851351224899795
B11001999,5,13.295081967213115,3.1484800511716187
B11001999,6,7.524590163934426,0.8416719772454713
B11001999,7,7.360655737704918,1.0086963975682073
B11001999,8,7.409836065573771,1.046102041543857
B11001999,9,7.688524590163935,1.3249309738476556
B11001999,10,8.39344262295082,1.5814362482767406
B11001999,11,13.229508196721312,2.9553698979213023
B11001999,12,24.770491803278688,6.629277938632361
B11001999,13,32.26229508196721,8.450243258394481
B11001999,14,33.80327868852459,8.536939352747952
B11001999,15,31.78688524590164,8.232512024451172
B11001999,16,28.852459016393443,6.684545585972415
B11001999,17,27.40983606557377,6.917255802843925
B11001999,18,26.57377049180328,5.943612127961737
B11001999,19,29.24590163934426,4.507391880466538
B11001999,20,29.868852459016395,3.712960949298894
B11001999,21,29.75409836065574,4.019035597984442
B11001999,22,29.34426229508197,3.62995391697994
B11001999,23,28.295081967213115,3.9144300604557247
B11001999,24,27.737704918032787,3.3432174516953093
B11002000,1,29.770491803278688,5.976438554098622
B11002000,2,28.311475409836067,5.896764835745433
B11002000,3,26.78688524590164,5.575457796680843
B11002000,4,17.459016393442624,4.499813367684659
B11002000,5,8.491803278688524,1.9301146727138563
B11002000,6,6.295081967213115,1.0455881127279982
B11002000,7,6.344262295081967,1.1577995792137425
B11002000,8,6.311475409836065,1.337246787510368
B11002000,9,6.213114754098361,1.2559987743854393
B11002000,10,6.278688524590164,1.0578534954033887
B11002000,11,12.065573770491802,2.8736727653980894
B11002000,12,22.868852459016395,5.252557253333193
B11002000,13,31.688524590163933,8.27308688916204
B11002000,14,33.14754098360656,8.11159070647083
B11002000,15,32.885245901639344,7.994051806424242
B11002000,16,32.19672131147541,7.649750177279761
B11002000,17,30.885245901639344,6.453105392121492
B11002000,18,31.16393442622951,6.127552202609138
B11002000,19,33.967213114754095,5.4048163497249595
B11002000,20,36.704918032786885,5.935014915100189
B11002000,21,36.52459016393443,5.330415532589106
B11002000,22,35.57377049180328,4.996585773300498
B11002000,23,33.18032786885246,4.761554356772798
B11002000,24,30.60655737704918,5.2644140568027105
B11002001,1,16.852459016393443,2.23853044281339
B11002001,2,16.147540983606557,2.0231128877344107
B11002001,3,13.819672131147541,1.868708651355143
B11002001,4,4.655737704918033,1.0383664014500404
B11002001,5,5.081967213114754,0.7081511825067272
B11002001,6,4.098360655737705,0.7175760205980095
B11002001,7,4.0,0.7892723355548015
B11002001,8,3.9672131147540983,0.7458566010542509
B11002001,9,4.081967213114754,0.7309343216264903
B11002001,10,4.344262295081967,1.0062956887359218
B11002001,11,9.819672131147541,2.228784839259979
B11002001,12,13.081967213114755,2.7178528287832324
B11002001,13,15.163934426229508,3.089805171155632
B11002001,14,15.836065573770492,3.13196281549882
B11002001,15,15.40983606557377,2.9161902453193953
B11002001,16,14.508196721311476,2.9677112162304593
B11002001,17,14.19672131147541,2.7806101001201307
B11002001,18,15.852459016393443,3.001835862168735
B11002001,19,17.901639344262296,3.0228903660254387
B11002001,20,20.311475409836067,3.5229504382518537
B11002001,21,20.737704918032787,3.6119185190610916
B11002001,22,20.0327868852459,3.2237195354290193
B11002001,23,18.459016393442624,3.375775663103238
B11002001,24,17.557377049180328,2.8774111210380173
B11002002,1,9.295081967213115,2.818814204212747
B11002002,2,6.114754098360656,1.959410756656928
B11002002,3,4.786885245901639,1.0419835135784066
B11002002,4,4.475409836065574,1.0017453191771926
B11002002,5,4.39344262295082,0.9963653376408356
B11002002,6,4.295081967213115,0.9808705115837107
B11002002,7,4.229508196721311,1.1649729838976965
B11002002,8,4.180327868852459,0.9496884169154256
B11002002,9,4.180327868852459,0.8590539348573052
B11002002,10,4.245901639344262,0.880680394659888
B11002002,11,5.540983606557377,1.4662740836064194
B11002002,12,11.065573770491802,3.3820589928981373
B11002002,13,14.704918032786885,4.64597221043848
B11002002,14,15.032786885245901,4.665770764132606
B11002002,15,14.360655737704919,4.630734059591827
B11002002,16,13.524590163934427,4.182737974482975
B11002002,17,13.114754098360656,3.599172767687533
B11002002,18,14.032786885245901,3.5016025048716033
B11002002,19,15.278688524590164,3.2999311842848873
B11002002,20,15.868852459016393,3.0216454633362453
B11002002,21,15.59016393442623,2.6757995537435213
B11002002,22,15.295081967213115,2.484999338952196
B11002002,23,14.655737704918034,2.623258178713048
B11002002,24,13.819672131147541,2.3294845466664413
B11002003,1,20.459016393442624,2.1392029348457258
B11002003,2,10.21311475409836,2.857918273093889
B11002003,3,6.704918032786885,1.6530573988138402
B11002003,4,5.639344262295082,0.7899530362725743
B11002003,5,5.540983606557377,0.8603043779279951
B11002003,6,5.721311475409836,0.8894858994262647
B11002003,7,5.475409836065574,0.8017717547959005
B11002003,8,5.655737704918033,0.7868852459016393
B11002003,9,5.688524590163935,0.8403938110148391
B11002003,10,6.081967213114754,0.795377670210374
B11002003,11,9.524590163934427,1.049692497939811
B11002003,12,15.131147540983607,1.7031832283636426
B11002003,13,18.18032786885246,2.4860805726712667
B11002003,14,18.60655737704918,2.3972572341548735
B11002003,15,17.885245901639344,2.5868416127966394
B11002003,16,16.75409836065574,2.956824491290005
B11002003,17,16.60655737704918,2.971331260533337
B11002003,18,18.557377049180328,3.7351875330449267
B11002003,19,23.37704918032787,3.4884537155378954
B11002003,20,24.868852459016395,3.399495670580746
B11002003,21,25.360655737704917,3.0837107032203273
B11002003,22,24.770491803278688,3.4135383431894564
B11002003,23,23.459016393442624,3.242007931199547
B11002003,24,22.065573770491802,2.8218634260675315
B11002004,1,25.62295081967213,4.346334179611593
B11002004,2,17.557377049180328,4.730523799243691
B11002004,3,10.180327868852459,2.9337392730115286
B11002004,4,7.934426229508197,1.5350426112419182
B11002004,5,7.590163934426229,1.0142759539841324
B11002004,6,7.19672131147541,0.9887841868852604
B11002004,7,7.19672131147541,0.9550499451560334
B11002004,8,7.377049180327869,0.9437270796474921
B11002004,9,7.344262295081967,0.9388735123459903
B11002004,10,7.426229508196721,0.9993279117461095
B11002004,11,9.80327868852459,2.4077720613425777
B11002004,12,18.770491803278688,4.65671889914675
B11002004,13,26.34426229508197,6.735969622175668
B11002004,14,27.672131147540984,7.316546062035166
B11002004,15,27.21311475409836,6.878607260142892
B11002004,16,25.114754098360656,5.703316149703329
B11002004,17,23.688524590163933,5.286980555755459
B11002004,18,24.508196721311474,4.550708648903198
B11002004,19,28.311475409836067,4.463112872389674
B11002004,20,29.229508196721312,4.118703610392557
B11002004,21,29.459016393442624,4.256427234548941
B11002004,22,29.295081967213115,4.232366552252491
B11002004,23,28.21311475409836,4.7773878386208075
B11002004,24,26.60655737704918,4.69138970121595
B11002005,1,21.262295081967213,2.3809464941507192
B11002005,2,16.75409836065574,3.2373625052386674
B11002005,3,7.098360655737705,2.2594422497075475
B11002005,4,5.245901639344262,0.8027766915865767
B11002005,5,5.0,0.7892723355548015
B11002005,6,4.901639344262295,0.8239234015166599
B11002005,7,4.918032786885246,0.8549773646167409
B11002005,8,4.852459016393443,0.7647150026026623
B11002005,9,5.114754098360656,0.8511970482457161
B11002005,10,5.377049180327869,0.9437270796474921
B11002005,11,9.360655737704919,1.8110117350349477
B11002005,12,14.78688524590164,2.1962319004608752
B11002005,13,19.721311475409838,2.9705171352012183
B11002005,14,20.0,3.259286857530667
B11002005,15,19.34426229508197,3.2435825462719428
B11002005,16,17.983606557377048,3.054111999828753
B11002005,17,17.39344262295082,3.2303818407228286
B11002005,18,19.9672131147541,3.639344262295082
B11002005,19,24.19672131147541,3.3769695995716433
B11002005,20,26.098360655737704,3.1084491839088884
B11002005,21,26.16393442622951,3.0200441201252937
B11002005,22,25.42622950819672,2.950182080479394
B11002005,23,24.0327868852459,2.709831602745425
B11002005,24,22.770491803278688,2.5310753408542292
B11002006,1,33.18032786885246,5.829569049452804
B11002006,2,26.19672131147541,4.898376017708043
B11002006,3,15.704918032786885,3.3109072715034604
B11002006,4,10.475409836065573,2.0693434246358384
B11002006,5,9.60655737704918,1.090626057605239
B11002006,6,8.934426229508198,0.7654175429461477
B11002006,7,8.639344262295081,0.7689206163644967
B11002006,8,8.508196721311476,0.8021068736213159
B11002006,9,8.639344262295081,1.1019027788069549
B11002006,10,12.01639344262295,2.5574821331920083
B11002006,11,22.934426229508198,4.7455547878575715
B11002006,12,31.62295081967213,6.601450249075874
B11002006,13,36.32786885245902,8.747311177456723
B11002006,14,38.42622950819672,9.669046465597493
B11002006,15,38.049180327868854,9.643525356183325
B11002006,16,35.83606557377049,8.691771740888049
B11002006,17,34.01639344262295,7.490960242412159
B11002006,18,36.721311475409834,6.135441645201396
B11002006,19,40.34426229508197,5.419712792286453
B11002006,20,42.09836065573771,4.738073614333727
B11002006,21,41.9344262295082,4.1443971756427915
B11002006,22,41.47540983606557,4.393014415148956
B11002006,23,39.78688524590164,5.024904384045403
B11002006,24,38.42622950819672,5.252506088489672
B11002007,1,24.24590163934426,3.1448930118366425
B11002007,2,9.836065573770492,3.751197963269135
B11002007,3,4.491803278688525,0.6433251432901175
B11002007,4,4.491803278688525,0.5616997278364528
B11002007,5,4.426229508196721,0.5855924950653033
B11002007,6,4.311475409836065,0.5291807341498024
B11002007,7,4.278688524590164,0.6041155991045336
B11002007,8,4.295081967213115,0.6098713192701074
B11002007,9,4.409836065573771,0.5544765418127134
B11002007,10,4.459016393442623,0.5602625406765595
B11002007,11,5.065573770491803,1.2914454027036808
B11002007,12,13.60655737704918,3.6045448930554516
B11002007,13,17.934426229508198,4.686460625608369
B11002007,14,18.098360655737704,4.850908037466824
B11002007,15,17.852459016393443,4.647707228067248
B11002007,16,17.262295081967213,4.367921962854004
B11002007,17,16.42622950819672,3.7611430787463274
B11002007,18,16.24590163934426,3.201719505766217
B11002007,19,23.131147540983605,2.784473401879185
B11002007,20,25.311475409836067,2.831560906536907
B11002007,21,25.016393442622952,2.6019652300362615
B11002007,22,24.57377049180328,2.595450094536134
B11002007,23,24.540983606557376,2.7673374224274356
B11002007,24,24.229508196721312,2.993947132175297
B11002008,1,21.885245901639344,1.6605189851935211
B11002008,2,20.262295081967213,1.6585757206480967
B11002008,3,9.311475409836065,3.3561345036771653
B11002008,4,6.557377049180328,0.75800839486537
B11002008,5,6.442622950819672,0.7360637482178246
B11002008,6,6.540983606557377,0.6912514308953448
B11002008,7,6.524590163934426,0.7810576557096128
B11002008,8,6.426229508196721,0.7565889022435625
B11002008,9,6.360655737704918,0.5131959292622468
B11002008,10,6.508196721311475,0.6683218724799839
B11002008,11,8.672131147540984,1.2638908372063202
B11002008,12,14.98360655737705,1.920483232210816
B11002008,13,16.950819672131146,2.2791012717354446
B11002008,14,17.459016393442624,2.4129009171113576
B11002008,15,17.0,2.290393337255473
B11002008,16,16.59016393442623,2.3073442911805637
B11002008,17,16.42622950819672,2.730873975238964
B11002008,18,19.34426229508197,3.1408740868684863
B11002008,19,22.983606557377048,2.4661099870349905
B11002008,20,24.311475409836067,2.5384969323646684
B11002008,21,24.262295081967213,1.9068611178485702
B11002008,22,24.295081967213115,1.8672699655992213
B11002008,23,23.18032786885246,1.8599153578600442
B11002008,24,22.688524590163933,1.7324386640816927
B11002009,1,21.491803278688526,4.306392316193783
B11002009,2,16.80327868852459,4.522510807538211
B11002009,3,6.278688524590164,2.2769777750845464
B11002009,4,4.590163934426229,1.1217236324299018
B11002009,5,4.459016393442623,0.967907502893476
B11002009,6,4.39344262295082,1.0126849319003606
B11002009,7,4.245901639344262,1.1402579188379804
B11002009,8,4.213114754098361,1.1031215633613587
B11002009,9,4.360655737704918,1.0086963975682073
B11002009,10,4.311475409836065,1.109437660045156
B11002009,11,11.59016393442623,2.626329790762542
B11002009,12,15.836065573770492,3.0254674635086163
B11002009,13,19.81967213114754,3.713105706933573
B11002009,14,20.37704918032787,3.5812074821724833
B11002009,15,19.80327868852459,3.3915017812421637
B11002009,16,18.688524590163933,3.3365388152678164
B11002009,17,17.016393442622952,3.1492481709011466
B11002009,18,17.34426229508197,3.836345793324083
B11002009,19,22.327868852459016,4.007048345330602
B11002009,20,23.901639344262296,4.131863065799446
B11002009,21,24.049180327868854,4.660353288191846
B11002009,22,23.868852459016395,4.823016571305153
B11002009,23,22.950819672131146,4.436902735638302
B11002009,24,22.262295081967213,4.446039458185937
B11002010,1,19.83606557377049,4.013012963457807
B11002010,2,9.19672131147541,3.273438419501294
B11002010,3,3.9672131147540983,1.144727229514498
B11002010,4,3.4754098360655736,0.6168815646631731
B11002010,5,3.3934426229508197,0.5805223347418287
B11002010,6,3.459016393442623,0.4983175132318251
B11002010,7,3.4098360655737703,0.4918032786885246
B11002010,8,3.4098360655737703,0.4918032786885246
B11002010,9,3.8360655737704916,0.750526107689154
B11002010,10,5.622950819672131,1.6512681110681195
B11002010,11,10.557377049180328,1.8949855327440697
B11002010,12,13.442622950819672,3.1232842642863674
B11002010,13,18.852459016393443,4.171865430038837
B11002010,14,19.639344262295083,4.580904008732466
B11002010,15,18.327868852459016,4.264690373614517
B11002010,16,15.180327868852459,4.373947448923528
B11002010,17,14.901639344262295,4.09999967226223
B11002010,18,18.42622950819672,5.381994926600075
B11002010,19,23.131147540983605,4.719945157489341
B11002010,20,24.721311475409838,4.454252517891975
B11002010,21,25.0,3.9917948631546936
B11002010,22,24.491803278688526,3.9902461028488863
B11002010,23,23.60655737704918,3.959958140715135
B11002010,24,22.049180327868854,3.9063891738174172
B11002011,1,31.524590163934427,5.376349414682394
B11002011,2,30.60655737704918,5.873750131505733
B11002011,3,29.278688524590162,5.604831485865589
B11002011,4,26.852459016393443,5.725513981004762
B11002011,5,15.442622950819672,4.006243447763995
B11002011,6,8.934426229508198,1.212893200858617
B11002011,7,8.60655737704918,0.9963653376408357
B11002011,8,8.540983606557377,0.9334190718351972
B11002011,9,8.40983606557377,0.9979823773917658
B11002011,10,9.39344262295082,1.2184199459712817
B11002011,11,13.065573770491802,1.6681083077921315
B11002011,12,20.40983606557377,3.031944942946678
B11002011,13,28.21311475409836,5.06390231854343
B11002011,14,29.83606557377049,5.067350741431235
B11002011,15,29.24590163934426,5.268700457884784
B11002011,16,27.934426229508198,5.178356130257075
B11002011,17,29.0,4.6764144875124565
B11002011,18,30.491803278688526,4.611542719782903
B11002011,19,31.983606557377048,4.54302493030074
B11002011,20,33.24590163934426,4.478201255205985
B11002011,21,33.85245901639344,4.265131464826702
B11002011,22,33.557377049180324,4.716641588485112
B11002011,23,32.59016393442623,4.373455883688336
B11002011,24,32.21311475409836,5.179134537797023
B11002012,1,22.950819672131146,3.5224164093594164
B11002012,2,21.19672131147541,3.1716969245735163
B11002012,3,19.62295081967213,2.800257215505592
B11002012,4,14.180327868852459,3.4188877336240457
B11002012,5,10.180327868852459,2.928146040887358
B11002012,6,7.180327868852459,1.5838135831822215
B11002012,7,6.409836065573771,1.2331094799404256
B11002012,8,6.409836065573771,1.371573813990288
B11002012,9,6.540983606557377,1.3498484491959934
B11002012,10,7.475409836065574,1.8252020537333482
B11002012,11,11.950819672131148,2.899554683209903
B11002012,12,18.442622950819672,4.474058524148521
B11002012,13,24.24590163934426,5.773471659817741
B11002012,14,25.80327868852459,6.385998187970221
B11002012,15,25.16393442622951,6.325022718468504
B11002012,16,24.42622950819672,6.192165903000082
B11002012,17,23.475409836065573,5.946776389120272
B11002012,18,25.049180327868854,6.384988104815028
B11002012,19,26.704918032786885,5.614221585373596
B11002012,20,28.0327868852459,5.474133551066322
B11002012,21,27.901639344262296,5.206253862400825
B11002012,22,26.508196721311474,4.131537842608643
B11002012,23,24.557377049180328,4.071188613499302
B11002012,24,23.737704918032787,4.11276158406403
B11002013,1,48.32786885245902,7.945967760753341
B11002013,2,47.032786885245905,8.24614607075062
B11002013,3,43.85245901639344,7.160538640728749
B11002013,4,39.60655737704918,6.5568852274576335
B11002013,5,21.065573770491802,5.705530398639886
B11002013,6,9.852459016393443,2.41468231337993
B11002013,7,9.262295081967213,2.071679759924475
B11002013,8,9.426229508196721,2.2136611347397177
B11002013,9,10.147540983606557,2.4078836743713246
B11002013,10,17.0,1.8287324285094217
B11002013,11,19.868852459016395,2.3848937828089616
B11002013,12,33.67213114754098,6.664614931076036
B11002013,13,40.83606557377049,8.979357616712614
B11002013,14,41.91803278688525,9.319985720750358
B11002013,15,41.49180327868852,9.080013993669565
B11002013,16,40.0,9.161573349021891
B11002013,17,38.65573770491803,8.916525909335823
B11002013,18,44.78688524590164,8.439009253671475
B11002013,19,49.31147540983606,7.398584232327017
B11002013,20,52.032786885245905,7.42165023652224
B11002013,21,52.19672131147541,7.4411784544643975
B11002013,22,51.52459016393443,7.881513038931933
B11002013,23,50.42622950819672,7.883285942980972
B11002013,24,48.80327868852459,7.491677726106543
B11002014,1,15.934426229508198,2.346038533770271
B11002014,2,8.278688524590164,3.684843336042903
B11002014,3,4.344262295081967,1.0540358954543283
B11002014,4,4.065573770491803,0.7213114754098361
B11002014,5,4.0,0.6775074858941582
B11002014,6,3.901639344262295,0.5342351061246008
B11002014,7,3.737704918032787,0.6503880139304056
B11002014,8,3.7540983606557377,0.5626558131714923
B11002014,9,3.622950819672131,0.5772726839888198
B11002014,10,3.6885245901639343,0.5878826582636428
B11002014,11,6.770491803278689,1.5299570616813245
B11002014,12,10.704918032786885,2.0109883574027085
B11002014,13,12.754098360655737,2.6218235282482305
B11002014,14,13.934426229508198,3.029195924577337
B11002014,15,14.0,3.314152464413345
B11002014,16,12.967213114754099,3.6617975211266995
B11002014,17,12.278688524590164,3.4976861088579443
B11002014,18,14.39344262295082,4.185371435128137
B11002014,19,17.295081967213115,3.8553529416587513
B11002014,20,19.114754098360656,3.746466578628226
B11002014,21,19.42622950819672,4.001880772564044
B11002014,22,19.278688524590162,3.6580526376344538
B11002014,23,18.918032786885245,3.184465788728269
B11002014,24,17.39344262295082,2.965808924151508
B11002015,1,15.868852459016393,1.5092654801946106
B11002015,2,11.426229508196721,2.4791525283454017
B11002015,3,6.344262295081967,1.4918933498299616
B11002015,4,5.622950819672131,0.7501679467965608
B11002015,5,5.426229508196721,0.556894680375837
B11002015,6,5.475409836065574,0.5897083852001622
B11002015,7,5.39344262295082,0.5805223347418287
B11002015,8,5.39344262295082,0.6344918846020862
B11002015,9,5.426229508196721,0.639134055397309
B11002015,10,5.426229508196721,0.7119360901838839
B11002015,11,6.934426229508197,0.989599231002398
B11002015,12,11.163934426229508,2.211596321841318
B11002015,13,14.967213114754099,3.9337431100951985
B11002015,14,15.60655737704918,4.013414753599831
B11002015,15,15.032786885245901,3.7677110201860335
B11002015,16,14.39344262295082,3.7559949393486662
B11002015,17,14.098360655737705,3.4674359498985345
B11002015,18,14.639344262295081,2.9310815263773127
B11002015,19,17.229508196721312,2.1531025469776552
B11002015,20,18.737704918032787,2.1108745708616223
B11002015,21,18.704918032786885,1.8318159250987287
B11002015,22,18.081967213114755,1.6022021931633597
B11002015,23,17.40983606557377,1.6632680568276443
B11002015,24,16.62295081967213,1.690512914950395
B11002016,1,50.557377049180324,7.037428251770495
B11002016,2,48.967213114754095,6.951747540914794
B11002016,3,48.40983606557377,7.449011485041021
B11002016,4,47.21311475409836,6.738961232640252
B11002016,5,40.459016393442624,6.053244003585546
B11002016,6,14.360655737704919,3.0516471600891535
B11002016,7,12.442622950819672,1.1807831544504332
B11002016,8,12.344262295081966,1.1435527886291992
B11002016,9,12.245901639344263,1.2630400186398836
B11002016,10,14.19672131147541,1.566238808196221
B11002016,11,18.57377049180328,2.498911345874259
B11002016,12,37.50819672131148,7.885705995233904
B11002016,13,41.704918032786885,9.41457583261378
B11002016,14,43.24590163934426,9.765539508494372
B11002016,15,43.19672131147541,9.630585962002158
B11002016,16,42.0,9.56427780002576
B11002016,17,40.47540983606557,8.690689492119015
B11002016,18,41.21311475409836,8.421507894453326
B11002016,19,50.31147540983606,5.514633241692409
B11002016,20,54.01639344262295,5.744539255243972
B11002016,21,53.98360655737705,5.277517434498195
B11002016,22,53.08196721311475,5.236364281080044
B11002016,23,51.704918032786885,5.766904622733725
B11002016,24,50.75409836065574,6.572809708620433
B11002017,1,26.868852459016395,9.106789774373025
B11002017,2,13.19672131147541,6.555737499948754
B11002017,3,7.983606557377049,2.250623252685969
B11002017,4,7.081967213114754,0.5520478111633685
B11002017,5,6.918032786885246,0.48906340623528843
B11002017,6,6.770491803278689,0.5837538955660608
B11002017,7,6.737704918032787,0.5402379361732486
B11002017,8,6.721311475409836,0.5163283851811024
B11002017,9,6.573770491803279,0.5266353575150495
B11002017,10,6.557377049180328,0.7134444310488178
B11002017,11,9.426229508196721,1.4079285608907468
B11002017,12,18.459016393442624,5.968699148417636
B11002017,13,29.0,9.703810304526232
B11002017,14,29.80327868852459,9.548529493053355
B11002017,15,28.065573770491802,9.536588475589928
B11002017,16,25.885245901639344,9.485274801200358
B11002017,17,24.78688524590164,9.08812006764219
B11002017,18,24.42622950819672,8.422178014308594
B11002017,19,29.39344262295082,7.5057981708232795
B11002017,20,32.40983606557377,7.34261544767733
B11002017,21,32.68852459016394,7.185004839558376
B11002017,22,32.40983606557377,7.8768743263716825
B11002017,23,31.065573770491802,8.537033792967136
B11002017,24,29.37704918032787,8.614063861540386
B11002019,1,25.311475409836067,4.506974499000546
B11002019,2,24.9672131147541,4.277149399701743
B11002019,3,24.39344262295082,4.76076412286863
B11002019,4,23.311475409836067,4.9672401665659525
B11002019,5,18.37704918032787,4.750026520810275
B11002019,6,6.950819672131147,2.836681445495698
B11002019,7,4.688524590163935,1.0169221258538244
B11002019,8,4.360655737704918,0.6281063626448531
B11002019,9,4.344262295081967,0.5397402502673551
B11002019,10,5.245901639344262,0.7164515863413823
B11002019,11,8.180327868852459,0.9496884169154256
B11002019,12,12.39344262295082,3.720914256260896
B11002019,13,18.311475409836067,6.4821090061358975
B11002019,14,19.78688524590164,6.763243847998329
B11002019,15,19.42622950819672,7.189379727442332
B11002019,16,18.131147540983605,7.004624724823501
B11002019,17,17.147540983606557,6.198455824556313
B11002019,18,18.60655737704918,5.525733208598613
B11002019,19,22.688524590163933,4.625449853555433
B11002019,20,25.065573770491802,4.1876823765874205
B11002019,21,25.9672131147541,4.203695536988478
B11002019,22,25.327868852459016,4.131928107365817
B11002019,23,24.557377049180328,4.340146519261024
B11002019,24,24.918032786885245,4.369398360382342
B11002020,1,26.459016393442624,4.087460915707473
B11002020,2,13.639344262295081,4.431751261311854
B11002020,3,6.344262295081967,0.9561748571421431
B11002020,4,6.016393442622951,0.8394339091470234
B11002020,5,5.918032786885246,0.8739411760827437
B11002020,6,5.868852459016393,0.8584280302679376
B11002020,7,5.80327868852459,0.8649774398867489
B11002020,8,5.770491803278689,0.7974023939026432
B11002020,9,5.770491803278689,0.7331370418032097
B11002020,10,5.918032786885246,0.9631757915782546
B11002020,11,9.819672131147541,2.5447354638599684
B11002020,12,17.147540983606557,6.043113044177958
B11002020,13,25.39344262295082,7.801384258262666
B11002020,14,27.0,7.788179357521116
B11002020,15,26.475409836065573,7.692036668576336
B11002020,16,25.42622950819672,6.869889197554081
B11002020,17,23.885245901639344,6.10857596738949
B11002020,18,25.868852459016395,5.874299148530691
B11002020,19,29.950819672131146,4.373640227125948
B11002020,20,31.508196721311474,4.407976937622541
B11002020,21,31.737704918032787,4.619636063106009
B11002020,22,31.18032786885246,4.49957446702522
B11002020,23,30.114754098360656,4.258447191232502
B11002020,24,28.39344262295082,4.094293063439746
B11002021,1,17.278688524590162,2.897885874620899
B11002021,2,9.21311475409836,2.661903387159121
B11002021,3,5.754098360655738,2.480453010614425
B11002021,4,4.131147540983607,1.5200885418135912
B11002021,5,3.2950819672131146,0.6361838659649921
B11002021,6,3.1475409836065573,0.3981953377538071
B11002021,7,3.180327868852459,0.4249666031742859
B11002021,8,3.2131147540983607,0.44775410766385776
B11002021,9,3.557377049180328,0.6146994511230385
B11002021,10,4.360655737704918,1.0869235707705427
B11002021,11,8.131147540983607,1.7031832283636423
B11002021,12,14.770491803278688,4.2286820898651065
B11002021,13,19.147540983606557,4.772998045954031
B11002021,14,18.983606557377048,4.7477062737280145
B11002021,15,17.442622950819672,4.510550801173296
B11002021,16,16.57377049180328,4.610959917106421
B11002021,17,15.540983606557377,4.256427234548941
B11002021,18,17.459016393442624,3.4430913030360855
B11002021,19,20.40983606557377,2.904925433880221
B11002021,20,20.885245901639344,2.542093887521664
B11002021,21,20.59016393442623,2.4520118817427194
B11002021,22,19.557377049180328,2.7372631429169574
B11002021,23,18.901639344262296,2.98468724798564
B11002021,24,18.278688524590162,2.7168638353263823
B11002022,1,20.885245901639344,2.674091607095565
B11002022,2,9.737704918032787,2.7454978905519107
B11002022,3,5.524590163934426,0.6429072639713959
B11002022,4,5.344262295081967,0.5693034542355849
B11002022,5,5.19672131147541,0.742606665764336
B11002022,6,5.032786885245901,0.6520387475852898
B11002022,7,5.213114754098361,0.4829809791034831
B11002022,8,5.163934426229508,0.6573750051069973
B11002022,9,5.032786885245901,0.5996505297761272
B11002022,10,8.704918032786885,2.1527280617940283
B11002022,11,12.344262295081966,2.6107297258990814
B11002022,12,15.557377049180328,3.5919974358489437
B11002022,13,20.9672131147541,4.908898621472395
B11002022,14,22.327868852459016,5.284438371372413
B11002022,15,21.9672131147541,5.066661244616307
B11002022,16,20.704918032786885,4.774743190399352
B11002022,17,19.19672131147541,4.672274947456302
B11002022,18,19.016393442622952,4.754607095448387
B11002022,19,22.24590163934426,3.5651120861827743
B11002022,20,24.360655737704917,3.9506496120123473
B11002022,21,25.229508196721312,3.972831680477821
B11002022,22,25.16393442622951,3.742447379609058
B11002022,23,23.672131147540984,3.2578848185589746
B11002022,24,21.9672131147541,3.4592106230916277
B11002023,1,32.278688524590166,4.376281629760939
B11002023,2,32.49180327868852,4.727398171245728
B11002023,3,31.83606557377049,5.096383571111656
B11002023,4,31.229508196721312,4.589344189096999
B11002023,5,29.081967213114755,4.454855821726181
B11002023,6,10.737704918032787,3.7280577255093448
B11002023,7,5.540983606557377,1.7701881949761427
B11002023,8,4.770491803278689,0.8757842878159396
B11002023,9,4.721311475409836,0.7272482955022569
B11002023,10,4.655737704918033,0.6985992050053285
B11002023,11,8.721311475409836,2.3756355321622027
B11002023,12,17.852459016393443,2.9688882147913382
B11002023,13,23.75409836065574,3.919918607823959
B11002023,14,24.065573770491802,4.136478475585742
B11002023,15,23.18032786885246,4.146925373868746
B11002023,16,22.327868852459016,4.503992077983489
B11002023,17,22.868852459016395,4.355043843622129
B11002023,18,23.737704918032787,4.654987240370117
B11002023,19,32.90163934426229,4.075938665028582
B11002023,20,33.85245901639344,3.974657694607669
B11002023,21,34.24590163934426,3.5281339409210757
B11002023,22,33.50819672131148,3.4194379310903447
B11002023,23,32.50819672131148,3.4670484013117595
B11002023,24,32.295081967213115,3.834033369511444
B11002024,1,14.360655737704919,3.259451763643122
B11002024,2,8.163934426229508,1.0586153633418323
B11002024,3,7.655737704918033,0.5397402502673551
B11002024,4,7.60655737704918,0.5805223347418287
B11002024,5,7.60655737704918,0.5515607816806795
B11002024,6,7.426229508196721,0.6885245901639343
B11002024,7,7.459016393442623,0.616009646821506
B11002024,8,7.508196721311475,0.668321872479984
B11002024,9,7.409836065573771,0.7327703815943282
B11002024,10,7.442622950819672,0.9148069789051612
B11002024,11,11.245901639344263,1.8166419904518123
B11002024,12,18.524590163934427,2.7257518582384086
B11002024,13,24.081967213114755,3.795143928963429
B11002024,14,24.16393442622951,4.71544489797771
B11002024,15,23.278688524590162,4.581255993366181
B11002024,16,22.21311475409836,5.034682187043828
B11002024,17,21.327868852459016,4.159607923970837
B11002024,18,22.901639344262296,4.218246539728023
B11002024,19,30.098360655737704,4.5653898188212025
B11002024,20,33.377049180327866,4.498320030404901
B11002024,21,33.885245901639344,4.353624307592874
B11002024,22,33.032786885245905,4.453649132332537
B11002024,23,32.34426229508197,4.2997721857365985
B11002024,24,29.65573770491803,3.4540792984605533
B11002026,1,12.37704918032787,3.455401731887168
B11002026,2,5.065573770491803,1.3040774951705796
B11002026,3,4.344262295081967,0.8470826677222173
B11002026,4,4.19672131147541,0.8061174329930653
B11002026,5,4.163934426229508,0.7930089588490377
B11002026,6,4.081967213114754,0.8549773646167409
B11002026,7,4.016393442622951,0.8196721311475411
B11002026,8,4.114754098360656,0.7035824175040962
B11002026,9,4.049180327868853,0.7772635797462097
B11002026,10,4.098360655737705,0.8239234015166598
B11002026,11,6.836065573770492,1.6213769484036817
B11002026,12,11.01639344262295,2.357351968675721
B11002026,13,14.557377049180328,3.236698328690623
B11002026,14,14.754098360655737,3.150101417596718
B11002026,15,14.295081967213115,3.174407198022198
B11002026,16,13.59016393442623,2.938590323246778
B11002026,17,13.311475409836065,2.7848594372895907
B11002026,18,14.245901639344263,3.3810258299007905
B11002026,19,17.57377049180328,3.154278990090443
B11002026,20,19.950819672131146,2.6328705864244273
B11002026,21,20.262295081967213,2.5982442958896983
B11002026,22,20.016393442622952,2.651889541493927
B11002026,23,19.934426229508198,2.9076995157798047
B11002026,24,19.442622950819672,2.8602681873795603
B11002027,1,23.39344262295082,3.808010058726685
B11002027,2,20.868852459016395,3.9191643883386442
B11002027,3,10.754098360655737,3.206835617684475
B11002027,4,6.491803278688525,0.7814016582172449
B11002027,5,5.901639344262295,0.6194899550062684
B11002027,6,5.704918032786885,0.5823711366666103
B11002027,7,5.721311475409836,0.6306683298908637
B11002027,8,5.60655737704918,0.6344918846020862
B11002027,9,5.311475409836065,0.46309661940411595
B11002027,10,6.327868852459017,0.7179504406707604
B11002027,11,9.819672131147541,1.3968136658452976
B11002027,12,14.754098360655737,2.467199498900395
B11002027,13,17.672131147540984,3.7796752027837033
B11002027,14,18.62295081967213,3.6221718619609002
B11002027,15,17.311475409836067,3.118117252480252
B11002027,16,16.18032786885246,3.0434460446881992
B11002027,17,15.967213114754099,3.15172194992897
B11002027,18,17.704918032786885,3.7823761388281385
B11002027,19,22.9672131147541,3.48282537046282
B11002027,20,24.40983606557377,3.19003082970008
B11002027,21,24.229508196721312,3.1849721033492804
B11002027,22,24.721311475409838,3.4504984080040972
B11002027,23,23.83606557377049,3.3787199432205797
B11002027,24,23.311475409836067,3.3069275701643903
B11002028,1,29.57377049180328,6.42602040476125
B11002028,2,23.934426229508198,7.348176650069287
B11002028,3,9.60655737704918,5.654763517904987
B11002028,4,5.754098360655738,1.6462151095912383
B11002028,5,5.459016393442623,0.9334190718351973
B11002028,6,5.426229508196721,0.8770108770554267
B11002028,7,5.327868852459017,0.9183254802728471
B11002028,8,5.426229508196721,0.8387933642928546
B11002028,9,5.311475409836065,0.8206551482481198
B11002028,10,6.655737704918033,1.754481343206677
B11002028,11,13.868852459016393,2.206364934486881
B11002028,12,18.42622950819672,4.058825705947523
B11002028,13,22.688524590163933,5.13918084818767
B11002028,14,24.852459016393443,5.928082833799299
B11002028,15,24.59016393442623,5.747064964904297
B11002028,16,22.59016393442623,5.366493036808033
B11002028,17,23.065573770491802,5.069577705628978
B11002028,18,24.311475409836067,5.227734937548401
B11002028,19,27.60655737704918,6.143845884029633
B11002028,20,29.39344262295082,6.047025250307412
B11002028,21,30.81967213114754,5.781565380859906
B11002028,22,30.442622950819672,5.701666682312688
B11002028,23,30.16393442622951,5.516533503690467
B11002028,24,29.278688524590162,6.070976769496813
B11002029,1,19.24590163934426,2.4538744052788357
B11002029,2,10.049180327868852,2.819290862518775
B11002029,3,5.557377049180328,1.7511082220625025
B11002029,4,4.508196721311475,0.6924167895718976
B11002029,5,4.442622950819672,0.7134444310488178
B11002029,6,4.295081967213115,0.6361838659649921
B11002029,7,4.147540983606557,0.6735291339073487
B11002029,8,4.032786885245901,0.626392563099764
B11002029,9,4.114754098360656,0.5461747950477929
B11002029,10,4.114754098360656,0.7265088461036177
B11002029,11,8.262295081967213,1.6684304919202526
B11002029,12,12.770491803278688,2.4984811295766964
B11002029,13,15.655737704918034,2.553591144737148
B11002029,14,15.852459016393443,2.455078814625971
B11002029,15,15.39344262295082,2.765588832594276
B11002029,16,14.344262295081966,3.0615823932851165
B11002029,17,14.40983606557377,2.94972657349311
B11002029,18,15.78688524590164,3.0088108543614545
B11002029,19,20.721311475409838,2.6372560724183876
B11002029,20,24.016393442622952,2.819672131147541
B11002029,21,23.901639344262296,2.9956521391476514
B11002029,22,23.0,2.839995382125084
B11002029,23,21.9672131147541,2.4155725188713264
B11002029,24,21.098360655737704,2.323824702290734
B11002030,1,26.704918032786885,4.684625227045546
B11002030,2,15.245901639344263,4.810015976609975
B11002030,3,7.950819672131147,2.0679143647503584
B11002030,4,6.409836065573771,1.1787329844096754
B11002030,5,6.60655737704918,0.7950397149496485
B11002030,6,6.278688524590164,0.8323608049040069
B11002030,7,6.131147540983607,0.7990857447182913
B11002030,8,6.131147540983607,0.7349675990642588
B11002030,9,5.819672131147541,0.7130676449485753
B11002030,10,5.885245901639344,0.6553277406985799
B11002030,11,9.01639344262295,1.624523166142622
B11002030,12,18.18032786885246,4.87720760178021
B11002030,13,27.0327868852459,6.0434688039312565
B11002030,14,26.918032786885245,6.101048235565386
B11002030,15,26.131147540983605,6.5698651577750375
B11002030,16,24.918032786885245,6.614180201402887
B11002030,17,24.459016393442624,6.550118933951626
B11002030,18,27.311475409836067,7.702545850383766
B11002030,19,30.311475409836067,7.425125673400334
B11002030,20,34.19672131147541,6.613001778987368
B11002030,21,34.39344262295082,6.2312767118643215
B11002030,22,32.885245901639344,5.7973944420387316
B11002030,23,30.81967213114754,4.740852094405246
B11002030,24,30.016393442622952,4.49586988347498
B11002031,1,31.81967213114754,5.442721705602185
B11002031,2,29.885245901639344,4.975673150457948
B11002031,3,27.21311475409836,4.998736739100339
B11002031,4,11.98360655737705,5.629232260726404
B11002031,5,8.524590163934427,1.869571331397104
B11002031,6,8.081967213114755,1.0603909264784412
B11002031,7,8.032786885245901,0.6520387475852898
B11002031,8,8.032786885245901,0.767521305620959
B11002031,9,7.918032786885246,0.7530284641216952
B11002031,10,7.967213114754099,0.8291258109115928
B11002031,11,15.327868852459016,4.961231045919656
B11002031,12,28.540983606557376,6.245191646751066
B11002031,13,32.75409836065574,8.133427760659472
B11002031,14,34.50819672131148,8.383478973493382
B11002031,15,33.22950819672131,9.075987852340617
B11002031,16,30.39344262295082,8.437384973884239
B11002031,17,27.737704918032787,7.112449577669697
B11002031,18,28.049180327868854,7.039528275710741
B11002031,19,31.983606557377048,5.888281786954489
B11002031,20,34.049180327868854,5.761449696632448
B11002031,21,34.49180327868852,5.461108248841349
B11002031,22,34.442622950819676,6.001433135302438
B11002031,23,33.34426229508197,5.571841517704393
B11002031,24,32.57377049180328,5.597010374088461
B11002032,1,21.360655737704917,3.3487594320796603
B11002032,2,11.819672131147541,3.783086590972654
B11002032,3,4.836065573770492,1.0110914062366738
B11002032,4,4.704918032786885,0.7540983606557375
B11002032,5,4.540983606557377,0.616009646821506
B11002032,6,4.60655737704918,0.6344918846020862
B11002032,7,4.442622950819672,0.5588216573462069
B11002032,8,4.508196721311475,0.5616997278364529
B11002032,9,4.622950819672131,0.6315200093199417
B11002032,10,4.754098360655738,0.7820892093033811
B11002032,11,7.360655737704918,1.6198845019063117
B11002032,12,14.180327868852459,3.821887769415817
B11002032,13,18.65573770491803,4.6900146663465305
B11002032,14,19.60655737704918,4.798492551968591
B11002032,15,19.360655737704917,4.56297568599611
B11002032,16,18.37704918032787,4.584950200584908
B11002032,17,18.065573770491802,4.068547299688651
B11002032,18,19.885245901639344,3.7245237814449217
B11002032,19,24.229508196721312,3.503597414101219
B11002032,20,25.311475409836067,4.051071437333453
B11002032,21,25.262295081967213,3.912575937960014
B11002032,22,24.639344262295083,4.258194749048912
B11002032,23,23.934426229508198,3.780315072561625
B11002032,24,23.0,3.3632536939452047
B11002033,1,33.26229508196721,4.360409212802231
B11002033,2,31.75409836065574,3.79238122221217
B11002033,3,30.770491803278688,3.609611225707346
B11002033,4,30.262295081967213,4.064648228863359
B11002033,5,25.62295081967213,4.574211154516797
B11002033,6,7.704918032786885,1.4065917684664024
B11002033,7,6.704918032786885,0.66145052465023
B11002033,8,6.721311475409836,0.6806734259680883
B11002033,9,6.836065573770492,0.9781268124705769
B11002033,10,8.540983606557377,2.8833824086453315
B11002033,11,15.885245901639344,3.4787333320146985
B11002033,12,23.60655737704918,4.926604551883813
B11002033,13,31.147540983606557,7.898611759273282
B11002033,14,32.47540983606557,8.620613034716818
B11002033,15,31.147540983606557,8.231957051883716
B11002033,16,29.37704918032787,6.959281888773967
B11002033,17,28.081967213114755,6.117148917933168
B11002033,18,27.59016393442623,5.848853184999849
B11002033,19,34.442622950819676,5.430709853561652
B11002033,20,39.09836065573771,5.894440053309439
B11002033,21,39.0,5.175604819332871
B11002033,22,37.36065573770492,4.334508071943778
B11002033,23,35.65573770491803,4.024047574522569
B11002033,24,34.60655737704918,4.48413848854078
B11002034,1,30.19672131147541,4.686288587529731
B11002034,2,18.147540983606557,4.735066484113616
B11002034,3,8.19672131147541,0.9720634151064651
B11002034,4,7.836065573770492,0.6818568637077187
B11002034,5,7.639344262295082,0.628106362644853
B11002034,6,7.590163934426229,0.6107520003343329
B11002034,7,7.540983606557377,0.616009646821506
B11002034,8,7.639344262295082,0.628106362644853
B11002034,9,7.60655737704918,0.6081061308521774
B11002034,10,7.655737704918033,1.0997055627048147
B11002034,11,10.344262295081966,2.514777609055037
B11002034,12,19.78688524590164,4.548877556015152
B11002034,13,25.868852459016395,5.081226810157607
B11002034,14,25.688524590163933,5.436793243630429
B11002034,15,25.18032786885246,5.155001380869292
B11002034,16,24.0327868852459,4.602092229519996
B11002034,17,24.721311475409838,4.117659479790389
B11002034,18,32.59016393442623,4.377202674290285
B11002034,19,32.868852459016395,3.9649092348409116
B11002034,20,34.131147540983605,3.508656320438491
B11002034,21,34.42622950819672,3.418651907603168
B11002034,22,34.78688524590164,3.3540518882090526
B11002034,23,32.34426229508197,3.6659051435307526
B11002034,24,31.42622950819672,3.6099090238454408
B11002035,1,29.16393442622951,4.838982171357575
B11002035,2,25.131147540983605,5.821034243736782
B11002035,3,10.885245901639344,2.6057839867176296
B11002035,4,7.409836065573771,1.7403320691265851
B11002035,5,6.278688524590164,1.332213092059675
B11002035,6,5.80327868852459,0.9200796852722807
B11002035,7,5.721311475409836,0.8124269962861553
B11002035,8,5.622950819672131,0.8900899646228347
B11002035,9,5.672131147540983,0.9871520798245638
B11002035,10,5.60655737704918,0.9628967315139942
B11002035,11,9.459016393442623,1.2489178330977646
B11002035,12,18.081967213114755,3.1689843331646586
B11002035,13,24.508196721311474,5.2654859842017725
B11002035,14,24.18032786885246,4.917377005458651
B11002035,15,23.770491803278688,4.589344189096998
B11002035,16,23.114754098360656,4.718635398237461
B11002035,17,26.24590163934426,4.445132676863015
B11002035,18,28.65573770491803,4.144462020503748
B11002035,19,29.557377049180328,4.4150435460561
B11002035,20,30.081967213114755,4.388117644040713
B11002035,21,30.229508196721312,4.502798556464274
B11002035,22,30.62295081967213,5.176124046535427
B11002035,23,30.19672131147541,5.650532173199751
B11002035,24,29.540983606557376,4.6467819659497165
B11002036,1,22.983606557377048,3.7438115200503774
B11002036,2,10.573770491803279,3.6053649295452517
B11002036,3,7.360655737704918,0.8104398094628377
B11002036,4,6.950819672131147,0.5559286871414154
B11002036,5,5.950819672131147,0.638292535538747
B11002036,6,5.918032786885246,0.5215073351012087
B11002036,7,5.770491803278689,0.6111918649936803
B11002036,8,6.557377049180328,0.5588216573462069
B11002036,9,6.754098360655738,0.6181871355726165
B11002036,10,7.377049180327869,1.1757653165272857
B11002036,11,9.80327868852459,2.1257181785908785
B11002036,12,16.721311475409838,3.6220234700698954
B11002036,13,20.75409836065574,4.448819101757369
B11002036,14,22.147540983606557,4.921801834440378
B11002036,15,21.852459016393443,4.7488948345862205
B11002036,16,21.049180327868854,4.232684028159432
B11002036,17,19.57377049180328,3.9149106155382216
B11002036,18,20.950819672131146,4.062730364750064
B11002036,19,25.34426229508197,4.11269623938248
B11002036,20,27.65573770491803,3.9831005547891896
B11002036,21,28.262295081967213,3.827860076516074
B11002036,22,27.672131147540984,4.0800245558382295
B11002036,23,25.885245901639344,4.20030584622447
B11002036,24,24.24590163934426,3.898952098415037
B11002037,1,20.37704918032787,2.382751780350111
B11002037,2,11.01639344262295,2.8715210071290147
B11002037,3,5.016393442622951,0.819672131147541
B11002037,4,4.622950819672131,0.6050046585982274
B11002037,5,4.524590163934426,0.49939495776156784
B11002037,6,4.491803278688525,0.5901639344262295
B11002037,7,4.360655737704918,0.5131959292622468
B11002037,8,4.426229508196721,0.5855924950653033
B11002037,9,4.213114754098361,0.5466666229682973
B11002037,10,4.442622950819672,0.8967078249952356
B11002037,11,7.60655737704918,1.622371149998427
B11002037,12,13.737704918032787,2.721508979599624
B11002037,13,15.557377049180328,3.433320765787073
B11002037,14,16.0327868852459,3.639344262295082
B11002037,15,16.016393442622952,3.216207945721317
B11002037,16,15.147540983606557,3.145832869852061
B11002037,17,15.426229508196721,3.447303609610587
B11002037,18,16.918032786885245,3.403446093358969
B11002037,19,21.147540983606557,4.120464980819084
B11002037,20,22.37704918032787,4.458051968992402
B11002037,21,22.360655737704917,4.008322435924527
B11002037,22,22.229508196721312,3.6412637088617736
B11002037,23,21.524590163934427,3.1394191661654327
B11002037,24,21.016393442622952,2.4859724704612933
B11002038,1,23.770491803278688,3.7869207293774387
B11002038,2,14.19672131147541,3.710064610506936
B11002038,3,6.180327868852459,0.8964080730814634
B11002038,4,5.836065573770492,0.6818568637077187
B11002038,5,5.639344262295082,0.628106362644853
B11002038,6,5.590163934426229,0.6107520003343329
B11002038,7,5.540983606557377,0.616009646821506
B11002038,8,5.639344262295082,0.628106362644853
B11002038,9,5.60655737704918,0.6081061308521774
B11002038,10,5.672131147540983,1.019824984589888
B11002038,11,7.967213114754099,2.0403086644881405
B11002038,12,15.426229508196721,3.730507882591871
B11002038,13,20.327868852459016,3.994756035864895
B11002038,14,20.262295081967213,4.375421813274027
B11002038,15,19.75409836065574,4.111781304802324
B11002038,16,18.885245901639344,3.7112958306784263
B11002038,17,19.34426229508197,3.2435825462719428
B11002038,18,25.65573770491803,3.510570669136938
B11002038,19,25.901639344262296,3.1555567331545387
B11002038,20,26.918032786885245,2.8127058436422825
B11002038,21,27.098360655737704,2.696110848239184
B11002038,22,27.37704918032787,2.6622062490226774
B11002038,23,25.475409836065573,2.889248341623714
B11002038,24,24.81967213114754,2.939321861800118
B11002039,1,13.114754098360656,5.0215873679177125
B11002039,2,7.590163934426229,1.8850320619991712
B11002039,3,7.081967213114754,1.7301102207588397
B11002039,4,6.934426229508197,1.7913165088062604
B11002039,5,7.147540983606557,1.80923011951756
B11002039,6,7.0,1.9917864129354077
B11002039,7,7.180327868852459,1.9877344936113022
B11002039,8,8.032786885245901,2.6732874899199355
B11002039,9,8.081967213114755,2.197577518483635
B11002039,10,8.081967213114755,1.4060184683535455
B11002039,11,10.37704918032787,1.2566405178188065
B11002039,12,17.672131147540984,3.700781093784365
B11002039,13,23.34426229508197,5.8754427692285445
B11002039,14,25.540983606557376,6.50995145027804
B11002039,15,25.016393442622952,7.030359931272061
B11002039,16,23.065573770491802,6.4499811982417965
B11002039,17,21.721311475409838,5.435557333515478
B11002039,18,24.081967213114755,5.230099149507504
B11002039,19,25.42622950819672,5.271199248851866
B11002039,20,26.81967213114754,5.415545918688165
B11002039,21,26.737704918032787,5.079375330588615
B11002039,22,26.081967213114755,4.6563726189103605
B11002039,23,24.459016393442624,4.452200673352093
B11002039,24,23.0,4.2077212399096595
B11002040,1,26.81967213114754,4.596892024612351
B11002040,2,26.262295081967213,4.647938514816735
B11002040,3,26.19672131147541,4.8309781520867245
B11002040,4,24.901639344262296,4.854286319656693
B11002040,5,11.426229508196721,4.381252969947096
B11002040,6,5.032786885245901,0.5110969596104884
B11002040,7,4.983606557377049,0.33835684328770965
B11002040,8,4.967213114754099,0.36065573770491793
B11002040,9,5.032786885245901,0.403558479511186
B11002040,10,5.131147540983607,0.46076948598541634
B11002040,11,8.491803278688524,1.8253492890059415
B11002040,12,16.229508196721312,3.4183374476008828
B11002040,13,20.229508196721312,3.8041971756958337
B11002040,14,21.278688524590162,3.858697425429449
B11002040,15,20.42622950819672,3.632544230518088
B11002040,16,18.75409836065574,3.5834580684068427
B11002040,17,17.950819672131146,3.3211998103993405
B11002040,18,19.229508196721312,3.7912472216718407
B11002040,19,24.40983606557377,3.465885495541864
B11002040,20,26.0327868852459,3.7502664959503447
B11002040,21,26.60655737704918,3.6765927228871247
B11002040,22,26.24590163934426,4.366998960928592
B11002040,23,25.918032786885245,4.1460828124206115
B11002040,24,26.442622950819672,4.256237814460531
B11002041,1,26.557377049180328,10.084112793153745
B11002041,2,26.327868852459016,10.451639312120811
B11002041,3,26.83606557377049,10.884159534965725
B11002041,4,27.098360655737704,10.394993937078302
B11002041,5,15.327868852459016,7.473935718906158
B11002041,6,4.983606557377049,2.614535681303558
B11002041,7,4.147540983606557,1.0532707150300993
B11002041,8,4.016393442622951,0.7572989811443344
B11002041,9,3.737704918032787,0.6751232879335737
B11002041,10,3.6721311475409837,0.8631112512188973
B11002041,11,7.049180327868853,2.730677148399886
B11002041,12,12.852459016393443,3.253427275229245
B11002041,13,16.442622950819672,4.290762438128783
B11002041,14,16.737704918032787,4.644410140402212
B11002041,15,15.524590163934427,4.378062141030312
B11002041,16,13.80327868852459,4.199218007338078
B11002041,17,13.426229508196721,4.716413670845583
B11002041,18,16.147540983606557,5.771143778369711
B11002041,19,21.262295081967213,6.08923166529098
B11002041,20,22.672131147540984,6.031940425292324
B11002041,21,23.39344262295082,6.170470897684137
B11002041,22,24.62295081967213,7.459538803539781
B11002041,23,25.540983606557376,8.739534763646013
B11002041,24,25.950819672131146,9.286736936873735
B11002042,1,18.37704918032787,2.942976826979559
B11002042,2,7.868852459016393,3.0486514612743156
B11002042,3,4.049180327868853,1.031094111050255
B11002042,4,3.6557377049180326,0.5974054805996262
B11002042,5,3.6721311475409837,0.6458267411013838
B11002042,6,3.6557377049180326,0.5974054805996262
B11002042,7,3.639344262295082,0.9587010830959636
B11002042,8,3.5737704918032787,0.9488390903926415
B11002042,9,3.7540983606557377,1.2234825021013307
B11002042,10,4.19672131147541,1.0214048848160795
B11002042,11,9.557377049180328,1.6745402125382616
B11002042,12,12.360655737704919,2.6241800398378676
B11002042,13,14.295081967213115,3.1692387372378947
B11002042,14,15.19672131147541,4.003357902574187
B11002042,15,14.229508196721312,3.703757253238449
B11002042,16,13.344262295081966,3.2283845927556825
B11002042,17,13.081967213114755,2.6007255101707463
B11002042,18,15.39344262295082,3.441686055183648
B11002042,19,18.950819672131146,3.4184946812178376
B11002042,20,20.016393442622952,3.2111067663463064
B11002042,21,20.721311475409838,3.3345245564753556
B11002042,22,19.83606557377049,2.8981640761167275
B11002042,23,19.131147540983605,2.911117242775096
B11002042,24,18.37704918032787,2.593585621226042
B11002044,1,22.131147540983605,4.034585764326627
B11002044,2,17.114754098360656,3.0412376722112078
B11002044,3,8.147540983606557,1.1428475447825166
B11002044,4,5.311475409836065,0.6412330234625555
B11002044,5,5.180327868852459,0.4961556049318543
B11002044,6,5.049180327868853,0.4934398997800791
B11002044,7,5.213114754098361,0.4829809791034831
B11002044,8,5.081967213114754,0.48906340623528843
B11002044,9,5.131147540983607,0.49507111050955743
B11002044,10,5.098360655737705,0.5924364262161526
B11002044,11,6.868852459016393,1.286441397823833
B11002044,12,12.049180327868852,2.730677148399886
B11002044,13,17.688524590163933,4.13914136818118
B11002044,14,18.262295081967213,4.501007680779364
B11002044,15,17.704918032786885,4.502619500949481
B11002044,16,17.18032786885246,4.139011510728696
B11002044,17,17.442622950819672,3.9692448394548343
B11002044,18,22.78688524590164,3.9426825938708063
B11002044,19,22.868852459016395,3.6640719525295387
B11002044,20,23.721311475409838,3.803066698444709
B11002044,21,24.16393442622951,3.7248845415877114
B11002044,22,23.983606557377048,3.8046210180653395
B11002044,23,22.75409836065574,4.047487533592596
B11002044,24,22.40983606557377,3.60044190903542
B11002045,1,21.9672131147541,2.449270303612052
B11002045,2,10.508196721311476,3.5924463139590235
B11002045,3,5.819672131147541,1.048155236927592
B11002045,4,5.360655737704918,0.8690071003736768
B11002045,5,5.295081967213115,0.7540983606557375
B11002045,6,5.327868852459017,0.6458267411013839
B11002045,7,5.098360655737705,0.6194899550062682
B11002045,8,5.131147540983607,0.5573770491803278
B11002045,9,5.065573770491803,0.5392421050294599
B11002045,10,5.114754098360656,0.4471534982618314
B11002045,11,7.39344262295082,1.6721311475409837
B11002045,12,15.37704918032787,3.7685668642994843
B11002045,13,21.39344262295082,4.825746144718477
B11002045,14,22.459016393442624,6.031539429115685
B11002045,15,22.37704918032787,6.304211276381322
B11002045,16,22.098360655737704,6.284784952781943
B11002045,17,21.950819672131146,5.712873668973067
B11002045,18,22.983606557377048,5.555950298018815
B11002045,19,25.688524590163933,5.113598019830237
B11002045,20,27.524590163934427,4.850575620318463
B11002045,21,27.311475409836067,4.463112872389674
B11002045,22,26.672131147540984,4.226075618152295
B11002045,23,25.131147540983605,3.6008897344782724
B11002045,24,23.557377049180328,2.557692288263089
B11002046,1,19.950819672131146,3.9189586669236034
B11002046,2,15.950819672131148,3.296427422887861
B11002046,3,7.442622950819672,2.4463059482125584
B11002046,4,4.475409836065574,0.8416719772454712
B11002046,5,4.147540983606557,0.3981953377538071
B11002046,6,3.9836065573770494,0.22115963218413187
B11002046,7,3.9344262295081966,0.24753555525477874
B11002046,8,3.9508196721311477,0.21624435997168723
B11002046,9,3.918032786885246,0.3752630538445769
B11002046,10,4.114754098360656,0.5754075008125983
B11002046,11,7.622950819672131,0.83300629612541
B11002046,12,10.60655737704918,2.568910520649039
B11002046,13,14.688524590163935,4.051071437333453
B11002046,14,15.573770491803279,4.781998403827759
B11002046,15,14.770491803278688,4.274949688604154
B11002046,16,13.540983606557377,3.7920268834723676
B11002046,17,12.62295081967213,3.2751620379197237
B11002046,18,15.672131147540984,3.1452348108825214
B11002046,19,20.62295081967213,3.7027412726259343
B11002046,20,22.19672131147541,3.7100646105069357
B11002046,21,22.524590163934427,3.5878051986569464
B11002046,22,22.40983606557377,3.760785796770547
B11002046,23,21.78688524590164,3.833051919765552
B11002046,24,21.278688524590162,3.979995664965856
B11002047,1,23.081967213114755,2.4380527164327983
B11002047,2,12.80327868852459,2.8847801412440974
B11002047,3,8.147540983606557,1.1571030186899212
B11002047,4,7.229508196721311,0.8943069965236626
B11002047,5,7.147540983606557,0.7647150026026623
B11002047,6,6.918032786885246,0.6085479079760848
B11002047,7,6.770491803278689,0.6626682928330406
B11002047,8,6.688524590163935,0.75836285286691
B11002047,9,6.573770491803279,0.8387933642928544
B11002047,10,6.360655737704918,0.7689206163644967
B11002047,11,7.590163934426229,1.1070126567956808
B11002047,12,14.60655737704918,3.036816109476082
B11002047,13,21.229508196721312,4.946909757775268
B11002047,14,21.852459016393443,5.040283837875911
B11002047,15,20.737704918032787,4.724896180121488
B11002047,16,19.852459016393443,4.7211976306857215
B11002047,17,20.098360655737704,4.5868840741043035
B11002047,18,20.39344262295082,3.8762779533075324
B11002047,19,25.0,3.506434366591383
B11002047,20,26.39344262295082,4.013414753599831
B11002047,21,26.065573770491802,3.5104941152325706
B11002047,22,24.9672131147541,3.2186302611298476
B11002047,23,24.508196721311474,2.9566427062545566
B11002047,24,23.672131147540984,2.85566053612022
B11002048,1,23.098360655737704,2.726343362862154
B11002048,2,12.754098360655737,3.4529898553492524
B11002048,3,4.459016393442623,0.7371582674071184
B11002048,4,4.081967213114754,0.7309343216264903
B11002048,5,4.049180327868853,0.7111807201142251
B11002048,6,3.9672131147540983,0.6520387475852899
B11002048,7,3.918032786885246,0.7081511825067274
B11002048,8,3.819672131147541,0.757653771035498
B11002048,9,3.639344262295082,0.6281063626448531
B11002048,10,3.9344262295081966,0.39954287235914565
B11002048,11,6.344262295081967,1.9323411936245471
B11002048,12,13.442622950819672,3.4333207657870735
B11002048,13,17.75409836065574,3.9115454901448765
B11002048,14,18.24590163934426,3.915734287042294
B11002048,15,18.327868852459016,3.6874679725218082
B11002048,16,17.83606557377049,3.2802455319378825
B11002048,17,17.24590163934426,3.2925934653446207
B11002048,18,17.59016393442623,3.4086536411399515
B11002048,19,21.131147540983605,3.1177724805583136
B11002048,20,24.049180327868854,3.2311304904275198
B11002048,21,24.983606557377048,2.961456239473691
B11002048,22,24.688524590163933,2.646005238998056
B11002048,23,24.229508196721312,2.601345443954969
B11002048,24,23.508196721311474,2.5901639344262293
B11002049,1,21.934426229508198,2.827666897041355
B11002049,2,8.836065573770492,5.153958618219885
B11002049,3,5.016393442622951,2.4793693227604328
B11002049,4,4.639344262295082,2.195619983283006
B11002049,5,4.377049180327869,1.8031296510691908
B11002049,6,4.147540983606557,1.8451181984775749
B11002049,7,4.131147540983607,1.7968589153960353
B11002049,8,4.19672131147541,1.6278284048926437
B11002049,9,4.049180327868853,1.6035435095918016
B11002049,10,4.245901639344262,1.5749653933738292
B11002049,11,7.655737704918033,2.039649969179776
B11002049,12,13.573770491803279,4.719888218992587
B11002049,13,16.39344262295082,5.048222178622952
B11002049,14,16.81967213114754,4.720059032422284
B11002049,15,16.049180327868854,4.2288091937317365
B11002049,16,15.918032786885245,4.556728341612312
B11002049,17,15.19672131147541,3.793089800388084
B11002049,18,15.557377049180328,3.601113626315781
B11002049,19,20.459016393442624,3.550912007034033
B11002049,20,22.83606557377049,3.224803096639161
B11002049,21,23.262295081967213,3.377367484601193
B11002049,22,23.081967213114755,2.753805605049207
B11002049,23,23.262295081967213,2.8278569731278167
B11002049,24,22.59016393442623,2.6387841784311616
B11002050,1,23.721311475409838,3.10013827053338
B11002050,2,23.770491803278688,3.296264366600922
B11002050,3,22.83606557377049,2.9763016321495623
B11002050,4,12.62295081967213,4.357634846633858
B11002050,5,7.737704918032787,2.8220538930399104
B11002050,6,6.639344262295082,2.0327868852459017
B11002050,7,6.426229508196721,2.1306430676563863
B11002050,8,6.491803278688525,2.2222640266007274
B11002050,9,6.213114754098361,2.2405704345271986
B11002050,10,6.557377049180328,2.1157069908067774
B11002050,11,8.950819672131148,2.5570617712343378
B11002050,12,14.245901639344263,3.424385730268926
B11002050,13,18.62295081967213,4.581373315567908
B11002050,14,18.868852459016395,4.535742966363966
B11002050,15,18.081967213114755,4.1736687559233685
B11002050,16,17.19672131147541,4.120399758304325
B11002050,17,16.24590163934426,3.4482389789425776
B11002050,18,16.721311475409838,3.7246680896950948
B11002050,19,22.704918032786885,3.5033672902409987
B11002050,20,25.295081967213115,3.4845996655780915
B11002050,21,25.540983606557376,3.390312962447245
B11002050,22,25.295081967213115,3.4324596270957115
B11002050,23,24.83606557377049,3.3396786331545822
B11002050,24,24.459016393442624,3.1910416126245904
B11002051,1,32.60655737704918,4.3126907219392985
B11002051,2,16.59016393442623,4.863302019256315
B11002051,3,7.852459016393443,3.2835210288166268
B11002051,4,6.672131147540983,2.3309838313777695
B11002051,5,5.868852459016393,1.5521049676779837
B11002051,6,5.721311475409836,0.8894858994262647
B11002051,7,5.524590163934426,0.8797644501638517
B11002051,8,5.377049180327869,0.8524590163934426
B11002051,9,5.60655737704918,0.9103897296337587
B11002051,10,5.836065573770492,1.2035511372444363
B11002051,11,10.704918032786885,2.242249034114251
B11002051,12,18.508196721311474,3.82237995906538
B11002051,13,22.75409836065574,4.696199152732821
B11002051,14,23.524590163934427,4.901008786680184
B11002051,15,23.360655737704917,4.701003683851122
B11002051,16,22.770491803278688,4.670779211936069
B11002051,17,23.262295081967213,3.515313755295896
B11002051,18,26.016393442622952,5.161305602009443
B11002051,19,32.114754098360656,4.024915682471844
B11002051,20,33.557377049180324,3.952689850539153
B11002051,21,34.65573770491803,4.24219725738273
B11002051,22,34.9344262295082,4.672447501512883
B11002051,23,33.9344262295082,4.731716676173068
B11002051,24,33.21311475409836,4.053392645383761
B11002052,1,19.295081967213115,3.8680882824070197
B11002052,2,6.721311475409836,2.4369501736565544
B11002052,3,5.409836065573771,0.7327703815943283
B11002052,4,5.311475409836065,0.5878826582636428
B11002052,5,5.163934426229508,0.3702160587093841
B11002052,6,5.229508196721311,0.49234942353053135
B11002052,7,5.262295081967213,0.4756923976572757
B11002052,8,5.098360655737705,0.29780167417352377
B11002052,9,5.081967213114754,0.27431476279805755
B11002052,10,5.180327868852459,0.3844603081822483
B11002052,11,7.918032786885246,1.7301102207588397
B11002052,12,15.967213114754099,3.269166500856114
B11002052,13,19.37704918032787,3.511871830189657
B11002052,14,19.983606557377048,3.6864475026053465
B11002052,15,19.18032786885246,3.261841965401775
B11002052,16,17.78688524590164,3.110609840046712
B11002052,17,17.442622950819672,2.767046067524198
B11002052,18,21.737704918032787,3.0347800273769394
B11002052,19,27.75409836065574,3.4387175349841037
B11002052,20,29.262295081967213,3.767425695610071
B11002052,21,29.770491803278688,3.730219712348299
B11002052,22,28.770491803278688,4.166192752767388
B11002052,23,27.24590163934426,3.642444403999438
B11002052,24,25.19672131147541,3.638679602575852
B11002053,1,24.508196721311474,3.1655054283697623
B11002053,2,20.62295081967213,3.662678113729681
B11002053,3,8.60655737704918,3.484291157417631
B11002053,4,5.426229508196721,0.9993279117461096
B11002053,5,5.327868852459017,0.6947416426366261
B11002053,6,5.049180327868853,0.711180720114225
B11002053,7,4.819672131147541,0.7356985466333402
B11002053,8,4.770491803278689,0.7104245468859165
B11002053,9,4.819672131147541,0.5869676652448577
B11002053,10,5.557377049180328,0.9670741772952542
B11002053,11,15.278688524590164,2.555169286624849
B11002053,12,18.770491803278688,2.7721888293676025
B11002053,13,23.131147540983605,5.529282435987528
B11002053,14,24.295081967213115,6.286452418469006
B11002053,15,23.62295081967213,5.477716212001187
B11002053,16,22.42622950819672,5.077946585096822
B11002053,17,21.540983606557376,4.53609845533059
B11002053,18,22.442622950819672,4.217545670266623
B11002053,19,26.0327868852459,3.706295986316886
B11002053,20,27.704918032786885,3.6320263156006733
B11002053,21,28.442622950819672,3.6373499187738876
B11002053,22,27.442622950819672,3.35116613011119
B11002053,23,26.262295081967213,3.061670171784591
B11002053,24,25.459016393442624,2.7074503794360303
B11002054,1,39.08196721311475,5.843014834790407
B11002054,2,38.14754098360656,5.149681083787013
B11002054,3,37.36065573770492,5.279197613166277
B11002054,4,35.704918032786885,5.006043109705728
B11002054,5,32.68852459016394,5.360881330792349
B11002054,6,16.081967213114755,8.180935619199213
B11002054,7,6.967213114754099,1.4021904773995473
B11002054,8,6.786885245901639,1.0419835135784068
B11002054,9,6.852459016393443,1.2258963341534372
B11002054,10,7.491803278688525,1.2626143943586692
B11002054,11,12.295081967213115,1.5924438615843792
B11002054,12,20.770491803278688,5.896354646625767
B11002054,13,30.852459016393443,9.75072265598269
B11002054,14,33.721311475409834,9.97723827148244
B11002054,15,33.31147540983606,9.529145943542357
B11002054,16,31.75409836065574,8.831121826338748
B11002054,17,30.327868852459016,8.18178967851509
B11002054,18,31.442622950819672,7.616902236310118
B11002054,19,36.24590163934426,5.813087940170976
B11002054,20,38.42622950819672,5.5203320653073416
B11002054,21,39.0655737704918,5.206770033234053
B11002054,22,39.18032786885246,5.000026874423879
B11002054,23,38.77049180327869,5.540886603089208
B11002054,24,38.47540983606557,5.440005295854007
B11002055,1,22.39344262295082,5.749636306458344
B11002055,2,23.0,6.445229523186693
B11002055,3,24.327868852459016,6.834630505501725
B11002055,4,22.885245901639344,6.716991814636447
B11002055,5,9.688524590163935,3.5966331414690265
B11002055,6,7.0,0.9750998267516755
B11002055,7,6.918032786885246,1.1494129929808594
B11002055,8,6.770491803278689,1.1508150016251961
B11002055,9,6.836065573770492,1.2568543594808357
B11002055,10,6.754098360655738,1.2234825021013307
B11002055,11,12.360655737704919,2.611656009315099
B11002055,12,19.37704918032787,5.967573399319846
B11002055,13,22.42622950819672,6.3231529186452455
B11002055,14,22.57377049180328,5.918736618607111
B11002055,15,21.16393442622951,5.870683842840229
B11002055,16,19.885245901639344,5.365641637813136
B11002055,17,20.081967213114755,5.038523990111094
B11002055,18,20.868852459016395,5.145347762900237
B11002055,19,23.262295081967213,4.875168393373331
B11002055,20,24.37704918032787,5.1570862736284395
B11002055,21,24.098360655737704,5.013767661650209
B11002055,22,23.524590163934427,4.389281121830844
B11002055,23,22.885245901639344,4.648632306020941
B11002055,24,22.42622950819672,4.802523299858799
B11002056,1,17.459016393442624,3.5785049103185367
B11002056,2,9.311475409836065,2.8024636913256527
B11002056,3,6.213114754098361,0.9428723832490759
B11002056,4,6.180327868852459,0.8590539348573051
B11002056,5,5.770491803278689,0.7765717562181647
B11002056,6,5.983606557377049,0.8776235288081424
B11002056,7,5.934426229508197,0.7865436416980431
B11002056,8,5.688524590163935,0.8004298764415544
B11002056,9,6.114754098360656,0.8317148127190703
B11002056,10,6.032786885245901,0.9575791387875562
B11002056,11,8.672131147540984,2.467635168954807
B11002056,12,17.42622950819672,4.114982685832716
B11002056,13,19.81967213114754,4.9967471278537925
B11002056,14,21.114754098360656,4.683764636383919
B11002056,15,20.950819672131146,4.259709177744094
B11002056,16,20.262295081967213,4.296020420564856
B11002056,17,19.868852459016395,4.217354503835141
B11002056,18,21.081967213114755,4.852902062184496
B11002056,19,21.34426229508197,4.382847513277631
B11002056,20,21.704918032786885,4.26708432068535
B11002056,21,22.21311475409836,4.153271489897898
B11002056,22,21.59016393442623,4.282549605161216
B11002056,23,20.24590163934426,4.325508546638937
B11002056,24,19.491803278688526,3.6287691578061265
B11002057,1,21.131147540983605,4.667555999773174
B11002057,2,20.83606557377049,4.6347947338807005
B11002057,3,16.918032786885245,4.506079979961548
B11002057,4,6.754098360655738,3.0496209799699243
B11002057,5,4.950819672131147,1.8941344275887446
B11002057,6,4.868852459016393,1.8419110695328709
B11002057,7,4.786885245901639,1.7935654946370951
B11002057,8,4.639344262295082,1.4824966412506768
B11002057,9,4.508196721311475,0.9165679179340566
B11002057,10,4.590163934426229,1.1217236324299018
B11002057,11,9.524590163934427,3.022356899090017
B11002057,12,15.934426229508198,5.037137010341425
B11002057,13,19.098360655737704,6.2926053871549925
B11002057,14,19.918032786885245,6.746693378234157
B11002057,15,19.295081967213115,6.049913323576592
B11002057,16,17.672131147540984,5.123783538879461
B11002057,17,17.37704918032787,4.2586996184521215
B11002057,18,19.83606557377049,4.204526553214248
B11002057,19,21.885245901639344,4.273817967754312
B11002057,20,22.475409836065573,4.190569261290611
B11002057,21,22.9672131147541,3.9628074710920234
B11002057,22,22.491803278688526,3.704772955232927
B11002057,23,21.508196721311474,3.642296838038148
B11002057,24,20.672131147540984,3.7360508275556175
B11002058,1,26.983606557377048,4.411207051191498
B11002058,2,26.114754098360656,3.93428961511452
B11002058,3,25.442622950819672,4.2523844426389585
B11002058,4,23.278688524590162,4.24314740721749
B11002058,5,12.40983606557377,4.399616410926007
B11002058,6,7.229508196721311,2.3911958913724365
B11002058,7,6.19672131147541,1.8626587038217362
B11002058,8,6.016393442622951,1.4875637832164805
B11002058,9,5.983606557377049,1.348852618408145
B11002058,10,6.442622950819672,1.929279064908167
B11002058,11,10.819672131147541,3.3608556517907977
B11002058,12,18.852459016393443,5.383143287908693
B11002058,13,26.42622950819672,8.195278561551422
B11002058,14,26.868852459016395,8.87892219466346
B11002058,15,26.65573770491803,8.636341905284423
B11002058,16,25.311475409836067,8.344117361619341
B11002058,17,24.442622950819672,8.23929925033206
B11002058,18,25.37704918032787,7.110749042709985
B11002058,19,29.721311475409838,6.204522801800718
B11002058,20,31.508196721311474,6.226919220424669
B11002058,21,31.57377049180328,6.1974585388503085
B11002058,22,30.672131147540984,5.872194304517983
B11002058,23,29.0,4.9852240688251355
B11002058,24,27.737704918032787,4.821065929834592
B11002059,1,20.934426229508198,5.269363517912023
B11002059,2,20.24590163934426,4.894479116963392
B11002059,3,18.81967213114754,3.9484721955950586
B11002059,4,17.24590163934426,2.7200273486144266
B11002059,5,12.049180327868852,2.342943570391578
B11002059,6,7.737704918032787,1.353824447348366
B11002059,7,6.475409836065574,1.1538468429355915
B11002059,8,5.639344262295082,0.7020528887004543
B11002059,9,5.442622950819672,0.6408137798587562
B11002059,10,5.704918032786885,1.1782769066273053
B11002059,11,8.442622950819672,1.954604401414935
B11002059,12,16.918032786885245,4.1618685981699635
B11002059,13,24.704918032786885,6.9972928308378295
B11002059,14,26.131147540983605,7.493112487392903
B11002059,15,24.9672131147541,7.408385176392708
B11002059,16,22.901639344262296,6.958200535310805
B11002059,17,20.770491803278688,6.2473428912420435
B11002059,18,21.0327868852459,6.148349673585624
B11002059,19,24.39344262295082,5.507903973485205
B11002059,20,26.147540983606557,4.565860720299383
B11002059,21,26.442622950819672,4.426168791326119
B11002059,22,24.9672131147541,4.093045734023944
B11002059,23,23.704918032786885,4.447671198688369
B11002059,24,22.16393442622951,4.694539303743085
B11002060,1,25.18032786885246,3.5552233414029155
B11002060,2,17.0,3.3387933424527128
B11002060,3,10.081967213114755,1.7768555940772757
B11002060,4,8.081967213114755,0.9460024948362957
B11002060,5,7.704918032786885,0.964012487081256
B11002060,6,7.327868852459017,0.9533600884294237
B11002060,7,7.245901639344262,0.9348575363530002
B11002060,8,7.262295081967213,1.0386251843578465
B11002060,9,7.327868852459017,1.1267436247501366
B11002060,10,7.229508196721311,1.136480656553247
B11002060,11,15.688524590163935,3.3414485109058116
B11002060,12,23.491803278688526,5.161722138657849
B11002060,13,27.491803278688526,5.638343410995566
B11002060,14,28.704918032786885,5.81784778609185
B11002060,15,27.78688524590164,5.66876617708281
B11002060,16,26.540983606557376,5.670093446166107
B11002060,17,25.18032786885246,5.26201418993953
B11002060,18,28.114754098360656,6.813916234275933
B11002060,19,29.262295081967213,6.640416833016232
B11002060,20,30.19672131147541,6.73824336726057
B11002060,21,30.0327868852459,5.914603247685588
B11002060,22,29.311475409836067,5.259000040855979
B11002060,23,26.918032786885245,4.15003488812992
B11002060,24,26.262295081967213,3.8915698688413873
B11002061,1,22.721311475409838,3.8586974254294493
B11002061,2,12.163934426229508,4.677046594610652
B11002061,3,6.721311475409836,1.640982787703895
B11002061,4,5.819672131147541,0.9322667021713397
B11002061,5,5.704918032786885,0.9640124870812561
B11002061,6,5.39344262295082,0.8153986960948122
B11002061,7,5.311475409836065,1.0169221258538246
B11002061,8,5.295081967213115,1.013745890737069
B11002061,9,5.19672131147541,0.9020863273572198
B11002061,10,5.377049180327869,0.9609410419510062
B11002061,11,9.868852459016393,1.824023743698508
B11002061,12,19.852459016393443,5.303373703762819
B11002061,13,24.40983606557377,6.307365065658255
B11002061,14,25.918032786885245,6.4357991643750765
B11002061,15,24.24590163934426,6.507639237799033
B11002061,16,21.40983606557377,5.9018670265734565
B11002061,17,19.40983606557377,4.986463805604219
B11002061,18,20.524590163934427,4.554250608225924
B11002061,19,23.688524590163933,4.894094747441686
B11002061,20,26.0,4.544858381172952
B11002061,21,26.852459016393443,4.295770186383576
B11002061,22,26.360655737704917,4.053061125623551
B11002061,23,25.80327868852459,3.9372940367933875
B11002061,24,24.114754098360656,4.439385427322038
B11002063,1,19.0,3.167457479627138
B11002063,2,8.180327868852459,2.888690194541983
B11002063,3,5.098360655737705,1.636719209750647
B11002063,4,4.590163934426229,1.0769880462725798
B11002063,5,4.344262295081967,0.6747251025330059
B11002063,6,4.262295081967213,0.6246740617461524
B11002063,7,4.39344262295082,0.6081061308521774
B11002063,8,4.229508196721311,0.5549610124528117
B11002063,9,4.213114754098361,0.6036705783449826
B11002063,10,4.147540983606557,0.4734271828915951
B11002063,11,4.737704918032787,0.6246740617461524
B11002063,12,17.065573770491802,2.455297734668729
B11002063,13,19.098360655737704,3.3225751322237547
B11002063,14,17.983606557377048,3.2162079457213175
B11002063,15,17.9672131147541,3.2135329269535866
B11002063,16,16.65573770491803,3.1356503542831495
B11002063,17,16.0327868852459,3.0833620840678684
B11002063,18,17.770491803278688,3.0157697145578424
B11002063,19,20.21311475409836,2.096951371015854
B11002063,20,20.737704918032787,2.2390106080790613
B11002063,21,21.57377049180328,2.7666575465917127
B11002063,22,21.016393442622952,2.8942668217299587
B11002063,23,20.737704918032787,2.585594641592442
B11002063,24,20.21311475409836,2.886456526939816
B11002064,1,25.295081967213115,4.270924429802599
B11002064,2,22.311475409836067,3.3561345036771653
B11002064,3,10.852459016393443,2.514456989737223
B11002064,4,5.622950819672131,0.8524590163934427
B11002064,5,5.295081967213115,0.6098713192701074
B11002064,6,5.19672131147541,0.6731300054966494
B11002064,7,5.163934426229508,0.5777380389083965
B11002064,8,5.131147540983607,0.613386456848187
B11002064,9,5.147540983606557,0.6735291339073487
B11002064,10,5.131147540983607,0.8584280302679375
B11002064,11,7.508196721311475,1.386385213892851
B11002064,12,15.278688524590164,3.6937303883298784
B11002064,13,21.21311475409836,6.0682315842922465
B11002064,14,22.918032786885245,6.466293645290302
B11002064,15,22.62295081967213,6.529037120348817
B11002064,16,22.672131147540984,6.168989904499497
B11002064,17,24.557377049180328,5.818355889018525
B11002064,18,25.868852459016395,5.730205872295287
B11002064,19,28.327868852459016,5.4373369550845565
B11002064,20,29.78688524590164,5.498478937504059
B11002064,21,29.62295081967213,5.46573209718854
B11002064,22,28.737704918032787,5.130754711826189
B11002064,23,27.475409836065573,4.947615943114319
B11002064,24,26.37704918032787,4.2586996184521215
B11002065,1,22.57377049180328,7.972203793454804
B11002065,2,16.60655737704918,7.905753639430185
B11002065,3,7.262295081967213,3.104209935355967
B11002065,4,5.639344262295082,0.628106362644853
B11002065,5,5.639344262295082,0.6536853127008816
B11002065,6,5.524590163934426,0.5312082539678573
B11002065,7,5.475409836065574,0.5612210743811046
B11002065,8,5.688524590163935,0.5878826582636428
B11002065,9,5.590163934426229,0.5832933401526949
B11002065,10,7.131147540983607,1.562631343579341
B11002065,11,12.852459016393443,1.5974987167317816
B11002065,12,18.885245901639344,3.8923984794903697
B11002065,13,22.442622950819672,5.2527107448734816
B11002065,14,23.81967213114754,5.655428834521577
B11002065,15,23.098360655737704,5.394912351444044
B11002065,16,20.491803278688526,4.950982518220697
B11002065,17,17.65573770491803,4.420092892361305
B11002065,18,19.21311475409836,5.800267812071226
B11002065,19,24.0,6.942385851526506
B11002065,20,27.770491803278688,7.700103134550841
B11002065,21,29.65573770491803,9.038869155117386
B11002065,22,28.34426229508197,8.781286447264216
B11002065,23,26.868852459016395,9.074329510228228
B11002065,24,25.40983606557377,8.505306056848658
B11002066,1,21.327868852459016,3.7007810937843644
B11002066,2,11.819672131147541,1.594130594248291
B11002066,3,11.40983606557377,1.1362441607320302
B11002066,4,11.262295081967213,1.0697270885951116
B11002066,5,11.180327868852459,1.1089530836254267
B11002066,6,11.180327868852459,1.1665866803053897
B11002066,7,11.311475409836065,1.0945615726310558
B11002066,8,11.163934426229508,1.1040956223267369
B11002066,9,11.180327868852459,1.0940704074402348
B11002066,10,11.098360655737705,1.1970581156412252
B11002066,11,15.770491803278688,2.870959413654405
B11002066,12,21.19672131147541,5.389180637047357
B11002066,13,24.557377049180328,6.69358535639964
B11002066,14,25.40983606557377,7.264052631201346
B11002066,15,25.491803278688526,7.340931621807605
B11002066,16,24.360655737704917,6.6850280156487045
B11002066,17,23.508196721311474,6.5402234654248765
B11002066,18,22.83606557377049,6.19672131147541
B11002066,19,27.901639344262296,6.018291566393586
B11002066,20,31.34426229508197,5.737095986422991
B11002066,21,31.639344262295083,5.560495280703813
B11002066,22,31.34426229508197,5.656521684794071
B11002066,23,30.852459016393443,5.410481829317009
B11002066,24,30.229508196721312,5.403075756176476
B11002067,1,20.459016393442624,2.8026554766939746
B11002067,2,17.508196721311474,2.4064323012121323
B11002067,3,7.950819672131147,2.825099618195394
B11002067,4,5.524590163934426,1.080475872346497
B11002067,5,5.213114754098361,0.6036705783449826
B11002067,6,5.163934426229508,0.4501485317293765
B11002067,7,5.0,0.47907013758040845
B11002067,8,5.032786885245901,0.5996505297761272
B11002067,9,4.967213114754099,0.54222411175545
B11002067,10,5.049180327868853,0.6120706459867039
B11002067,11,9.704918032786885,3.6946761090328915
B11002067,12,18.442622950819672,5.661270755117789
B11002067,13,23.80327868852459,6.998406544938237
B11002067,14,25.16393442622951,6.900178966243693
B11002067,15,24.508196721311474,6.706060265846824
B11002067,16,22.524590163934427,5.86628756114693
B11002067,17,21.42622950819672,5.712967752183617
B11002067,18,21.59016393442623,5.634719796603932
B11002067,19,24.540983606557376,4.920928109487848
B11002067,20,25.83606557377049,4.936250411683712
B11002067,21,25.098360655737704,4.6683620114476385
B11002067,22,24.42622950819672,4.484797695945214
B11002067,23,22.918032786885245,4.082329301209689
B11002067,24,21.491803278688526,3.4002070853987414
B11002068,1,24.442622950819672,2.95609728407505
B11002068,2,11.721311475409836,3.942750756253036
B11002068,3,4.901639344262295,1.1265050847612772
B11002068,4,4.688524590163935,0.6904734324148422
B11002068,5,4.508196721311475,0.5616997278364529
B11002068,6,4.557377049180328,0.5874253399071776
B11002068,7,4.491803278688525,0.5616997278364529
B11002068,8,4.442622950819672,0.6408137798587562
B11002068,9,4.590163934426229,0.6622626189089886
B11002068,10,4.770491803278689,0.9124537737754588
B11002068,11,9.737704918032787,2.5148844730775672
B11002068,12,18.311475409836067,3.532244833087131
B11002068,13,20.934426229508198,3.974792921542967
B11002068,14,21.459016393442624,4.079431696565634
B11002068,15,21.672131147540984,4.618996099414556
B11002068,16,21.065573770491802,4.423739433152315
B11002068,17,20.639344262295083,3.2594517636431224
B11002068,18,21.950819672131146,3.375059098490208
B11002068,19,24.983606557377048,2.7904509493880387
B11002068,20,26.19672131147541,2.8215777015016603
B11002068,21,26.262295081967213,2.7928576313504068
B11002068,22,26.16393442622951,2.7352005822623457
B11002068,23,25.42622950819672,2.7961273945123426
B11002068,24,24.934426229508198,2.9745855336528706
B11002069,1,36.14754098360656,6.882708353628478
B11002069,2,35.9344262295082,7.080031611624844
B11002069,3,35.63934426229508,7.888636331874187
B11002069,4,32.80327868852459,8.099422509531557
B11002069,5,18.16393442622951,7.154455972189301
B11002069,6,9.540983606557377,2.86627518894255
B11002069,7,8.245901639344263,1.7985033641839312
B11002069,8,7.934426229508197,1.7729187979797738
B11002069,9,8.295081967213115,1.5717199756336897
B11002069,10,13.557377049180328,2.123441300388257
B11002069,11,17.901639344262296,2.809264054101206
B11002069,12,29.016393442622952,8.767473051800922
B11002069,13,34.49180327868852,9.381920092232637
B11002069,14,36.63934426229508,9.342363914151187
B11002069,15,36.90163934426229,9.18070842302575
B11002069,16,35.557377049180324,9.023693021323355
B11002069,17,35.34426229508197,7.790042500571451
B11002069,18,37.622950819672134,7.069129226006181
B11002069,19,39.83606557377049,7.716663527438532
B11002069,20,40.278688524590166,7.020184359685056
B11002069,21,39.98360655737705,6.408221674187838
B11002069,22,38.557377049180324,5.921687260010858
B11002069,23,37.68852459016394,6.550036875397531
B11002069,24,36.36065573770492,6.558770343781453
B11002070,1,30.37704918032787,5.8706380652075
B11002070,2,24.459016393442624,6.941379299065981
B11002070,3,13.721311475409836,11.252877442638777
B11002070,4,11.163934426229508,10.83282856340968
B11002070,5,8.426229508196721,7.150510738134616
B11002070,6,4.459016393442623,1.139078869904276
B11002070,7,4.114754098360656,0.6798833230599254
B11002070,8,4.098360655737705,0.5342351061246007
B11002070,9,4.098360655737705,0.4688639228221342
B11002070,10,4.131147540983607,0.49507111050955743
B11002070,11,12.80327868852459,2.798241087652704
B11002070,12,17.885245901639344,2.776354259153408
B11002070,13,19.704918032786885,4.209062285254309
B11002070,14,20.540983606557376,4.650308540766023
B11002070,15,20.360655737704917,4.958955425719246
B11002070,16,19.114754098360656,4.895961402450644
B11002070,17,18.442622950819672,4.240803319214432
B11002070,18,19.229508196721312,4.425683026373761
B11002070,19,25.475409836065573,4.75155386966166
B11002070,20,29.918032786885245,4.764262735068364
B11002070,21,30.60655737704918,5.054712745075872
B11002070,22,31.0327868852459,5.1881555303442015
B11002070,23,31.524590163934427,5.776170826957799
B11002070,24,31.19672131147541,5.6009942680907265
B11002071,1,28.327868852459016,7.980963645081451
B11002071,2,27.721311475409838,8.669016143887557
B11002071,3,27.0,8.500723209349143
B11002071,4,24.770491803278688,8.187141943361706
B11002071,5,11.672131147540984,5.562524817333947
B11002071,6,7.213114754098361,3.5580191306923123
B11002071,7,6.622950819672131,1.1896263971492942
B11002071,8,6.459016393442623,1.1099220249056232
B11002071,9,6.573770491803279,1.0933332459365948
B11002071,10,6.475409836065574,0.8219640089653556
B11002071,11,10.852459016393443,3.920672682220135
B11002071,12,19.34426229508197,7.107800484993932
B11002071,13,25.721311475409838,8.116227718490464
B11002071,14,27.508196721311474,8.749000787574136
B11002071,15,26.950819672131146,8.472571424381877
B11002071,16,23.9672131147541,8.444548562829864
B11002071,17,21.983606557377048,7.396259141473199
B11002071,18,21.327868852459016,7.178568539610268
B11002071,19,25.524590163934427,5.829845644772291
B11002071,20,29.524590163934427,6.560204308536383
B11002071,21,29.83606557377049,6.466002712469837
B11002071,22,29.131147540983605,6.814823307756157
B11002071,23,28.557377049180328,7.088491226927445
B11002071,24,28.19672131147541,6.791556165698765
B11002072,1,17.524590163934427,1.455420139634625
B11002072,2,10.573770491803279,2.7006921783883397
B11002072,3,5.819672131147541,1.108953083625427
B11002072,4,5.459016393442623,0.8410331369429941
B11002072,5,5.540983606557377,0.8791532903470113
B11002072,6,5.327868852459017,0.8819001741844438
B11002072,7,5.311475409836065,0.8596793837460259
B11002072,8,5.213114754098361,0.8320378715048865
B11002072,9,5.39344262295082,0.6842175985150559
B11002072,10,6.409836065573771,1.1362441607320302
B11002072,11,9.836065573770492,1.8745957192029912
B11002072,12,12.475409836065573,1.5744534037433402
B11002072,13,14.327868852459016,1.666657708477224
B11002072,14,14.836065573770492,1.6711665491638898
B11002072,15,14.655737704918034,1.4697523589962562
B11002072,16,13.901639344262295,1.5961523206082735
B11002072,17,13.491803278688524,1.7706435879078224
B11002072,18,14.672131147540984,2.5202218967840575
B11002072,19,17.770491803278688,2.3003452529391533
B11002072,20,18.868852459016395,2.221175363321208
B11002072,21,19.098360655737704,1.8528216676794669
B11002072,22,19.18032786885246,1.6447452014667554
B11002072,23,18.672131147540984,1.2895711763473532
B11002072,24,18.295081967213115,1.5294300052053247
B11002073,1,26.508196721311474,6.3287606608469815
B11002073,2,26.19672131147541,6.064731886634307
B11002073,3,26.16393442622951,6.463466886464367
B11002073,4,25.131147540983605,6.374836313774024
B11002073,5,11.147540983606557,4.314808908914912
B11002073,6,5.934426229508197,1.1716438285380746
B11002073,7,5.39344262295082,0.684217598515056
B11002073,8,5.360655737704918,0.5131959292622468
B11002073,9,5.213114754098361,0.6036705783449826
B11002073,10,6.245901639344262,0.9692947868258677
B11002073,11,11.770491803278688,3.8513078154410194
B11002073,12,21.34426229508197,5.521597671800624
B11002073,13,25.442622950819672,6.941263149005055
B11002073,14,26.049180327868854,7.32931734684483
B11002073,15,25.295081967213115,6.971474106872202
B11002073,16,24.098360655737704,6.3496609384959966
B11002073,17,22.62295081967213,5.873429847875019
B11002073,18,21.475409836065573,5.736299593706357
B11002073,19,23.508196721311474,5.4970124548261525
B11002073,20,25.83606557377049,5.498674438977454
B11002073,21,26.295081967213115,5.454263672247257
B11002073,22,26.065573770491802,5.287997087307971
B11002073,23,26.065573770491802,5.577674621110857
B11002073,24,26.065573770491802,5.847428613681308
B11002074,1,22.19672131147541,4.724611779111203
B11002074,2,11.426229508196721,4.317175064494133
B11002074,3,5.508196721311475,2.545474613992655
B11002074,4,5.19672131147541,2.0631002624265515
B11002074,5,5.049180327868853,0.7980761603041366
B11002074,6,5.0,0.7892723355548015
B11002074,7,4.918032786885246,0.7953776702103741
B11002074,8,4.852459016393443,0.7858599878168447
B11002074,9,4.885245901639344,0.7703173852111955
B11002074,10,5.0,0.7682212795973759
B11002074,11,6.442622950819672,2.123441300388257
B11002074,12,15.475409836065573,4.2604031109860925
B11002074,13,17.983606557377048,4.660583947366339
B11002074,14,18.049180327868854,4.7440255075897495
B11002074,15,17.852459016393443,4.460522889196025
B11002074,16,17.524590163934427,4.306329909685368
B11002074,17,17.311475409836067,4.107334437785844
B11002074,18,18.868852459016395,4.792327918649871
B11002074,19,20.21311475409836,4.273880848996805
B11002074,20,21.295081967213115,4.68812333488758
B11002074,21,21.524590163934427,5.183854371364015
B11002074,22,22.229508196721312,5.614365189354983
B11002074,23,21.950819672131146,4.8769320829033855
B11002074,24,22.360655737704917,4.892392176568874
B11002075,1,13.950819672131148,4.740568650638475
B11002075,2,6.245901639344262,3.4099936911865014
B11002075,3,4.540983606557377,1.5425523929439662
B11002075,4,3.918032786885246,0.7744925777716537
B11002075,5,3.6721311475409837,0.592889879345086
B11002075,6,3.622950819672131,0.6050046585982273
B11002075,7,3.5737704918032787,0.5855924950653033
B11002075,8,3.4754098360655736,0.5312082539678574
B11002075,9,3.4918032786885247,0.5616997278364528
B11002075,10,3.901639344262295,0.6194899550062684
B11002075,11,8.770491803278688,2.438714002837916
B11002075,12,14.524590163934427,3.022356899090017
B11002075,13,16.459016393442624,4.026851556582096
B11002075,14,16.80327868852459,4.171801011125898
B11002075,15,16.62295081967213,3.9303941087428256
B11002075,16,16.049180327868854,3.769707687533487
B11002075,17,15.557377049180328,3.3609356140956064
B11002075,18,16.442622950819672,3.0219122713716726
B11002075,19,20.295081967213115,2.6385804820953425
B11002075,20,21.83606557377049,2.423791420101799
B11002075,21,22.065573770491802,2.346038533770271
B11002075,22,21.57377049180328,2.3916454065359845
B11002075,23,21.442622950819672,2.3575799634505348
B11002075,24,20.62295081967213,2.1891231452621107
B11002076,1,41.78688524590164,8.733044000314075
B11002076,2,41.77049180327869,8.939493224025165
B11002076,3,41.90163934426229,9.338278210435863
B11002076,4,40.278688524590166,9.233103571319928
B11002076,5,16.229508196721312,7.288871919336365
B11002076,6,8.655737704918034,3.0400886845435635
B11002076,7,7.80327868852459,1.7538685309828812
B11002076,8,7.426229508196721,1.3725531599301297
B11002076,9,7.327868852459017,1.1695776381466867
B11002076,10,7.967213114754099,2.1574667378835546
B11002076,11,12.032786885245901,4.493956645499741
B11002076,12,22.098360655737704,5.373599453163791
B11002076,13,30.360655737704917,7.559670360766446
B11002076,14,31.278688524590162,7.857608086269593
B11002076,15,30.75409836065574,7.5631889746148095
B11002076,16,30.262295081967213,7.58320326654766
B11002076,17,29.80327868852459,7.0147845558474335
B11002076,18,30.442622950819672,6.554999569003586
B11002076,19,40.377049180327866,6.2046094299245915
B11002076,20,40.967213114754095,6.391508744932555
B11002076,21,41.049180327868854,6.176173757186343
B11002076,22,41.049180327868854,6.4054951549897075
B11002076,23,41.08196721311475,6.826407455830877
B11002076,24,41.68852459016394,7.356364443335161
B11002077,1,31.21311475409836,3.2799178023405076
B11002077,2,31.21311475409836,3.8924675224156986
B11002077,3,30.491803278688526,3.628769157806127
B11002077,4,28.868852459016395,3.355814185422685
B11002077,5,19.0327868852459,3.7239464925227197
B11002077,6,10.032786885245901,1.8462830459411261
B11002077,7,7.885245901639344,0.9425873122272165
B11002077,8,8.098360655737705,0.9868797995601583
B11002077,9,7.934426229508197,0.9209555347664355
B11002077,10,7.983606557377049,0.9494053924964104
B11002077,11,13.852459016393443,2.2820472946189616
B11002077,12,21.147540983606557,3.5056678490684874
B11002077,13,28.442622950819672,4.643079073638895
B11002077,14,30.459016393442624,5.336462174579228
B11002077,15,30.81967213114754,5.821126578816198
B11002077,16,30.557377049180328,5.5412746067732455
B11002077,17,35.67213114754098,4.850963438110237
B11002077,18,34.81967213114754,4.836704597958392
B11002077,19,33.77049180327869,5.051840900052278
B11002077,20,34.950819672131146,4.481020922565021
B11002077,21,34.868852459016395,4.248337803539846
B11002077,22,34.21311475409836,4.176887044232118
B11002077,23,33.49180327868852,3.6332839809036246
B11002077,24,32.131147540983605,3.375297970263918
B11002078,1,26.868852459016395,4.018299982420857
B11002078,2,25.81967213114754,4.217481949085576
B11002078,3,25.098360655737704,4.291451350021292
B11002078,4,13.245901639344263,4.0434352287802975
B11002078,5,7.245901639344262,1.7240415508373648
B11002078,6,5.737704918032787,0.956455878414087
B11002078,7,5.229508196721311,0.7974023939026431
B11002078,8,5.245901639344262,1.0347366451186557
B11002078,9,5.213114754098361,0.7916522273868615
B11002078,10,5.721311475409836,1.1181241249167169
B11002078,11,11.327868852459016,2.671779117915901
B11002078,12,17.60655737704918,4.733136375768811
B11002078,13,21.75409836065574,5.391723279690029
B11002078,14,22.34426229508197,5.325119088644916
B11002078,15,22.18032786885246,4.897333488985416
B11002078,16,21.491803278688526,4.782560363804295
B11002078,17,21.721311475409838,4.729160142888103
B11002078,18,24.491803278688526,5.042842520108297
B11002078,19,25.868852459016395,4.877097396097247
B11002078,20,27.0,4.8383712203151354
B11002078,21,27.557377049180328,4.7096851384923335
B11002078,22,28.540983606557376,4.389158665008193
B11002078,23,28.868852459016395,3.893986157056341
B11002078,24,28.114754098360656,3.967484071494827
B11002079,1,25.114754098360656,8.130288161883938
B11002079,2,12.344262295081966,6.930297573394048
B11002079,3,6.852459016393443,2.3666817440941528
B11002079,4,6.131147540983607,1.137662398222785
B11002079,5,5.983606557377049,1.15221530431512
B11002079,6,5.819672131147541,1.1805555335992677
B11002079,7,5.786885245901639,1.0881591328049893
B11002079,8,5.868852459016393,1.2075637285706815
B11002079,9,5.885245901639344,1.1176433146924138
B11002079,10,5.672131147540983,1.1120990561407624
B11002079,11,11.672131147540984,2.500631470907324
B11002079,12,19.508196721311474,5.829891742716371
B11002079,13,26.065573770491802,7.01957182492021
B11002079,14,27.475409836065573,7.2170257653418535
B11002079,15,26.19672131147541,7.445583292239566
B11002079,16,24.131147540983605,7.490924366423516
B11002079,17,22.65573770491803,6.791714445670486
B11002079,18,26.327868852459016,7.451969288576161
B11002079,19,30.39344262295082,6.338223075508197
B11002079,20,32.49180327868852,5.523787459318737
B11002079,21,33.40983606557377,5.896309068295453
B11002079,22,33.14754098360656,6.222213157405426
B11002079,23,32.34426229508197,6.48803500501371
B11002079,24,30.78688524590164,6.655737704918033
B11002080,1,25.721311475409838,3.5856322923258537
B11002080,2,25.704918032786885,3.493996078967284
B11002080,3,24.75409836065574,4.0026865474181905
B11002080,4,23.442622950819672,4.067159923268382
B11002080,5,18.901639344262296,4.568979216744392
B11002080,6,8.704918032786885,3.931146173723767
B11002080,7,6.983606557377049,0.799421989523712
B11002080,8,6.770491803278689,0.6869615357297365
B11002080,9,6.491803278688525,0.5901639344262295
B11002080,10,6.770491803278689,0.6869615357297365
B11002080,11,8.721311475409836,1.5799060725451486
B11002080,12,17.81967213114754,4.236872480626738
B11002080,13,27.262295081967213,5.8894226924743265
B11002080,14,27.557377049180328,6.413419819087684
B11002080,15,26.639344262295083,6.442768946746081
B11002080,16,25.78688524590164,5.895579767089084
B11002080,17,24.639344262295083,5.031157957138713
B11002080,18,24.9672131147541,4.6198687551961735
B11002080,19,26.557377049180328,3.6776890024603115
B11002080,20,27.0,3.1777917892363097
B11002080,21,27.16393442622951,2.9430681429523062
B11002080,22,26.983606557377048,3.0108644980355344
B11002080,23,26.80327868852459,2.91867740163104
B11002080,24,25.75409836065574,2.9064977387019035
B11002081,1,27.21311475409836,3.6219492718445276
B11002081,2,17.34426229508197,5.033934829298799
B11002081,3,7.655737704918033,2.4819693786940764
B11002081,4,6.377049180327869,1.0269153943190708
B11002081,5,6.114754098360656,0.8888814237197351
B11002081,6,6.344262295081967,0.8662193320408462
B11002081,7,5.918032786885246,0.7081511825067272
B11002081,8,5.918032786885246,0.6349153026569536
B11002081,9,6.655737704918033,0.973168660961038
B11002081,10,7.983606557377049,0.9319783871181571
B11002081,11,11.557377049180328,1.634912041188785
B11002081,12,22.508196721311474,4.897717604332913
B11002081,13,28.278688524590162,6.049335819228648
B11002081,14,28.75409836065574,6.104703206235896
B11002081,15,28.114754098360656,6.1832623376542655
B11002081,16,27.40983606557377,5.854456195939524
B11002081,17,27.327868852459016,5.1013380163022735
B11002081,18,28.229508196721312,4.736995806027937
B11002081,19,31.672131147540984,3.8908101540593663
B11002081,20,33.36065573770492,4.049014398936481
B11002081,21,33.16393442622951,4.101900110959583
B11002081,22,32.01639344262295,4.178366624469613
B11002081,23,30.59016393442623,3.672570231360191
B11002081,24,29.114754098360656,3.746466578628226
B11002082,1,24.147540983606557,2.6229508196721314
B11002082,2,11.508196721311476,4.4890502512248665
B11002082,3,6.704918032786885,1.7400231984046346
B11002082,4,6.295081967213115,0.9468543657831902
B11002082,5,6.114754098360656,0.546174795047793
B11002082,6,5.967213114754099,0.477946876626664
B11002082,7,6.065573770491803,0.43865862820523455
B11002082,8,6.049180327868853,0.459016393442623
B11002082,9,6.114754098360656,0.6798833230599254
B11002082,10,6.049180327868853,0.6877435069968207
B11002082,11,10.721311475409836,2.8865496309323224
B11002082,12,17.442622950819672,3.532168748934381
B11002082,13,20.721311475409838,3.979995664965856
B11002082,14,20.34426229508197,3.912507249882308
B11002082,15,19.950819672131146,3.8343838263973518
B11002082,16,19.459016393442624,3.605886673850038
B11002082,17,19.016393442622952,3.522721578639552
B11002082,18,20.40983606557377,3.786849762093353
B11002082,19,22.983606557377048,3.6953306969684054
B11002082,20,25.65573770491803,3.3675658665611157
B11002082,21,26.0327868852459,3.1360788564585493
B11002082,22,25.65573770491803,3.1094000575812912
B11002082,23,25.311475409836067,3.081095098093158
B11002082,24,24.75409836065574,3.038850827365654
B11002083,1,23.721311475409838,3.6580526376344533
B11002083,2,9.885245901639344,2.529163411581625
B11002083,3,6.295081967213115,1.4524627169401105
B11002083,4,5.885245901639344,1.1608131781705233
B11002083,5,5.770491803278689,1.077237551209617
B11002083,6,5.786885245901639,0.870552003105033
B11002083,7,5.39344262295082,1.1348241508115922
B11002083,8,5.655737704918033,1.1857797586901722
B11002083,9,5.704918032786885,1.2589907784279524
B11002083,10,6.327868852459017,1.6167292571723455
B11002083,11,10.885245901639344,2.4965442387936356
B11002083,12,21.540983606557376,6.418655623736539
B11002083,13,27.524590163934427,8.652880800260096
B11002083,14,28.16393442622951,8.744422724376111
B11002083,15,27.852459016393443,8.020130544650653
B11002083,16,25.672131147540984,6.9794107306229485
B11002083,17,24.24590163934426,6.284656667865647
B11002083,18,29.229508196721312,5.9983425104676735
B11002083,19,28.950819672131146,5.252403757307404
B11002083,20,29.295081967213115,4.3957664517350565
B11002083,21,29.40983606557377,3.9520778895736166
B11002083,22,28.721311475409838,3.7944357343783457
B11002083,23,27.34426229508197,3.797692335977505
B11002083,24,25.9672131147541,3.4258765211531865
B11002084,1,25.737704918032787,4.569684995938665
B11002084,2,25.62295081967213,4.770688971194452
B11002084,3,25.262295081967213,4.434964059381834
B11002084,4,16.704918032786885,3.9311461737237674
B11002084,5,9.557377049180328,1.4202815486747853
B11002084,6,9.180327868852459,0.9496884169154256
B11002084,7,8.98360655737705,1.032136146799816
B11002084,8,8.934426229508198,0.972892467210347
B11002084,9,8.967213114754099,0.9575791387875563
B11002084,10,9.360655737704919,1.8200413153772619
B11002084,11,13.032786885245901,3.067370386133641
B11002084,12,21.868852459016395,5.59412868392657
B11002084,13,26.918032786885245,6.86472351351151
B11002084,14,28.295081967213115,7.245901639344263
B11002084,15,27.81967213114754,6.955380501833735
B11002084,16,26.80327868852459,6.0076990825602286
B11002084,17,25.34426229508197,4.9947029183602805
B11002084,18,25.016393442622952,4.664100086371937
B11002084,19,26.9672131147541,3.6438459825774796
B11002084,20,28.278688524590162,3.516383889321732
B11002084,21,28.459016393442624,3.5785049103185362
B11002084,22,27.9672131147541,3.6662716717362267
B11002084,23,27.475409836065573,4.351772042973024
B11002084,24,26.60655737704918,4.50965699151655
B11002085,1,14.78688524590164,6.262337996591434
B11002085,2,8.327868852459016,3.124316641219901
B11002085,3,6.836065573770492,1.3450617374928535
B11002085,4,6.508196721311475,0.880069870916036
B11002085,5,6.262295081967213,0.6503880139304056
B11002085,6,6.131147540983607,0.6395544001026608
B11002085,7,6.098360655737705,0.6454104814763779
B11002085,8,6.131147540983607,0.613386456848187
B11002085,9,6.131147540983607,0.7783001619979817
B11002085,10,6.39344262295082,0.8922009720778871
B11002085,11,10.852459016393443,2.434964338606945
B11002085,12,21.65573770491803,5.294244465057451
B11002085,13,28.62295081967213,7.161289229168921
B11002085,14,29.40983606557377,7.252759902453252
B11002085,15,29.114754098360656,6.526361074439462
B11002085,16,27.491803278688526,6.072304639379671
B11002085,17,25.688524590163933,5.690201481945348
B11002085,18,26.34426229508197,4.84136969476255
B11002085,19,29.262295081967213,4.371673496365925
B11002085,20,29.950819672131146,3.9231395486652696
B11002085,21,30.508196721311474,3.6197226178470063
B11002085,22,30.704918032786885,3.4562571544767238
B11002085,23,29.21311475409836,3.284912125971726
B11002085,24,27.18032786885246,3.9526218595551437
B11002087,1,28.57377049180328,6.631912456642645
B11002087,2,25.9672131147541,5.697187149251681
B11002087,3,24.295081967213115,5.144929900572599
B11002087,4,21.147540983606557,5.3587252753046775
B11002087,5,13.39344262295082,5.414851128009999
B11002087,6,10.868852459016393,5.138971670547589
B11002087,7,7.901639344262295,3.731588322807199
B11002087,8,6.081967213114754,1.5395877877867405
B11002087,9,5.80327868852459,1.053015531327982
B11002087,10,6.901639344262295,1.7898156149450728
B11002087,11,11.40983606557377,1.9195034294703548
B11002087,12,20.62295081967213,3.711585470186471
B11002087,13,30.131147540983605,7.081435924212225
B11002087,14,30.704918032786885,7.1065526499880285
B11002087,15,29.459016393442624,6.666711457343039
B11002087,16,27.491803278688526,6.093864021735231
B11002087,17,26.114754098360656,5.377848801000046
B11002087,18,30.60655737704918,5.4750662501406495
B11002087,19,32.73770491803279,5.975089379520152
B11002087,20,33.622950819672134,5.223414919744631
B11002087,21,33.60655737704918,5.195454155899379
B11002087,22,33.80327868852459,5.340288173384628
B11002087,23,32.442622950819676,5.7645740893499156
B11002087,24,30.40983606557377,5.851655361086193
B11002088,1,20.868852459016395,3.927521263254169
B11002088,2,10.901639344262295,3.1659298897241475
B11002088,3,6.918032786885246,1.6225367910371966
B11002088,4,6.540983606557377,1.0174505343726492
B11002088,5,6.409836065573771,0.912159196278266
B11002088,6,6.39344262295082,0.7526714939835407
B11002088,7,6.245901639344262,0.5910739795842606
B11002088,8,6.327868852459017,0.619923619711116
B11002088,9,6.311475409836065,0.6151364930915972
B11002088,10,7.032786885245901,1.144727229514498
B11002088,11,9.37704918032787,1.07373920615166
B11002088,12,13.0,2.9972665142387735
B11002088,13,15.852459016393443,4.590924995455067
B11002088,14,16.131147540983605,4.042704053006956
B11002088,15,15.37704918032787,3.3445033664317183
B11002088,16,15.114754098360656,3.5394653697227794
B11002088,17,15.442622950819672,3.8476076883444974
B11002088,18,17.524590163934427,4.419059158738186
B11002088,19,22.098360655737704,4.12392029797204
B11002088,20,22.852459016393443,4.449483541862353
B11002088,21,22.770491803278688,4.399677494227446
B11002088,22,22.57377049180328,4.130887319412943
B11002088,23,21.81967213114754,4.217481949085576
B11002088,24,21.459016393442624,4.240993428670497
B11002089,1,24.39344262295082,4.417842691856124
B11002089,2,23.934426229508198,4.6548717735469864
B11002089,3,24.459016393442624,5.062150681708459
B11002089,4,25.098360655737704,5.346072307388769
B11002089,5,16.75409836065574,6.139513885025715
B11002089,6,7.163934426229508,2.7292004946435093
B11002089,7,5.704918032786885,1.0916112665302617
B11002089,8,5.524590163934426,1.0179786686072148
B11002089,9,5.540983606557377,0.9846988470610628
B11002089,10,6.491803278688525,1.3009826150181307
B11002089,11,11.131147540983607,1.1939109151497131
B11002089,12,17.459016393442624,3.2318789667109997
B11002089,13,21.868852459016395,4.768322418120412
B11002089,14,22.540983606557376,5.180587252273605
B11002089,15,22.442622950819672,4.737449649938537
B11002089,16,21.24590163934426,4.287441583810499
B11002089,17,21.868852459016395,3.7085431271285816
B11002089,18,23.918032786885245,3.8678798444016196
B11002089,19,24.459016393442624,3.7001274700762976
B11002089,20,24.75409836065574,3.3615752440593565
B11002089,21,24.639344262295083,3.2493771755560266
B11002089,22,24.327868852459016,3.287937773509781
B11002089,23,24.19672131147541,3.4632481301312064
B11002089,24,24.327868852459016,4.241563705913765
B11002090,1,22.131147540983605,4.134918913455815
B11002090,2,11.967213114754099,3.4114907712686193
B11002090,3,6.983606557377049,1.15221530431512
B11002090,4,6.360655737704918,0.6783003562484329
B11002090,5,6.180327868852459,0.6896945563266436
B11002090,6,6.213114754098361,0.6557377049180328
B11002090,7,6.049180327868853,0.6634788965523956
B11002090,8,5.967213114754099,0.7235434914988167
B11002090,9,5.967213114754099,0.7235434914988167
B11002090,10,6.377049180327869,0.7717116259632669
B11002090,11,7.245901639344262,1.2100093171964545
B11002090,12,14.639344262295081,3.746179635987846
B11002090,13,19.737704918032787,5.300484479385382
B11002090,14,19.81967213114754,4.990181167976101
B11002090,15,19.524590163934427,5.187015811500454
B11002090,16,18.049180327868854,4.252005233823857
B11002090,17,16.80327868852459,3.1665240400324137
B11002090,18,17.42622950819672,3.4138532452513055
B11002090,19,21.60655737704918,3.4321464321840605
B11002090,20,23.37704918032787,3.3883306708888683
B11002090,21,23.83606557377049,3.1735604862101665
B11002090,22,23.62295081967213,3.4648773281633853
B11002090,23,22.59016393442623,3.8512380346266593
B11002090,24,22.37704918032787,4.121769214378419
B11002091,1,19.0,2.1501048392281086
B11002091,2,7.459016393442623,2.2292671036471576
B11002091,3,4.557377049180328,0.6659047872652426
B11002091,4,4.442622950819672,0.6408137798587562
B11002091,5,4.442622950819672,0.6408137798587562
B11002091,6,4.409836065573771,0.6370281714008343
B11002091,7,4.39344262295082,0.7077715785220624
B11002091,8,4.344262295081967,0.6747251025330059
B11002091,9,4.426229508196721,0.639134055397309
B11002091,10,4.508196721311475,0.6924167895718976
B11002091,11,8.327868852459016,1.7991009728942884
B11002091,12,13.918032786885245,3.295775149337496
B11002091,13,17.918032786885245,4.201073562899397
B11002091,14,17.524590163934427,4.014753763663977
B11002091,15,16.770491803278688,3.8385168012579247
B11002091,16,15.754098360655737,3.302536222136239
B11002091,17,15.065573770491802,2.8793718147951304
B11002091,18,15.688524590163935,3.1023047149622958
B11002091,19,19.721311475409838,2.6496591029789966
B11002091,20,20.721311475409838,2.948359630292826
B11002091,21,21.327868852459016,2.6779078662600346
B11002091,22,21.065573770491802,2.4149048955174157
B11002091,23,20.672131147540984,2.45431244069919
B11002091,24,19.868852459016395,2.198922313063241
B11002092,1,23.75409836065574,3.342011457264788
B11002092,2,11.032786885245901,4.068943606064872
B11002092,3,6.049180327868853,1.1512819584314384
B11002092,4,5.524590163934426,0.5897083852001622
B11002092,5,5.622950819672131,0.6050046585982273
B11002092,6,5.573770491803279,0.5855924950653033
B11002092,7,5.672131147540983,1.3147500102139948
B11002092,8,5.639344262295082,0.6281063626448531
B11002092,9,5.836065573770492,1.0586153633418323
B11002092,10,6.770491803278689,1.5722328553913885
B11002092,11,8.39344262295082,3.2049075510289367
B11002092,12,14.819672131147541,4.455639994586016
B11002092,13,20.34426229508197,4.700489147555098
B11002092,14,20.262295081967213,4.7835155442526744
B11002092,15,20.459016393442624,4.678425440924396
B11002092,16,20.34426229508197,4.144462020503748
B11002092,17,20.081967213114755,3.9225914901917864
B11002092,18,21.704918032786885,3.29601976704582
B11002092,19,24.75409836065574,3.0549918177825983
B11002092,20,26.78688524590164,3.1732217382254033
B11002092,21,26.80327868852459,2.9521854762645137
B11002092,22,26.459016393442624,2.9508196721311473
B11002092,23,25.60655737704918,3.069034602973524
B11002092,24,24.81967213114754,3.144123828127699
B11002093,1,10.557377049180328,2.1464770233879227
B11002093,2,5.737704918032787,0.80778262260688
B11002093,3,5.573770491803279,0.6642885111263871
B11002093,4,5.459016393442623,0.5887962293792778
B11002093,5,5.459016393442623,0.5301954632392206
B11002093,6,5.19672131147541,0.4728591836674085
B11002093,7,5.131147540983607,0.5860512436629336
B11002093,8,5.032786885245901,0.54222411175545
B11002093,9,5.016393442622951,0.6138244336671822
B11002093,10,5.065573770491803,0.6743266820066601
B11002093,11,7.475409836065574,1.125072782739245
B11002093,12,14.868852459016393,3.0807461829572116
B11002093,13,18.065573770491802,3.887216765114102
B11002093,14,18.114754098360656,3.571739534202924
B11002093,15,17.950819672131146,3.527067371935271
B11002093,16,17.0,3.1880926000085865
B11002093,17,16.147540983606557,2.762963872922417
B11002093,18,16.62295081967213,2.83516521290498
B11002093,19,21.885245901639344,3.585482388176774
B11002093,20,24.229508196721312,3.7037572532384493
B11002093,21,24.704918032786885,3.7996732486570557
B11002093,22,24.688524590163933,3.6464264276162592
B11002093,23,23.508196721311474,3.3271015831962933
B11002093,24,21.098360655737704,2.7621856280304424
B11002094,1,27.114754098360656,4.704718108507246
B11002094,2,22.60655737704918,4.663350967566978
B11002094,3,9.163934426229508,3.9595509261384287
B11002094,4,5.426229508196721,1.634254393518899
B11002094,5,5.049180327868853,1.1654342680115555
B11002094,6,4.737704918032787,1.2267729136963743
B11002094,7,4.754098360655738,1.1963844124930454
B11002094,8,4.852459016393443,1.1850996440608406
B11002094,9,4.868852459016393,1.3116803118621319
B11002094,10,5.065573770491803,1.5350426112419182
B11002094,11,6.770491803278689,2.511569574059745
B11002094,12,18.918032786885245,5.466125435590875
B11002094,13,29.34426229508197,7.718160924880281
B11002094,14,29.737704918032787,7.283265434428191
B11002094,15,28.508196721311474,6.715831432529645
B11002094,16,26.721311475409838,6.068275871326555
B11002094,17,25.524590163934427,4.983930101663136
B11002094,18,25.147540983606557,4.303395782950226
B11002094,19,27.39344262295082,3.4889929427994826
B11002094,20,28.721311475409838,3.567297491769694
B11002094,21,28.295081967213115,3.5911743469236757
B11002094,22,27.737704918032787,3.589153237479136
B11002094,23,27.360655737704917,3.41660740024152
B11002094,24,26.901639344262296,3.928479111847551
B11002095,1,25.21311475409836,3.3245966307694084
B11002095,2,15.737704918032787,4.140569531365724
B11002095,3,7.344262295081967,3.2887550382619093
B11002095,4,5.245901639344262,0.8027766915865766
B11002095,5,5.163934426229508,0.5777380389083966
B11002095,6,5.098360655737705,0.3927589688757685
B11002095,7,5.049180327868853,0.2820434513784467
B11002095,8,5.032786885245901,0.17807836870820026
B11002095,9,5.0,0.0
B11002095,10,5.032786885245901,0.17807836870820024
B11002095,11,6.573770491803279,1.6342543935188987
B11002095,12,15.950819672131148,3.7957103894955533
B11002095,13,21.721311475409838,4.8960711835236435
B11002095,14,22.39344262295082,5.070902815225508
B11002095,15,22.16393442622951,5.080274704941386
B11002095,16,21.34426229508197,4.703975458219267
B11002095,17,20.327868852459016,4.378491811135127
B11002095,18,21.60655737704918,4.00932801092239
B11002095,19,24.901639344262296,3.395778082849382
B11002095,20,26.524590163934427,3.4764149489967635
B11002095,21,26.39344262295082,3.3937197954437193
B11002095,22,26.18032786885246,3.261841965401774
B11002095,23,25.65573770491803,3.2486327308155163
B11002095,24,25.60655737704918,3.1533416494543185
B11002096,1,27.049180327868854,2.9555517612424755
B11002096,2,16.770491803278688,6.273528676367989
B11002096,3,8.475409836065573,3.0707854357949107
B11002096,4,6.819672131147541,0.6655010862355554
B11002096,5,6.655737704918033,0.5693034542355848
B11002096,6,6.114754098360656,0.6032252292778394
B11002096,7,5.409836065573771,0.49180327868852464
B11002096,8,5.327868852459017,0.46943675617299513
B11002096,9,5.311475409836065,0.5291807341498024
B11002096,10,5.39344262295082,0.7077715785220624
B11002096,11,7.360655737704918,1.3554115808914353
B11002096,12,14.918032786885245,4.126265655677068
B11002096,13,21.016393442622952,4.294456217713558
B11002096,14,21.950819672131146,4.259709177744094
B11002096,15,22.081967213114755,4.2437807222566475
B11002096,16,20.983606557377048,4.058958128769566
B11002096,17,19.868852459016395,3.8388668488435087
B11002096,18,20.704918032786885,4.20906228525431
B11002096,19,26.475409836065573,4.351772042973025
B11002096,20,29.229508196721312,3.694894317896605
B11002096,21,29.639344262295083,3.483134008450972
B11002096,22,29.459016393442624,3.065266925995207
B11002096,23,28.78688524590164,2.970426663057344
B11002096,24,27.770491803278688,2.5050338999895283
B11002097,1,20.19672131147541,6.677143966194194
B11002097,2,13.557377049180328,5.812718080277483
B11002097,3,5.344262295081967,1.278898679661776
B11002097,4,4.311475409836065,0.4972377340361673
B11002097,5,4.344262295081967,0.5084610629269122
B11002097,6,4.278688524590164,0.48353708864762707
B11002097,7,4.213114754098361,0.4095080654687474
B11002097,8,4.278688524590164,0.5163283851811024
B11002097,9,4.295081967213115,0.456079598139133
B11002097,10,5.672131147540983,0.9871520798245638
B11002097,11,9.311475409836065,2.0368811227982153
B11002097,12,13.557377049180328,5.52052679288387
B11002097,13,16.34426229508197,5.440845058223468
B11002097,14,16.78688524590164,6.135397842988629
B11002097,15,16.59016393442623,5.7327847757090025
B11002097,16,15.39344262295082,5.481051378514982
B11002097,17,16.491803278688526,9.2747196516681
B11002097,18,19.16393442622951,5.353657636986207
B11002097,19,23.16393442622951,4.677046594610652
B11002097,20,20.81967213114754,4.131082487127658
B11002097,21,20.983606557377048,3.522721578639552
B11002097,22,21.59016393442623,4.7230757177310405
B11002097,23,21.475409836065573,5.541517095279984
B11002097,24,21.065573770491802,6.718872008323277
B11002098,1,22.19672131147541,4.464136404766939
B11002098,2,10.442622950819672,4.550354301334126
B11002098,3,6.39344262295082,1.7859073877241076
B11002098,4,5.557377049180328,0.9499713570131423
B11002098,5,5.377049180327869,0.7279869938090006
B11002098,6,5.311475409836065,0.559302364237114
B11002098,7,5.278688524590164,0.48353708864762707
B11002098,8,5.213114754098361,0.4829809791034831
B11002098,9,5.229508196721311,0.4578439358612767
B11002098,10,5.344262295081967,0.5397402502673551
B11002098,11,9.327868852459016,0.8631112512188973
B11002098,12,13.21311475409836,2.5292696677905395
B11002098,13,17.147540983606557,3.643255909947794
B11002098,14,17.016393442622952,3.1283568372135244
B11002098,15,16.688524590163933,2.8199580487901423
B11002098,16,15.262295081967213,3.061670171784591
B11002098,17,14.540983606557377,3.2012997897718902
B11002098,18,17.16393442622951,4.687550053481756
B11002098,19,23.81967213114754,5.110285984494575
B11002098,20,25.131147540983605,4.083053381068865
B11002098,21,25.540983606557376,4.1194212966633295
B11002098,22,25.34426229508197,4.676012193051035
B11002098,23,24.65573770491803,4.9979840063692285
B11002098,24,23.721311475409838,4.919453346750218
B11002106,1,31.852459016393443,7.033493793048015
B11002106,2,25.21311475409836,5.365691723846617
B11002106,3,7.180327868852459,2.1310214338477236
B11002106,4,6.114754098360656,0.7265088461036177
B11002106,5,5.918032786885246,0.6846102628793804
B11002106,6,5.852459016393443,0.6735291339073487
B11002106,7,5.721311475409836,0.6306683298908636
B11002106,8,5.918032786885246,0.6846102628793804
B11002106,9,5.770491803278689,0.6626682928330405
B11002106,10,5.836065573770492,0.7283560620171495
B11002106,11,9.442622950819672,3.4285426343475494
B11002106,12,20.098360655737704,6.65226429596495
B11002106,13,25.540983606557376,7.340821793661023
B11002106,14,26.016393442622952,7.378506231335624
B11002106,15,24.62295081967213,7.562122900883924
B11002106,16,22.672131147540984,7.079689979957352
B11002106,17,22.0,6.811273201314922
B11002106,18,24.491803278688526,5.673126038020656
B11002106,19,32.16393442622951,5.047902755125961
B11002106,20,34.032786885245905,5.2447232282997875
B11002106,21,33.540983606557376,5.145661137377282
B11002106,22,33.868852459016395,5.5823944854646745
B11002106,23,33.21311475409836,6.97093439675634
B11002106,24,32.63934426229508,7.404103396832845
B11002107,1,19.016393442622952,2.5510640870723815
B11002107,2,17.704918032786885,2.349358212294332
B11002107,3,10.0,2.6550292517915604
B11002107,4,6.622950819672131,1.4044885239740257
B11002107,5,5.934426229508197,0.5969554575748565
B11002107,6,5.852459016393443,0.5960543922196013
B11002107,7,5.754098360655738,0.5626558131714923
B11002107,8,5.622950819672131,0.6050046585982273
B11002107,9,5.754098360655738,0.5626558131714923
B11002107,10,5.918032786885246,0.7530284641216953
B11002107,11,11.573770491803279,3.628028486854031
B11002107,12,17.540983606557376,4.466904787073532
B11002107,13,20.24590163934426,4.604544219109533
B11002107,14,20.59016393442623,4.539000573103478
B11002107,15,20.360655737704917,4.188324078483123
B11002107,16,19.83606557377049,4.117855274444921
B11002107,17,18.721311475409838,3.9923334215574617
B11002107,18,20.39344262295082,3.4795830187556653
B11002107,19,21.57377049180328,3.513249004878078
B11002107,20,21.75409836065574,3.5048244861689968
B11002107,21,21.42622950819672,3.2262195121796364
B11002107,22,20.81967213114754,2.7251602252267215
B11002107,23,19.295081967213115,2.7540983606557377
B11002107,24,19.114754098360656,2.509642784689785
B11002108,1,32.36065573770492,3.662091075522003
B11002108,2,30.770491803278688,3.3700388800741607
B11002108,3,29.557377049180328,2.994665148165516
B11002108,4,28.950819672131146,3.451900068402322
B11002108,5,19.78688524590164,5.631046125032304
B11002108,6,9.40983606557377,0.7762256132296207
B11002108,7,8.852459016393443,0.6974441765961523
B11002108,8,8.885245901639344,0.7265088461036177
B11002108,9,8.868852459016393,0.7123134748328009
B11002108,10,9.245901639344263,0.8229442883941728
B11002108,11,18.24590163934426,2.99538299204187
B11002108,12,26.81967213114754,4.481320782768824
B11002108,13,31.950819672131146,5.602769307967403
B11002108,14,32.459016393442624,5.499847301879712
B11002108,15,31.24590163934426,5.152289759011714
B11002108,16,29.42622950819672,4.542906617738242
B11002108,17,28.049180327868854,4.517456957285203
B11002108,18,29.508196721311474,4.437629520879296
B11002108,19,32.24590163934426,3.700490608611721
B11002108,20,34.09836065573771,3.505054514357225
B11002108,21,34.67213114754098,3.3275861948925782
B11002108,22,34.557377049180324,3.2769667610331177
B11002108,23,33.9344262295082,3.4917647962167924
B11002108,24,33.721311475409834,3.8586974254294493
B11002109,1,33.950819672131146,5.295919336925324
B11002109,2,33.98360655737705,6.025878082476863
B11002109,3,33.950819672131146,6.715351215765889
B11002109,4,33.032786885245905,6.989376512719094
B11002109,5,28.114754098360656,7.036435295008679
B11002109,6,13.819672131147541,5.617619228297817
B11002109,7,9.01639344262295,0.7786453827565847
B11002109,8,8.836065573770492,0.6818568637077186
B11002109,9,8.852459016393443,0.7205659336339643
B11002109,10,8.836065573770492,0.750526107689154
B11002109,11,15.508196721311476,3.3221706849078934
B11002109,12,21.78688524590164,4.767082326210057
B11002109,13,27.524590163934427,7.412011866828171
B11002109,14,28.098360655737704,7.634488008282936
B11002109,15,26.75409836065574,6.762131145553851
B11002109,16,25.57377049180328,6.649193261538817
B11002109,17,24.81967213114754,5.971265062771797
B11002109,18,26.901639344262296,5.753701354759691
B11002109,19,32.557377049180324,5.305501599141183
B11002109,20,33.73770491803279,5.18794832735956
B11002109,21,33.50819672131148,4.8641308452110446
B11002109,22,33.131147540983605,4.870370133832411
B11002109,23,32.78688524590164,5.031425030673767
B11002109,24,33.81967213114754,5.354661510544062
B11002110,1,14.98360655737705,2.9392304294379588
B11002110,2,10.754098360655737,3.222135213579262
B11002110,3,4.672131147540983,1.5334661421204676
B11002110,4,3.3278688524590163,0.564563126482707
B11002110,5,3.180327868852459,0.4249666031742859
B11002110,6,3.1639344262295084,0.3702160587093842
B11002110,7,3.180327868852459,0.4249666031742859
B11002110,8,3.377049180327869,0.48464739341293384
B11002110,9,3.459016393442623,0.7590712723141133
B11002110,10,5.80327868852459,1.6177263150883796
B11002110,11,8.475409836065573,1.996772456207884
B11002110,12,10.131147540983607,2.3362812670052224
B11002110,13,12.950819672131148,3.0376124657487207
B11002110,14,13.327868852459016,3.5423494633512997
B11002110,15,12.245901639344263,3.6514346504789903
B11002110,16,10.508196721311476,3.2724530870896174
B11002110,17,9.704918032786885,2.582058286189794
B11002110,18,13.59016393442623,2.7001945842471495
B11002110,19,16.508196721311474,3.2371964738769026
B11002110,20,17.475409836065573,2.849253899331204
B11002110,21,17.81967213114754,2.5447354638599684
B11002110,22,17.40983606557377,2.3073442911805637
B11002110,23,16.491803278688526,2.446965004202661
B11002110,24,15.852459016393443,2.2311951187998798
B11002111,1,19.42622950819672,2.3847810938026943
B11002111,2,12.049180327868852,3.3992584992217107
B11002111,3,5.901639344262295,2.918032786885246
B11002111,4,4.147540983606557,1.8539816750979587
B11002111,5,3.8852459016393444,1.368238794417399
B11002111,6,3.6721311475409837,0.8631112512188973
B11002111,7,3.3934426229508197,0.5805223347418287
B11002111,8,3.442622950819672,0.6900841042573505
B11002111,9,3.3934426229508197,0.7077715785220624
B11002111,10,3.442622950819672,0.6900841042573505
B11002111,11,9.442622950819672,3.2214678975912467
B11002111,12,15.295081967213115,4.301521889639975
B11002111,13,18.24590163934426,4.891128595850334
B11002111,14,19.114754098360656,4.9591721964415205
B11002111,15,18.39344262295082,4.876436109696689
B11002111,16,17.42622950819672,4.596716634313936
B11002111,17,16.229508196721312,4.702261202216146
B11002111,18,16.639344262295083,4.508763004672472
B11002111,19,22.360655737704917,3.9047377145191704
B11002111,20,22.983606557377048,3.9442500306419843
B11002111,21,22.360655737704917,3.585182561075178
B11002111,22,21.39344262295082,3.0583328176895748
B11002111,23,20.60655737704918,2.3766534435988285
B11002111,24,19.918032786885245,2.3350155822642433
B11002112,1,26.62295081967213,6.2046094299245915
B11002112,2,22.081967213114755,7.5036495644326475
B11002112,3,7.295081967213115,3.6320263156006742
B11002112,4,4.311475409836065,1.048667907653736
B11002112,5,4.081967213114754,0.8925021369715542
B11002112,6,3.7868852459016393,0.870552003105033
B11002112,7,3.80327868852459,1.58703427020078
B11002112,8,3.9672131147540983,1.5467280443266984
B11002112,9,3.8524590163934427,1.2258963341534372
B11002112,10,7.229508196721311,2.2571812003568272
B11002112,11,11.524590163934427,3.086759441295652
B11002112,12,14.721311475409836,3.9882250768529617
B11002112,13,19.21311475409836,4.609735791647794
B11002112,14,20.508196721311474,4.155276916931372
B11002112,15,20.016393442622952,4.883870419189314
B11002112,16,18.639344262295083,4.9191255616541785
B11002112,17,18.65573770491803,4.4936576284827225
B11002112,18,20.540983606557376,6.149966734527661
B11002112,19,24.950819672131146,5.829338543327859
B11002112,20,25.934426229508198,4.878419699979501
B11002112,21,26.37704918032787,5.057582959381281
B11002112,22,26.721311475409838,5.245235613457987
B11002112,23,25.9672131147541,5.645155221884715
B11002112,24,26.131147540983605,6.0421345968480695
B11002113,1,29.737704918032787,4.73529350396196
B11002113,2,25.83606557377049,4.27796614717272
B11002113,3,12.344262295081966,3.2987093646129084
B11002113,4,8.475409836065573,0.667919632375848
B11002113,5,8.39344262295082,0.684217598515056
B11002113,6,8.262295081967213,0.6503880139304056
B11002113,7,7.786885245901639,0.6802784892211944
B11002113,8,7.639344262295082,0.678300356248433
B11002113,9,7.590163934426229,0.6370281714008342
B11002113,10,8.19672131147541,0.9020863273572198
B11002113,11,15.754098360655737,4.2102752439323305
B11002113,12,25.491803278688526,5.930258476714568
B11002113,13,30.65573770491803,7.130827202151164
B11002113,14,31.868852459016395,7.629699110660608
B11002113,15,30.950819672131146,7.06045609799708
B11002113,16,29.704918032786885,6.693143695922342
B11002113,17,28.934426229508198,6.748087409568793
B11002113,18,30.065573770491802,6.375848005210093
B11002113,19,33.442622950819676,4.5069148699214585
B11002113,20,35.721311475409834,4.338660167669743
B11002113,21,35.90163934426229,3.8141450196057276
B11002113,22,35.32786885245902,4.043701078100337
B11002113,23,33.131147540983605,4.775193446724592
B11002113,24,31.18032786885246,4.863744077341967
B11002114,1,31.42622950819672,5.5203320653073416
B11002114,2,30.57377049180328,5.871462007989186
B11002114,3,29.262295081967213,6.062249864623145
B11002114,4,28.65573770491803,6.699364408075209
B11002114,5,24.459016393442624,7.92293572534373
B11002114,6,12.21311475409836,4.995456145497186
B11002114,7,9.459016393442623,3.0491803278688523
B11002114,8,9.081967213114755,3.158621207639696
B11002114,9,9.491803278688524,3.097449775031342
B11002114,10,10.721311475409836,2.976030735017694
B11002114,11,16.262295081967213,5.175293258006667
B11002114,12,25.262295081967213,7.465552891681928
B11002114,13,29.62295081967213,7.70599922654736
B11002114,14,30.081967213114755,7.607793850888281
B11002114,15,29.57377049180328,7.289019400178494
B11002114,16,29.311475409836067,6.786053643515796
B11002114,17,29.721311475409838,7.103753677656563
B11002114,18,31.131147540983605,7.298046920038546
B11002114,19,33.19672131147541,7.231125056176972
B11002114,20,34.950819672131146,6.582207087885471
B11002114,21,34.622950819672134,5.904052330019956
B11002114,22,33.049180327868854,5.090738068515798
B11002114,23,32.278688524590166,5.060717073343034
B11002114,24,32.0,5.300788682426202
B11002115,1,24.360655737704917,4.5123974467625345
B11002115,2,13.60655737704918,4.8121386422547765
B11002115,3,6.557377049180328,1.487925061614817
B11002115,4,6.081967213114754,0.9460024948362956
B11002115,5,6.049180327868853,0.9987899155231355
B11002115,6,5.901639344262295,0.9357195536282187
B11002115,7,5.901639344262295,0.8999985069712003
B11002115,8,5.819672131147541,0.9667962424778184
B11002115,9,5.901639344262295,0.8815953875245083
B11002115,10,5.918032786885246,0.8355832745819449
B11002115,11,10.901639344262295,3.9658580533644465
B11002115,12,19.475409836065573,4.692535255820287
B11002115,13,23.737704918032787,6.41949295618945
B11002115,14,23.885245901639344,6.65815994040331
B11002115,15,23.442622950819672,6.661670617436063
B11002115,16,22.34426229508197,6.08918753066945
B11002115,17,21.59016393442623,5.970905000961124
B11002115,18,22.262295081967213,5.079375330588616
B11002115,19,25.918032786885245,3.8890138746162637
B11002115,20,27.229508196721312,3.918821513313856
B11002115,21,27.0,3.719686219800064
B11002115,22,26.524590163934427,3.560284375163647
B11002115,23,26.065573770491802,3.801935885054627
B11002115,24,25.21311475409836,3.871352345993774
B11002118,1,28.950819672131146,3.442388750815944
B11002118,2,28.081967213114755,3.8551438150853197
B11002118,3,25.983606557377048,3.4140106853899854
B11002118,4,24.262295081967213,3.4683658898267233
B11002118,5,14.59016393442623,3.7520575740117943
B11002118,6,6.672131147540983,2.7143897751894035
B11002118,7,5.639344262295082,0.8690071003736768
B11002118,8,5.508196721311475,0.4999328092451444
B11002118,9,5.590163934426229,0.6107520003343329
B11002118,10,6.80327868852459,1.4801381429896014
B11002118,11,17.950819672131146,4.396072127230139
B11002118,12,23.950819672131146,5.5350632839784035
B11002118,13,31.049180327868854,6.976368141296136
B11002118,14,32.67213114754098,6.946449291061738
B11002118,15,31.278688524590162,6.677908643714943
B11002118,16,27.918032786885245,5.749683047478879
B11002118,17,26.704918032786885,5.564360426903931
B11002118,18,27.901639344262296,5.544765418127135
B11002118,19,30.18032786885246,4.9671319584345675
B11002118,20,31.0,4.486774737044819
B11002118,21,31.508196721311474,4.014820702444398
B11002118,22,31.18032786885246,3.9318297443307046
B11002118,23,31.16393442622951,3.3787199432205792
B11002118,24,29.39344262295082,3.137706631035728
B11002120,1,19.37704918032787,3.3395981618792403
B11002120,2,18.540983606557376,2.7074503794360307
B11002120,3,17.40983606557377,2.6138160607347665
B11002120,4,10.573770491803279,2.718841462488326
B11002120,5,6.213114754098361,2.937126699535888
B11002120,6,5.049180327868853,1.519558062459865
B11002120,7,4.721311475409836,0.8708606547733395
B11002120,8,4.672131147540983,0.7179504406707603
B11002120,9,4.524590163934426,0.667919632375848
B11002120,10,4.655737704918033,0.9898707632426577
B11002120,11,11.262295081967213,3.5982766336954644
B11002120,12,16.327868852459016,4.924749511730736
B11002120,13,19.442622950819672,5.227683529761734
B11002120,14,19.295081967213115,5.421101038413804
B11002120,15,19.0327868852459,5.213372506258145
B11002120,16,18.40983606557377,5.035536174360128
B11002120,17,17.65573770491803,5.0889956685782165
B11002120,18,18.0,5.076464498376669
B11002120,19,20.885245901639344,4.319602139601565
B11002120,20,23.098360655737704,4.474719216515015
B11002120,21,22.983606557377048,4.5104316367861
B11002120,22,22.065573770491802,4.060480680819947
B11002120,23,21.442622950819672,3.6776890024603115
B11002120,24,20.524590163934427,3.509269025641876
B11002121,1,22.16393442622951,2.6807163703001406
B11002121,2,22.59016393442623,2.9161902453193957
B11002121,3,22.524590163934427,3.191210045319154
B11002121,4,21.852459016393443,3.2026426873359717
B11002121,5,13.885245901639344,4.342313203342871
B11002121,6,7.409836065573771,2.5503265569130544
B11002121,7,5.081967213114754,0.9106848794971246
B11002121,8,4.819672131147541,0.7356985466333402
B11002121,9,4.721311475409836,0.8124269962861551
B11002121,10,4.901639344262295,0.9701262049517043
B11002121,11,10.131147540983607,2.871427415844107
B11002121,12,17.34426229508197,5.159378682575809
B11002121,13,20.918032786885245,6.17051445092619
B11002121,14,21.016393442622952,5.8238959504720045
B11002121,15,20.491803278688526,5.355012821829324
B11002121,16,19.901639344262296,4.654294396462673
B11002121,17,21.459016393442624,4.611367886713931
B11002121,18,24.229508196721312,4.377264070368167
B11002121,19,24.59016393442623,4.52090607913991
B11002121,20,25.34426229508197,4.3452828989819405
B11002121,21,24.721311475409838,3.9799956649658554
B11002121,22,24.114754098360656,3.4360593167256255
B11002121,23,23.918032786885245,3.521805991469146
B11002121,24,23.081967213114755,3.39862596134887
B11002122,1,49.721311475409834,6.506317604592903
B11002122,2,43.24590163934426,5.259357742080076
B11002122,3,40.377049180327866,5.368896258111921
B11002122,4,33.459016393442624,5.932886314107552
B11002122,5,12.491803278688524,2.526080037279767
B11002122,6,9.80327868852459,1.4004644678146585
B11002122,7,9.475409836065573,1.2881115593811927
B11002122,8,9.459016393442623,1.2223837299873606
B11002122,9,9.655737704918034,1.2529996258374665
B11002122,10,10.360655737704919,1.6299732159646554
B11002122,11,21.60655737704918,2.7715101436249645
B11002122,12,32.967213114754095,4.284808135478272
B11002122,13,39.65573770491803,6.037818642853408
B11002122,14,42.57377049180328,6.423468794752728
B11002122,15,41.90163934426229,6.894295380092169
B11002122,16,39.77049180327869,6.9433148473625295
B11002122,17,38.90163934426229,6.979372225122592
B11002122,18,42.40983606557377,7.866461385351349
B11002122,19,54.67213114754098,6.219275461136036
B11002122,20,59.49180327868852,5.832703028359873
B11002122,21,60.24590163934426,5.54166258329091
B11002122,22,59.77049180327869,5.599746606160989
B11002122,23,59.52459016393443,5.059017455882085
B11002122,24,58.73770491803279,5.033988215674484
B11002123,1,23.114754098360656,5.581287120650481
B11002123,2,13.0,4.67290761451267
B11002123,3,6.622950819672131,1.1038521881660608
B11002123,4,6.147540983606557,0.8840307385385419
B11002123,5,6.163934426229508,0.852774216632128
B11002123,6,5.901639344262295,0.7831194040981105
B11002123,7,5.819672131147541,0.6655010862355555
B11002123,8,5.836065573770492,0.7283560620171495
B11002123,9,5.737704918032787,0.5978551648790317
B11002123,10,6.918032786885246,1.258350233599704
B11002123,11,11.426229508196721,1.6541950287761196
B11002123,12,18.229508196721312,4.2014573686311065
B11002123,13,27.852459016393443,7.787834282115754
B11002123,14,29.147540983606557,8.438467861814592
B11002123,15,27.65573770491803,8.056939267329176
B11002123,16,24.78688524590164,6.588899642203409
B11002123,17,23.229508196721312,7.030130569463365
B11002123,18,25.327868852459016,7.649539387130401
B11002123,19,29.081967213114755,8.072001969908316
B11002123,20,31.557377049180328,7.734369939822548
B11002123,21,32.049180327868854,6.685992770571742
B11002123,22,32.26229508196721,7.2176960116234685
B11002123,23,30.049180327868854,7.462312368529921
B11002123,24,26.934426229508198,6.145420399281255
B11002124,1,32.01639344262295,6.001343574372485
B11002124,2,31.081967213114755,5.596530195436563
B11002124,3,30.9672131147541,6.470531468061357
B11002124,4,29.508196721311474,6.7523473776785
B11002124,5,11.754098360655737,4.699688645790736
B11002124,6,5.885245901639344,1.0417255649388366
B11002124,7,5.377049180327869,0.8714776301640664
B11002124,8,5.278688524590164,0.8323608049040068
B11002124,9,5.245901639344262,0.6931926069464254
B11002124,10,5.573770491803279,1.0782349936003506
B11002124,11,11.295081967213115,2.8129924693510358
B11002124,12,20.475409836065573,5.661508104062227
B11002124,13,26.491803278688526,8.021738805863567
B11002124,14,28.0327868852459,8.099721130829447
B11002124,15,27.672131147540984,7.777060238291423
B11002124,16,26.295081967213115,7.355926042593213
B11002124,17,25.721311475409838,6.835613461481445
B11002124,18,29.21311475409836,6.573954455542935
B11002124,19,32.622950819672134,5.37499960938231
B11002124,20,33.557377049180324,5.623500427185476
B11002124,21,32.80327868852459,5.878049392446241
B11002124,22,33.39344262295082,5.876540435716367
B11002124,23,33.19672131147541,6.09977068134169
B11002124,24,33.14754098360656,6.264225948999894
B11002125,1,30.721311475409838,4.760256046085603
B11002125,2,30.34426229508197,4.644352275866768
B11002125,3,31.0,5.118273274403723
B11002125,4,29.295081967213115,4.959985002274662
B11002125,5,10.295081967213115,3.3257281332412303
B11002125,6,5.409836065573771,0.6370281714008342
B11002125,7,5.278688524590164,0.4483539124976178
B11002125,8,5.327868852459017,0.5031478443679609
B11002125,9,5.262295081967213,0.5402379361732486
B11002125,10,7.147540983606557,1.3650925096108886
B11002125,11,15.19672131147541,2.0067073767999153
B11002125,12,18.639344262295083,3.7330284233249986
B11002125,13,24.147540983606557,6.974981204684167
B11002125,14,26.442622950819672,8.104895485140265
B11002125,15,25.737704918032787,7.447965151404321
B11002125,16,23.327868852459016,6.637502274336087
B11002125,17,21.59016393442623,5.335857818725128
B11002125,18,23.721311475409838,6.350761274983931
B11002125,19,29.885245901639344,5.79456602614343
B11002125,20,32.967213114754095,5.121370247978287
B11002125,21,33.65573770491803,5.11470155500544
B11002125,22,33.36065573770492,5.073340112576419
B11002125,23,32.80327868852459,4.881613788966492
B11002125,24,32.114754098360656,4.704718108507245
B11002126,1,23.18032786885246,4.986894946154112
B11002126,2,19.016393442622952,4.50679560939644
B11002126,3,8.0,1.7082250398835763
B11002126,4,6.786885245901639,1.0419835135784066
B11002126,5,6.688524590163935,0.9841528537576153
B11002126,6,6.573770491803279,1.137426148111584
B11002126,7,6.639344262295082,1.1312663278089257
B11002126,8,6.524590163934426,0.9684626549338969
B11002126,9,6.60655737704918,1.0906260576052391
B11002126,10,6.655737704918033,1.2529996258374665
B11002126,11,9.770491803278688,1.6436010307533486
B11002126,12,16.39344262295082,2.9547332881471595
B11002126,13,21.475409836065573,3.8180183572498305
B11002126,14,22.688524590163933,4.625449853555433
B11002126,15,21.901639344262296,4.994111017341725
B11002126,16,20.049180327868854,5.243032002004111
B11002126,17,21.442622950819672,5.415595543182865
B11002126,18,26.049180327868854,7.173325427498278
B11002126,19,28.16393442622951,8.859893660074663
B11002126,20,29.278688524590162,8.096004170325871
B11002126,21,29.901639344262296,8.019862469759808
B11002126,22,28.491803278688526,7.300624161099418
B11002126,23,25.9672131147541,5.881248928125905
B11002126,24,23.934426229508198,5.0012092061067035
B11002127,1,21.147540983606557,4.518943970550652
B11002127,2,20.672131147540984,4.268532636404016
B11002127,3,19.57377049180328,4.0263843618429185
B11002127,4,12.229508196721312,3.7782528819676364
B11002127,5,7.180327868852459,2.6020685133638817
B11002127,6,5.786885245901639,0.7039642804453734
B11002127,7,5.491803278688525,0.5317139259090772
B11002127,8,5.327868852459017,0.46943675617299513
B11002127,9,5.327868852459017,0.5645631264827071
B11002127,10,5.262295081967213,0.5089893343036074
B11002127,11,5.590163934426229,0.6622626189089886
B11002127,12,12.491803278688524,3.1447220983824344
B11002127,13,20.475409836065573,5.573963352497504
B11002127,14,21.459016393442624,5.9494421022143
B11002127,15,20.442622950819672,5.490751061420437
B11002127,16,18.508196721311474,4.422828079814522
B11002127,17,19.59016393442623,4.320659668745677
B11002127,18,20.639344262295083,3.6977298613318297
B11002127,19,21.37704918032787,4.476400538877921
B11002127,20,22.672131147540984,4.884640737079986
B11002127,21,22.950819672131146,4.712822514104375
B11002127,22,23.16393442622951,4.556315479617104
B11002127,23,22.60655737704918,4.733136375768811
B11002127,24,21.442622950819672,4.374008890693606
B11002128,1,26.065573770491802,4.63015367255161
B11002128,2,25.19672131147541,4.504350072770811
B11002128,3,24.770491803278688,4.517337975077839
B11002128,4,24.065573770491802,4.665425155749706
B11002128,5,14.032786885245901,5.060186004210227
B11002128,6,6.868852459016393,3.331299209145677
B11002128,7,4.737704918032787,1.1147540983606556
B11002128,8,4.508196721311475,0.9342824163131151
B11002128,9,4.573770491803279,0.9827865434309419
B11002128,10,5.786885245901639,0.9770271754591043
B11002128,11,9.62295081967213,2.729102022651464
B11002128,12,18.704918032786885,5.320373037257487
B11002128,13,26.0,6.784746633828408
B11002128,14,28.59016393442623,6.898270273047495
B11002128,15,28.57377049180328,6.69097512164509
B11002128,16,27.131147540983605,7.037313686986771
B11002128,17,25.37704918032787,6.862021721937011
B11002128,18,24.852459016393443,6.573259454401426
B11002128,19,28.737704918032787,5.8475205319813135
B11002128,20,30.0327868852459,6.655374293559228
B11002128,21,29.475409836065573,6.537675320978107
B11002128,22,29.360655737704917,6.193684744766159
B11002128,23,28.327868852459016,5.9636090719570305
B11002128,24,26.557377049180328,4.917431657251125
B11002129,1,27.65573770491803,4.540835648888614
B11002129,2,26.852459016393443,4.311007890877212
B11002129,3,26.24590163934426,4.724042925725344
B11002129,4,24.901639344262296,3.9617222535394547
B11002129,5,21.42622950819672,4.0668956074323095
B11002129,6,7.590163934426229,3.1172552511776055
B11002129,7,5.278688524590164,0.9431573681077066
B11002129,8,4.901639344262295,0.6703294524675696
B11002129,9,4.918032786885246,0.6085479079760848
B11002129,10,5.786885245901639,1.3196466752457776
B11002129,11,11.442622950819672,2.236248249833434
B11002129,12,23.770491803278688,4.4772409632915044
B11002129,13,31.950819672131146,6.410611667468903
B11002129,14,33.90163934426229,7.04250541770839
B11002129,15,34.09836065573771,7.2036077437396004
B11002129,16,33.18032786885246,7.365199955486972
B11002129,17,31.983606557377048,7.3093064488524275
B11002129,18,32.16393442622951,7.003934088568478
B11002129,19,34.0,6.209458676018412
B11002129,20,34.32786885245902,5.527046202132314
B11002129,21,34.09836065573771,4.904681330310324
B11002129,22,33.131147540983605,5.048860964990562
B11002129,23,31.901639344262296,5.27507258292939
B11002129,24,29.475409836065573,5.473053385142937
B11002130,1,33.24590163934426,5.293533753258078
B11002130,2,29.60655737704918,4.946529462372352
B11002130,3,13.311475409836065,5.391374360522275
B11002130,4,6.80327868852459,2.1563453609696497
B11002130,5,5.901639344262295,1.585848462286758
B11002130,6,5.672131147540983,1.35163909572615
B11002130,7,5.573770491803279,2.091818695662391
B11002130,8,5.786885245901639,2.33374921109234
B11002130,9,5.639344262295082,1.9504752416702755
B11002130,10,5.80327868852459,1.328374726549698
B11002130,11,12.78688524590164,3.2598639924276878
B11002130,12,24.934426229508198,6.195897247661094
B11002130,13,30.442622950819672,6.487123665230829
B11002130,14,31.75409836065574,6.5151921771409995
B11002130,15,31.459016393442624,6.310474691795921
B11002130,16,29.9672131147541,6.818410980488372
B11002130,17,28.24590163934426,7.253389795902932
B11002130,18,33.36065573770492,7.656632797745773
B11002130,19,37.0,7.033875875793202
B11002130,20,38.49180327868852,6.5050370163629
B11002130,21,39.0,5.389729151624305
B11002130,22,38.032786885245905,4.770012932981588
B11002130,23,36.442622950819676,5.071697714798559
B11002130,24,34.131147540983605,5.403324446726507
B11002131,1,19.229508196721312,2.5887109433641813
B11002131,2,17.918032786885245,2.167533023684088
B11002131,3,8.475409836065573,2.308974347400255
B11002131,4,4.836065573770492,0.7054896652901643
B11002131,5,4.590163934426229,0.610752000334333
B11002131,6,4.229508196721311,0.5245901639344263
B11002131,7,4.327868852459017,0.5031478443679608
B11002131,8,4.377049180327869,0.57727268398882
B11002131,9,4.245901639344262,0.5327238298121942
B11002131,10,4.278688524590164,0.5163283851811024
B11002131,11,9.049180327868852,2.3568959129607396
B11002131,12,16.918032786885245,3.9682968307108704
B11002131,13,19.62295081967213,4.780986709416173
B11002131,14,20.39344262295082,4.7157868405385335
B11002131,15,19.80327868852459,4.598002674473325
B11002131,16,18.852459016393443,4.00342503189772
B11002131,17,18.262295081967213,3.64355095820791
B11002131,18,20.557377049180328,3.7614288798925406
B11002131,19,22.19672131147541,2.9908037854376945
B11002131,20,22.262295081967213,2.9747662222200013
B11002131,21,22.19672131147541,2.7390298158597637
B11002131,22,21.737704918032787,2.3946774268156457
B11002131,23,20.868852459016395,2.633176787575248
B11002131,24,19.81967213114754,2.5639889307023758
B11002132,1,23.459016393442624,4.636186146320897
B11002132,2,16.19672131147541,5.30332302918094
B11002132,3,7.852459016393443,3.0181748125547694
B11002132,4,4.967213114754099,0.9745484555870064
B11002132,5,4.459016393442623,0.9156878717225534
B11002132,6,4.639344262295082,0.6014405353391522
B11002132,7,4.557377049180328,0.5588216573462069
B11002132,8,4.360655737704918,0.5442030384491093
B11002132,9,4.688524590163935,0.7583628528669101
B11002132,10,8.950819672131148,3.3063586503673354
B11002132,11,12.885245901639344,4.527143494326297
B11002132,12,20.40983606557377,5.202070991064647
B11002132,13,25.770491803278688,6.792940990404166
B11002132,14,26.770491803278688,6.814626128139845
B11002132,15,25.9672131147541,6.360655737704918
B11002132,16,24.081967213114755,5.37539958702946
B11002132,17,22.524590163934427,5.358023116530974
B11002132,18,23.62295081967213,4.387627666355122
B11002132,19,26.360655737704917,3.5897522033538016
B11002132,20,27.40983606557377,3.5958858512323104
B11002132,21,27.688524590163933,3.637423802848174
B11002132,22,27.114754098360656,3.7377049180327866
B11002132,23,26.524590163934427,3.809421269143765
B11002132,24,24.885245901639344,4.235286432939404
B11002133,1,31.295081967213115,7.177707434109781
B11002133,2,18.24590163934426,9.505228479596983
B11002133,3,9.049180327868852,4.094883771076953
B11002133,4,7.131147540983607,1.4983642429199806
B11002133,5,6.918032786885246,0.7953776702103741
B11002133,6,6.754098360655738,0.5910739795842606
B11002133,7,6.786885245901639,0.630242058581675
B11002133,8,6.868852459016393,0.613386456848187
B11002133,9,6.918032786885246,0.5809850867760443
B11002133,10,7.262295081967213,0.7220562473949258
B11002133,11,12.573770491803279,2.1383233541721696
B11002133,12,22.19672131147541,4.905064870248823
B11002133,13,31.83606557377049,8.653967777313598
B11002133,14,32.68852459016394,9.162541317611415
B11002133,15,31.295081967213115,8.201048038373363
B11002133,16,29.229508196721312,7.309085840493551
B11002133,17,27.75409836065574,6.93211991256127
B11002133,18,28.918032786885245,7.3491274868923835
B11002133,19,32.34426229508197,6.563398874337922
B11002133,20,34.721311475409834,5.867753354357461
B11002133,21,35.885245901639344,6.225537992831472
B11002133,22,36.18032786885246,6.504747816387435
B11002133,23,35.032786885245905,6.4119949406184436
B11002133,24,33.32786885245902,6.447063918027197
B11002134,1,22.065573770491802,3.207924881888073
B11002134,2,19.327868852459016,2.8035183484937827
B11002134,3,7.819672131147541,1.937618926831788
B11002134,4,6.475409836065574,0.9162746631135817
B11002134,5,6.180327868852459,0.819999934452446
B11002134,6,6.262295081967213,1.9493726552386557
B11002134,7,6.016393442622951,0.999865618490289
B11002134,8,6.114754098360656,0.9071367430988148
B11002134,9,6.278688524590164,1.0732385116939613
B11002134,10,6.278688524590164,1.010293700861023
B11002134,11,7.032786885245901,1.2006448146623314
B11002134,12,14.0,4.721766826857624
B11002134,13,20.81967213114754,5.25577963432954
B11002134,14,22.229508196721312,6.033766848419017
B11002134,15,21.950819672131146,7.0720559060271615
B11002134,16,20.885245901639344,7.362061277319539
B11002134,17,20.0,6.013645685125581
B11002134,18,20.40983606557377,5.45736695408016
B11002134,19,23.639344262295083,4.922457026380772
B11002134,20,26.60655737704918,4.465821711419219
B11002134,21,26.475409836065573,4.317735279841562
B11002134,22,25.83606557377049,3.9843148530404946
B11002134,23,24.934426229508198,3.3917394949988364
B11002134,24,23.524590163934427,3.1654205292687996
B11002135,1,25.065573770491802,3.9871467774444653
B11002135,2,14.262295081967213,5.545347006376008
B11002135,3,6.950819672131147,1.6339254704213704
B11002135,4,5.836065573770492,0.8134187691839527
B11002135,5,5.737704918032787,0.9564558784140867
B11002135,6,5.573770491803279,0.8770108770554266
B11002135,7,5.639344262295082,0.830421320781242
B11002135,8,5.836065573770492,0.7720597927420733
B11002135,9,5.557377049180328,0.7360637482178246
B11002135,10,5.426229508196721,0.8955082153277157
B11002135,11,7.39344262295082,1.7767043401426261
B11002135,12,18.9672131147541,4.7285918366740844
B11002135,13,23.983606557377048,5.750243910090316
B11002135,14,24.278688524590162,5.450616291041169
B11002135,15,24.016393442622952,5.103813435354766
B11002135,16,23.18032786885246,4.9107049232591535
B11002135,17,22.737704918032787,4.318855492533369
B11002135,18,24.295081967213115,4.592739324355139
B11002135,19,26.37704918032787,3.7467534992932934
B11002135,20,27.40983606557377,3.427837100306877
B11002135,21,27.688524590163933,3.5368828714161054
B11002135,22,27.540983606557376,3.6510666327949015
B11002135,23,26.508196721311474,3.709195267854096
B11002135,24,25.639344262295083,3.9089338066068984
B11002137,1,29.131147540983605,5.868715082191039
B11002137,2,14.672131147540984,4.706888260576664
B11002137,3,6.704918032786885,1.3470582678146974
B11002137,4,6.426229508196721,1.2474106478522493
B11002137,5,6.262295081967213,0.8473998677586941
B11002137,6,6.213114754098361,0.7706661818716826
B11002137,7,6.163934426229508,0.6818568637077186
B11002137,8,6.163934426229508,0.8134187691839526
B11002137,9,6.245901639344262,0.8991022426755468
B11002137,10,12.245901639344263,4.654121169369963
B11002137,11,21.065573770491802,8.809214349626911
B11002137,12,29.0,10.453644748344482
B11002137,13,37.0,10.239748972332936
B11002137,14,38.885245901639344,9.970609861242497
B11002137,15,37.42622950819672,10.19234527362737
B11002137,16,35.36065573770492,10.784069591163497
B11002137,17,33.22950819672131,11.168447127221375
B11002137,18,31.868852459016395,11.62314735434661
B11002137,19,35.47540983606557,9.814019008251893
B11002137,20,39.21311475409836,9.38976553784406
B11002137,21,38.32786885245902,8.046425357385766
B11002137,22,36.81967213114754,6.8723923739613655
B11002137,23,35.442622950819676,6.096289089365153
B11002137,24,33.950819672131146,6.152238642294702
B11002138,1,26.18032786885246,5.3485349509945435
B11002138,2,26.16393442622951,4.95282773303061
B11002138,3,25.37704918032787,4.992334893224401
B11002138,4,24.540983606557376,5.055669664231398
B11002138,5,21.229508196721312,4.8969493435080205
B11002138,6,8.098360655737705,3.0498853406708446
B11002138,7,5.754098360655738,0.8229442883941727
B11002138,8,5.737704918032787,0.7872267018716701
B11002138,9,5.655737704918033,0.8470826677222173
B11002138,10,5.852459016393443,1.2258963341534372
B11002138,11,12.01639344262295,3.0648285234234214
B11002138,12,19.0327868852459,5.098914102057012
B11002138,13,24.34426229508197,7.624131761160031
B11002138,14,25.311475409836067,7.893846916088583
B11002138,15,25.16393442622951,7.533923994161238
B11002138,16,24.147540983606557,7.040482624975552
B11002138,17,23.672131147540984,6.701409960464302
B11002138,18,24.57377049180328,6.631912456642646
B11002138,19,28.57377049180328,6.4183625315706685
B11002138,20,29.295081967213115,6.48919470690324
B11002138,21,29.40983606557377,6.189300787279657
B11002138,22,27.983606557377048,5.385139854733484
B11002138,23,27.21311475409836,4.838760016267413
B11002138,24,27.0327868852459,5.079586962409489
B11002139,1,20.672131147540984,3.5051311870653326
B11002139,2,16.19672131147541,3.182017465671881
B11002139,3,5.557377049180328,1.1383708543775226
B11002139,4,4.754098360655738,0.880680394659888
B11002139,5,4.704918032786885,0.7963906755076142
B11002139,6,4.573770491803279,0.711936090183884
B11002139,7,4.655737704918033,1.1145129922481005
B11002139,8,4.60655737704918,0.6081061308521774
B11002139,9,5.491803278688525,0.802106873621316
B11002139,10,5.704918032786885,0.8559198348987941
B11002139,11,9.163934426229508,1.2035511372444363
B11002139,12,14.40983606557377,3.6366848945579315
B11002139,13,19.295081967213115,4.774743190399351
B11002139,14,19.098360655737704,4.72074222433464
B11002139,15,18.688524590163933,4.459438263553438
B11002139,16,17.770491803278688,4.0545196098090655
B11002139,17,17.065573770491802,4.280603804731583
B11002139,18,19.098360655737704,3.9905828410034343
B11002139,19,22.65573770491803,3.386982049939315
B11002139,20,23.62295081967213,3.10031164179826
B11002139,21,23.868852459016395,2.8828231258530184
B11002139,22,23.24590163934426,3.0117569498137478
B11002139,23,22.34426229508197,3.1094000575812912
B11002139,24,21.80327868852459,3.758355378598584
B11002140,1,20.57377049180328,3.2916138669299193
B11002140,2,19.42622950819672,3.180158859798595
B11002140,3,18.770491803278688,3.210604573182853
B11002140,4,15.868852459016393,2.8885041215478426
B11002140,5,8.344262295081966,2.9746758793083656
B11002140,6,4.278688524590164,1.2164332104320752
B11002140,7,4.0,0.7465768876548
B11002140,8,4.049180327868853,0.711180720114225
B11002140,9,4.114754098360656,0.7265088461036177
B11002140,10,4.868852459016393,0.8958082683484755
B11002140,11,12.540983606557377,3.8006633178261082
B11002140,12,17.475409836065573,4.283428064013143
B11002140,13,21.016393442622952,5.561848387411074
B11002140,14,21.639344262295083,6.068010144272312
B11002140,15,21.311475409836067,5.579649744006227
B11002140,16,19.508196721311474,5.488058424686834
B11002140,17,18.524590163934427,5.5886493789836855
B11002140,18,20.016393442622952,5.888281786954488
B11002140,19,24.262295081967213,5.056732695354867
B11002140,20,25.42622950819672,5.264975569801314
B11002140,21,25.557377049180328,4.836760161289158
B11002140,22,24.950819672131146,4.705860418558679
B11002140,23,23.81967213114754,4.440898582536068
B11002140,24,22.131147540983605,4.050806071720872
B11002141,1,25.0327868852459,4.725123688604869
B11002141,2,13.114754098360656,5.390028317866358
B11002141,3,6.098360655737705,1.543945531537194
B11002141,4,5.459016393442623,0.780369195764715
B11002141,5,5.311475409836065,0.6904734324148422
B11002141,6,5.229508196721311,0.6374499047614288
B11002141,7,5.131147540983607,0.734967599064259
B11002141,8,5.163934426229508,0.7283560620171495
B11002141,9,5.262295081967213,0.7872267018716702
B11002141,10,5.770491803278689,1.561771195254368
B11002141,11,17.327868852459016,7.217286424069826
B11002141,12,21.524590163934427,5.084874895303409
B11002141,13,25.78688524590164,6.46837135631721
B11002141,14,25.327868852459016,7.128150868386026
B11002141,15,24.131147540983605,5.701525277189287
B11002141,16,22.295081967213115,5.375549570974366
B11002141,17,22.21311475409836,4.66980097198789
B11002141,18,22.262295081967213,3.6749111256980203
B11002141,19,24.34426229508197,3.3772879113453333
B11002141,20,25.114754098360656,3.0946721040096743
B11002141,21,25.229508196721312,3.4183374476008828
B11002141,22,25.737704918032787,3.878911624197756
B11002141,23,25.672131147540984,4.618996099414556
B11002141,24,25.75409836065574,4.393197937889064
B11002142,1,20.65573770491803,4.056507606795305
B11002142,2,8.62295081967213,3.493149898114315
B11002142,3,4.524590163934426,0.8017717547959007
B11002142,4,4.295081967213115,0.5823711366666102
B11002142,5,4.180327868852459,0.6142620982031212
B11002142,6,4.081967213114754,0.5809850867760443
B11002142,7,4.245901639344262,0.5010067799979057
B11002142,8,4.114754098360656,0.6032252292778395
B11002142,9,4.39344262295082,0.6598233376228888
B11002142,10,4.557377049180328,0.9838797434835187
B11002142,11,10.01639344262295,3.0325653441458402
B11002142,12,16.934426229508198,3.2028105099413393
B11002142,13,19.81967213114754,3.9856636394207143
B11002142,14,19.885245901639344,4.057368769655405
B11002142,15,19.114754098360656,3.921769258875419
B11002142,16,17.868852459016395,3.5272959495818568
B11002142,17,17.114754098360656,3.2039850220467003
B11002142,18,17.40983606557377,3.200292246800092
B11002142,19,21.311475409836067,3.070435349099844
B11002142,20,23.75409836065574,2.596692333006048
B11002142,21,23.918032786885245,2.5626259711041484
B11002142,22,23.75409836065574,3.0496209799699248
B11002142,23,23.18032786885246,3.316665304935219
B11002142,24,22.672131147540984,4.151718235943906
B11002143,1,25.540983606557376,3.628546972395258
B11002143,2,13.295081967213115,4.09054993414983
B11002143,3,5.885245901639344,1.5795658321896267
B11002143,4,5.377049180327869,1.1475409836065573
B11002143,5,5.327868852459017,1.6862151961473821
B11002143,6,5.098360655737705,0.5026134333362587
B11002143,7,5.081967213114754,0.45430840854265636
B11002143,8,5.049180327868853,0.5559286871414154
B11002143,9,5.131147540983607,0.6646929486135505
B11002143,10,5.147540983606557,0.7205659336339643
B11002143,11,7.016393442622951,1.2077862594356632
B11002143,12,18.688524590163933,3.9734404450937477
B11002143,13,27.491803278688526,5.933022205073136
B11002143,14,29.18032786885246,5.7985532303009135
B11002143,15,27.83606557377049,6.35862735952811
B11002143,16,24.147540983606557,5.662172628176499
B11002143,17,25.311475409836067,5.052319654251855
B11002143,18,27.688524590163933,5.265230783186525
B11002143,19,29.852459016393443,5.886455878174693
B11002143,20,31.950819672131146,5.064910561921971
B11002143,21,32.73770491803279,4.683076049988491
B11002143,22,31.39344262295082,4.86297044932109
B11002143,23,28.704918032786885,4.538882155640261
B11002143,24,27.131147540983605,4.298209348226593
B11002148,1,24.147540983606557,5.61273746242338
B11002148,2,21.295081967213115,6.32026213996473
B11002148,3,18.081967213114755,6.59680767795368
B11002148,4,14.147540983606557,5.911467226747562
B11002148,5,10.163934426229508,3.7248845415877123
B11002148,6,8.180327868852459,2.6643253181056434
B11002148,7,7.590163934426229,1.7776116707014575
B11002148,8,7.360655737704918,1.7836487458848471
B11002148,9,8.295081967213115,2.2785116100682483
B11002148,10,9.704918032786885,2.307111331990593
B11002148,11,9.442622950819672,2.243567052737448
B11002148,12,8.852459016393443,2.179156594059981
B11002148,13,7.852459016393443,1.5346924247171738
B11002148,14,7.311475409836065,1.7038142707077713
B11002148,15,8.852459016393443,2.5596879008894207
B11002148,16,17.721311475409838,4.153336196206705
B11002148,17,21.491803278688526,4.840481451530643
B11002148,18,25.40983606557377,5.354259983706946
B11002148,19,25.983606557377048,5.52339822721035
B11002148,20,26.60655737704918,6.371758098288204
B11002148,21,27.60655737704918,6.7417920673582605
B11002148,22,28.081967213114755,6.702813409717027
B11002148,23,27.295081967213115,6.16798785452835
B11002148,24,25.704918032786885,6.119959986730552
B11002149,1,9.737704918032787,1.3658797602585704
B11002149,2,9.40983606557377,1.6030406474533945
B11002149,3,8.78688524590164,2.081257139786784
B11002149,4,7.557377049180328,2.3012796879336963
B11002149,5,6.147540983606557,2.253129448987367
B11002149,6,4.901639344262295,1.6860558109968635
B11002149,7,4.081967213114754,1.1350609424992628
B11002149,8,3.7540983606557377,0.8618648805308142
B11002149,9,3.6557377049180326,0.9388735123459903
B11002149,10,3.639344262295082,0.8499332063485718
B11002149,11,3.9672131147540983,1.436836382699045
B11002149,12,4.213114754098361,0.9601016697932016
B11002149,13,5.081967213114754,1.232019293643012
B11002149,14,5.80327868852459,1.7538685309828814
B11002149,15,6.819672131147541,1.8948437084327727
B11002149,16,8.163934426229508,1.3079871642831933
B11002149,17,9.032786885245901,1.3904500169600018
B11002149,18,9.360655737704919,1.1878177660811016
B11002149,19,9.885245901639344,1.215991272829685
B11002149,20,10.508196721311476,1.2755320435361908
B11002149,21,10.868852459016393,1.3727489452759556
B11002149,22,10.770491803278688,1.5617711952543678
B11002149,23,10.62295081967213,1.4161126011799483
B11002149,24,10.262295081967213,1.3658797602585704
B11002150,1,20.475409836065573,3.513937389820055
B11002150,2,13.655737704918034,6.687118142066534
B11002150,3,10.901639344262295,7.173962295514832
B11002150,4,10.540983606557377,7.623461995905138
B11002150,5,9.737704918032787,6.665058482013818
B11002150,6,5.983606557377049,2.2286642568572477
B11002150,7,5.0,1.2280866098575765
B11002150,8,5.180327868852459,1.0001343634537472
B11002150,9,5.737704918032787,1.0542908321844937
B11002150,10,5.80327868852459,1.0214048848160797
B11002150,11,5.836065573770492,0.750526107689154
B11002150,12,5.344262295081967,0.9561748571421433
B11002150,13,5.459016393442623,1.869283815619718
B11002150,14,7.737704918032787,3.710426776497053
B11002150,15,16.672131147540984,3.267933178859208
B11002150,16,17.40983606557377,3.2812285243279247
B11002150,17,20.491803278688526,3.1861531912357943
B11002150,18,21.262295081967213,3.1978560407230536
B11002150,19,22.131147540983605,3.389837318191749
B11002150,20,22.950819672131146,3.3162601368636198
B11002150,21,23.229508196721312,2.9386817755248127
B11002150,22,23.049180327868854,2.848216177489231
B11002150,23,22.885245901639344,3.0734098149046214
B11002150,24,22.229508196721312,3.1435254440112184
B11002151,1,17.065573770491802,2.401289629324663
B11002151,2,16.737704918032787,2.3946774268156457
B11002151,3,16.278688524590162,2.319773501810981
B11002151,4,14.672131147540984,2.5971062804553555
B11002151,5,12.40983606557377,3.3209570474232906
B11002151,6,8.836065573770492,2.4573765023676377
B11002151,7,10.21311475409836,1.8740221852384573
B11002151,8,10.37704918032787,1.494952539695475
B11002151,9,10.245901639344263,1.4332782291406159
B11002151,10,9.475409836065573,1.3979675806772356
B11002151,11,8.327868852459016,1.3147500102139948
B11002151,12,6.262295081967213,1.3169965749767167
B11002151,13,6.049180327868853,1.2858145279427917
B11002151,14,6.147540983606557,1.3650925096108888
B11002151,15,7.131147540983607,1.824023743698508
B11002151,16,11.262295081967213,2.172115681974018
B11002151,17,16.049180327868854,2.5952429969818818
B11002151,18,16.524590163934427,2.7257518582384086
B11002151,19,17.229508196721312,2.813279065857461
B11002151,20,17.65573770491803,2.996638805048516
B11002151,21,17.918032786885245,3.079786462510465
B11002151,22,17.885245901639344,2.953732624145629
B11002151,23,17.75409836065574,2.866743955842232
B11002151,24,17.37704918032787,2.6744935750207355
B11002152,1,20.491803278688526,3.371155130236578
B11002152,2,19.40983606557377,2.9218063645871366
B11002152,3,17.065573770491802,3.7933023480305796
B11002152,4,13.524590163934427,5.221665325014676
B11002152,5,10.950819672131148,4.930421554511011
B11002152,6,8.098360655737705,3.5791056581987615
B11002152,7,6.704918032786885,2.7895840355942014
B11002152,8,6.0,1.88175014456154
B11002152,9,6.409836065573771,2.2056339869980497
B11002152,10,6.180327868852459,1.8687086513551427
B11002152,11,5.901639344262295,1.7149766335241994
B11002152,12,5.983606557377049,2.0284194224567127
B11002152,13,6.19672131147541,1.8714391072564374
B11002152,14,6.459016393442623,2.315831263791515
B11002152,15,6.672131147540983,2.323940347104177
B11002152,16,11.39344262295082,2.530331984468818
B11002152,17,14.245901639344263,2.779643435707077
B11002152,18,19.540983606557376,2.7968001065140196
B11002152,19,20.475409836065573,2.7076488946967316
B11002152,20,21.540983606557376,3.0491803278688527
B11002152,21,21.75409836065574,3.419595114106865
B11002152,22,21.75409836065574,3.24747436646034
B11002152,23,21.60655737704918,3.35485304715711
B11002152,24,21.147540983606557,3.5336140677029064
B11002153,1,18.721311475409838,2.782445837282246
B11002153,2,18.0327868852459,2.94188081421969
B11002153,3,17.098360655737704,2.9901747195663995
B11002153,4,13.163934426229508,4.631256345740579
B11002153,5,10.426229508196721,5.074717197622994
B11002153,6,8.327868852459016,3.4533011598806596
B11002153,7,6.426229508196721,1.693372001130063
B11002153,8,6.377049180327869,1.680787622029678
B11002153,9,6.409836065573771,1.7403320691265851
B11002153,10,7.19672131147541,1.1986286170774367
B11002153,11,7.524590163934426,1.6556565472724718
B11002153,12,8.131147540983607,2.243207669914403
B11002153,13,9.229508196721312,2.6758999872446823
B11002153,14,10.344262295081966,2.5791423526947064
B11002153,15,9.836065573770492,2.6313390461945323
B11002153,16,11.40983606557377,4.236365009972071
B11002153,17,16.37704918032787,2.668356984659529
B11002153,18,17.983606557377048,2.54462985345699
B11002153,19,19.37704918032787,3.3445033664317183
B11002153,20,20.0,3.621429841700741
B11002153,21,20.42622950819672,3.6684700719288226
B11002153,22,20.704918032786885,3.61846023903512
B11002153,23,20.131147540983605,3.4043145711792167
B11002153,24,19.737704918032787,3.187586781045675
B11002154,1,15.934426229508198,5.063106195105784
B11002154,2,15.114754098360656,4.972377340361673
B11002154,3,14.229508196721312,4.9502225239698125
B11002154,4,12.19672131147541,4.714190896387057
B11002154,5,10.0,4.787278223258519
B11002154,6,8.180327868852459,3.826174722520668
B11002154,7,6.540983606557377,3.20641657138299
B11002154,8,6.622950819672131,2.846706088615111
B11002154,9,7.573770491803279,2.8194815032778613
B11002154,10,9.19672131147541,2.8790917974372423
B11002154,11,11.80327868852459,3.8616214726125784
B11002154,12,10.62295081967213,4.1455642279517395
B11002154,13,7.508196721311475,3.371155130236578
B11002154,14,6.278688524590164,3.0143435657687174
B11002154,15,7.114754098360656,2.567759504696383
B11002154,16,9.131147540983607,2.633176787575248
B11002154,17,12.163934426229508,3.3980723941228916
B11002154,18,14.868852459016393,3.748116072507061
B11002154,19,15.852459016393443,4.4161999300406265
B11002154,20,16.491803278688526,4.730864651915478
B11002154,21,16.57377049180328,4.688524590163935
B11002154,22,16.75409836065574,4.730978264015539
B11002154,23,16.475409836065573,4.492640821760168
B11002154,24,16.327868852459016,4.540243769997052
B11002155,1,18.21311475409836,5.377898773344446
B11002155,2,13.868852459016393,6.893749627673704
B11002155,3,11.754098360655737,6.972206503776891
B11002155,4,9.245901639344263,4.521916530087578
B11002155,5,7.180327868852459,1.920623163227229
B11002155,6,6.786885245901639,1.7472672255048167
B11002155,7,6.622950819672131,1.5593602558156219
B11002155,8,6.459016393442623,1.5636628970046453
B11002155,9,6.311475409836065,1.397198410010657
B11002155,10,6.967213114754099,1.1869124170424887
B11002155,11,8.327868852459016,1.6567923925406738
B11002155,12,9.557377049180328,1.694006698304198
B11002155,13,9.573770491803279,1.9540543509182084
B11002155,14,10.131147540983607,2.1230615832868294
B11002155,15,10.37704918032787,2.218875320090312
B11002155,16,16.639344262295083,2.66755113881717
B11002155,17,21.78688524590164,3.4504205212867527
B11002155,18,22.737704918032787,3.4778061642658176
B11002155,19,23.39344262295082,4.3202864527243
B11002155,20,23.9672131147541,4.544740116340416
B11002155,21,24.21311475409836,4.161158232907097
B11002155,22,24.475409836065573,4.332895739314772
B11002155,23,24.081967213114755,4.1618685981699635
B11002155,24,22.229508196721312,4.354735288196136
B11002156,1,16.42622950819672,3.226219512179636
B11002156,2,15.934426229508198,2.985587524677301
B11002156,3,14.180327868852459,3.1700866033643122
B11002156,4,10.60655737704918,4.297458984343854
B11002156,5,8.819672131147541,4.087197912720635
B11002156,6,6.524590163934426,1.9299754298703526
B11002156,7,5.540983606557377,1.095052517518999
B11002156,8,6.901639344262295,1.019561429866637
B11002156,9,8.540983606557377,1.3619389564304012
B11002156,10,8.459016393442623,1.3129090524705522
B11002156,11,7.918032786885246,1.394310240981306
B11002156,12,7.573770491803279,1.2734233761271119
B11002156,13,7.770491803278689,1.2333274015609197
B11002156,14,6.770491803278689,1.3597666461198508
B11002156,15,6.213114754098361,1.2428781259688435
B11002156,16,7.295081967213115,1.4297112203550912
B11002156,17,11.180327868852459,2.7491172754434032
B11002156,18,16.442622950819672,3.3949074212439907
B11002156,19,17.39344262295082,3.488992942799483
B11002156,20,17.950819672131146,3.812947010110171
B11002156,21,17.950819672131146,3.7783951381427636
B11002156,22,17.770491803278688,3.880989575610631
B11002156,23,17.19672131147541,3.538174356188756
B11002156,24,16.704918032786885,3.2810647127143167
B11002157,1,13.262295081967213,3.8915698688413873
B11002157,2,12.704918032786885,3.3551734571714182
B11002157,3,12.0,3.566694755009158
B11002157,4,9.131147540983607,3.231380001785085
B11002157,5,7.016393442622951,3.010864498035534
B11002157,6,5.557377049180328,1.860059845361358
B11002157,7,4.967213114754099,1.3904500169600018
B11002157,8,4.442622950819672,1.4086918727174318
B11002157,9,4.295081967213115,1.3711818797591135
B11002157,10,4.278688524590164,1.307370625401763
B11002157,11,4.639344262295082,1.5367923469190776
B11002157,12,5.114754098360656,1.7091687238004412
B11002157,13,5.245901639344262,1.4671902187058654
B11002157,14,4.442622950819672,1.248272119396818
B11002157,15,4.229508196721311,1.2980874029396168
B11002157,16,5.163934426229508,1.8658301705161373
B11002157,17,10.245901639344263,3.5925959275323325
B11002157,18,13.278688524590164,4.192620947710369
B11002157,19,13.442622950819672,4.209764567086019
B11002157,20,13.737704918032787,4.007786026094633
B11002157,21,14.049180327868852,4.255858948991539
B11002157,22,13.934426229508198,4.183765863660987
B11002157,23,14.0,4.4647985653899545
B11002157,24,13.885245901639344,4.192492746724276
B11002158,1,22.475409836065573,2.1240740113764613
B11002158,2,21.75409836065574,1.8346012896442991
B11002158,3,20.0327868852459,3.0833620840678684
B11002158,4,15.819672131147541,5.084557774414062
B11002158,5,13.081967213114755,6.063313712752532
B11002158,6,9.229508196721312,5.132325848052572
B11002158,7,6.065573770491803,3.0561352024584014
B11002158,8,4.967213114754099,1.354618246564826
B11002158,9,5.163934426229508,1.548985155543307
B11002158,10,6.721311475409836,1.9846224197274172
B11002158,11,9.344262295081966,2.3321364714281243
B11002158,12,9.508196721311476,2.6895240045660107
B11002158,13,8.934426229508198,2.53415263723798
B11002158,14,7.327868852459017,2.086029340404835
B11002158,15,7.934426229508197,1.8365046313449247
B11002158,16,13.311475409836065,1.7229500397745892
B11002158,17,16.229508196721312,2.766268971091679
B11002158,18,23.442622950819672,2.492773754070244
B11002158,19,24.147540983606557,2.494821295704498
B11002158,20,24.42622950819672,2.6824200988417624
B11002158,21,24.540983606557376,3.2166257164505874
B11002158,22,24.39344262295082,3.1997883563442753
B11002158,23,23.901639344262296,2.867025179192565
B11002158,24,23.442622950819672,2.5832029309413693
B11002159,1,12.950819672131148,2.235527073276169
B11002159,2,12.459016393442623,2.123820949600216
B11002159,3,11.19672131147541,2.2310746666650014
B11002159,4,8.0,3.4451200935549973
B11002159,5,5.737704918032787,3.1772843303999916
B11002159,6,3.8360655737704916,1.883320470790906
B11002159,7,2.819672131147541,0.8779296943603858
B11002159,8,2.6885245901639343,0.8403938110148392
B11002159,9,2.721311475409836,0.8323608049040068
B11002159,10,3.4754098360655736,1.4777758806212378
B11002159,11,3.7049180327868854,0.8559198348987941
B11002159,12,3.7049180327868854,0.9293795267579256
B11002159,13,3.540983606557377,0.7145735973017497
B11002159,14,3.2131147540983607,0.6802784892211944
B11002159,15,5.114754098360656,3.2192981653207124
B11002159,16,10.524590163934427,2.1924352608499085
B11002159,17,11.98360655737705,2.5766403546739016
B11002159,18,13.180327868852459,2.518835254645091
B11002159,19,14.21311475409836,2.2912145401072137
B11002159,20,15.049180327868852,2.286282898521533
B11002159,21,15.032786885245901,2.442567938647761
B11002159,22,15.032786885245901,2.268582377557057
B11002159,23,14.62295081967213,2.1360599121749764
B11002159,24,13.934426229508198,2.231436003563745
B11002160,1,27.672131147540984,3.3078213892917585
B11002160,2,26.83606557377049,3.334766331769493
B11002160,3,23.540983606557376,4.709856321959487
B11002160,4,18.098360655737704,6.585390980171998
B11002160,5,12.688524590163935,6.3672857114599895
B11002160,6,9.40983606557377,3.4706122159430857
B11002160,7,7.327868852459017,0.9533600884294237
B11002160,8,7.081967213114754,0.8355832745819448
B11002160,9,7.655737704918033,1.6484990281936436
B11002160,10,10.770491803278688,2.4387140028379157
B11002160,11,11.98360655737705,2.3293691771026093
B11002160,12,11.885245901639344,2.3615663089008665
B11002160,13,11.672131147540984,2.4409169969663065
B11002160,14,11.081967213114755,2.613301924719892
B11002160,15,9.573770491803279,2.706755461369544
B11002160,16,9.901639344262295,2.8034224869646818
B11002160,17,21.524590163934427,3.6601825511091977
B11002160,18,27.540983606557376,4.067358148873377
B11002160,19,28.491803278688526,4.159220256445743
B11002160,20,29.39344262295082,4.098295081442615
B11002160,21,29.868852459016395,4.328613944803775
B11002160,22,29.229508196721312,4.042371656662528
B11002160,23,29.049180327868854,3.6278803345176946
B11002160,24,28.737704918032787,3.5982766336954644
B11002161,1,21.0327868852459,1.8988107849928209
B11002161,2,20.65573770491803,1.6682694076339084
B11002161,3,18.9672131147541,1.9915165414602938
B11002161,4,15.081967213114755,4.339279542705758
B11002161,5,11.37704918032787,4.936195968245746
B11002161,6,7.032786885245901,3.37282881280443
B11002161,7,4.295081967213115,2.2640762767018243
B11002161,8,3.721311475409836,1.6409827877038947
B11002161,9,3.2131147540983607,0.6802784892211944
B11002161,10,3.19672131147541,0.7201928733275016
B11002161,11,4.065573770491803,1.3654861916694294
B11002161,12,5.016393442622951,2.2433274705857973
B11002161,13,6.655737704918033,1.5980033228144053
B11002161,14,8.049180327868852,1.3480554241195921
B11002161,15,8.508196721311476,1.5746240854505729
B11002161,16,10.19672131147541,2.4482825839468156
B11002161,17,16.83606557377049,2.5618917694397303
B11002161,18,20.737704918032787,2.087445998863811
B11002161,19,20.80327868852459,2.039122859733274
B11002161,20,21.62295081967213,2.248233801696232
B11002161,21,21.688524590163933,2.3922071817079296
B11002161,22,21.508196721311474,2.2000219881142034
B11002161,23,21.442622950819672,1.9796057743319353
B11002161,24,21.065573770491802,2.0152602440169587
B11002162,1,13.508196721311476,1.6755028686755715
B11002162,2,13.19672131147541,1.5766708247271592
B11002162,3,11.40983606557377,2.6138160607347665
B11002162,4,8.180327868852459,3.8304568777760717
B11002162,5,6.016393442622951,3.6009643666375073
B11002162,6,4.081967213114754,1.6722918598434877
B11002162,7,3.1311475409836067,0.6889147996541211
B11002162,8,3.081967213114754,0.6085479079760848
B11002162,9,3.1475409836065573,0.5678855106783203
B11002162,10,3.0491803278688523,0.5559286871414154
B11002162,11,3.1639344262295084,0.6319454186031601
B11002162,12,4.377049180327869,0.9944754680723344
B11002162,13,6.163934426229508,1.7665408253146486
B11002162,14,6.344262295081967,1.8005941269175056
B11002162,15,6.540983606557377,1.7794249438733842
B11002162,16,6.819672131147541,1.61456685275346
B11002162,17,14.065573770491802,2.0950280913568458
B11002162,18,14.508196721311476,2.037540713218275
B11002162,19,14.508196721311476,2.0694732902373114
B11002162,20,14.770491803278688,2.011389232191382
B11002162,21,14.770491803278688,2.1146905569307672
B11002162,22,14.836065573770492,2.19672131147541
B11002162,23,14.639344262295081,2.0165933527451516
B11002162,24,13.98360655737705,1.8773176127052646
B11002163,1,25.016393442622952,2.5702701476864545
B11002163,2,24.262295081967213,2.534364726842673
B11002163,3,22.704918032786885,2.484999338952196
B11002163,4,16.311475409836067,3.256977295262333
B11002163,5,12.147540983606557,4.322400917423474
B11002163,6,8.360655737704919,4.172638379421095
B11002163,7,6.426229508196721,3.1904520281689397
B11002163,8,7.836065573770492,4.312316816233349
B11002163,9,12.524590163934427,4.287253534003008
B11002163,10,16.016393442622952,2.83706037702898
B11002163,11,15.655737704918034,2.8044767835662228
B11002163,12,13.737704918032787,2.9303479306890927
B11002163,13,9.311475409836065,3.3217661883478584
B11002163,14,6.622950819672131,3.121390686417423
B11002163,15,9.491803278688524,4.135503818176594
B11002163,16,23.42622950819672,2.505462991102643
B11002163,17,23.78688524590164,2.2912145401072137
B11002163,18,23.80327868852459,2.3665681878844054
B11002163,19,25.049180327868854,2.4590163934426226
B11002163,20,25.80327868852459,2.6165906495382
B11002163,21,26.540983606557376,2.6337890830811577
B11002163,22,26.83606557377049,2.4102263540313578
B11002163,23,26.459016393442624,2.4599998033573383
B11002163,24,26.229508196721312,2.4252324047698863
B11002164,1,27.672131147540984,2.1782931464751596
B11002164,2,26.983606557377048,2.2506232526859695
B11002164,3,24.540983606557376,2.7495082749156468
B11002164,4,18.081967213114755,5.9293520558492485
B11002164,5,11.737704918032787,6.701851076184314
B11002164,6,7.786885245901639,3.6309902641437786
B11002164,7,5.639344262295082,1.5684678426052447
B11002164,8,5.491803278688525,1.1540797315933142
B11002164,9,5.508196721311475,1.0807245720557057
B11002164,10,5.655737704918033,1.0846960124375913
B11002164,11,6.622950819672131,2.298709077680515
B11002164,12,6.721311475409836,2.4098918249376053
B11002164,13,6.065573770491803,1.8365046313449247
B11002164,14,5.688524590163935,1.431965101765407
B11002164,15,6.229508196721311,1.9110845142025032
B11002164,16,9.688524590163935,2.755269072020261
B11002164,17,18.229508196721312,3.355413744603457
B11002164,18,27.491803278688526,3.695912455582994
B11002164,19,27.983606557377048,2.6332788467131936
B11002164,20,28.81967213114754,2.9560063705942543
B11002164,21,28.934426229508198,2.8392382519111163
B11002164,22,28.80327868852459,2.8331739262006486
B11002164,23,28.704918032786885,2.724173884673501
B11002164,24,28.098360655737704,2.4273369205088
B11002165,1,13.426229508196721,2.518515151885493
B11002165,2,9.688524590163935,3.6999822046827595
B11002165,3,7.377049180327869,3.892674643844152
B11002165,4,5.39344262295082,2.234444872010079
B11002165,5,4.540983606557377,1.3129090524705522
B11002165,6,4.344262295081967,0.9032772009151417
B11002165,7,4.114754098360656,0.546174795047793
B11002165,8,4.016393442622951,0.5276549816206912
B11002165,9,4.049180327868853,0.5559286871414154
B11002165,10,4.114754098360656,0.48242422851023475
B11002165,11,4.655737704918033,1.2916534822027677
B11002165,12,5.540983606557377,1.3376486648410064
B11002165,13,6.442622950819672,2.1079443032733973
B11002165,14,6.180327868852459,1.732128385819317
B11002165,15,7.065573770491803,1.7069659831141142
B11002165,16,11.901639344262295,2.0057696943190537
B11002165,17,15.295081967213115,3.62298790871899
B11002165,18,16.16393442622951,3.8161878148648594
B11002165,19,15.80327868852459,3.1143226620959146
B11002165,20,16.0,2.9364861347658584
B11002165,21,16.081967213114755,2.915729427996651
B11002165,22,15.62295081967213,2.6806161172523564
B11002165,23,15.344262295081966,2.3670223800367274
B11002165,24,14.62295081967213,2.5935856212260426
B11002166,1,23.131147540983605,3.4283074724669373
B11002166,2,22.60655737704918,3.1997883563442753
B11002166,3,22.295081967213115,3.3940365362905003
B11002166,4,17.327868852459016,5.324614390641807
B11002166,5,11.426229508196721,6.343859859307982
B11002166,6,8.21311475409836,4.68732072128722
B11002166,7,6.245901639344262,2.3234777333149608
B11002166,8,5.573770491803279,1.541332363743365
B11002166,9,5.442622950819672,1.9036168350157097
B11002166,10,6.032786885245901,1.4138334485206778
B11002166,11,6.901639344262295,1.5439455315371937
B11002166,12,6.639344262295082,1.5153075420709958
B11002166,13,6.262295081967213,1.401423624469673
B11002166,14,6.229508196721311,2.6636191490609704
B11002166,15,7.590163934426229,3.517530100214125
B11002166,16,16.639344262295083,3.0354883847484064
B11002166,17,23.737704918032787,2.8394275533916025
B11002166,18,23.59016393442623,3.1951656576276104
B11002166,19,23.81967213114754,3.3067650316388115
B11002166,20,23.885245901639344,3.383171277123293
B11002166,21,24.327868852459016,3.5051311870653326
B11002166,22,24.37704918032787,3.5536355636014183
B11002166,23,24.18032786885246,3.336377719315461
B11002166,24,23.65573770491803,3.5707612537386604
B11002167,1,29.0,4.519538638865335
B11002167,2,27.737704918032787,4.152430216127885
B11002167,3,23.442622950819672,5.896719260585651
B11002167,4,17.704918032786885,8.187043467026806
B11002167,5,14.147540983606557,8.245885343659548
B11002167,6,9.852459016393443,5.15286349032843
B11002167,7,7.327868852459017,2.3519877291096334
B11002167,8,6.80327868852459,1.5766708247271595
B11002167,9,6.836065573770492,1.4392658405015062
B11002167,10,7.918032786885246,1.6917842164385488
B11002167,11,8.78688524590164,1.9678960563177217
B11002167,12,9.147540983606557,2.0149935164340267
B11002167,13,8.918032786885245,2.1599566022295877
B11002167,14,9.426229508196721,2.706755461369545
B11002167,15,9.639344262295081,2.617925513882618
B11002167,16,12.475409836065573,3.744313972828183
B11002167,17,23.62295081967213,4.274069487173536
B11002167,18,27.475409836065573,4.706488570909311
B11002167,19,28.442622950819672,4.947344345297654
B11002167,20,29.78688524590164,5.441536529924579
B11002167,21,30.229508196721312,5.2927213943423785
B11002167,22,30.57377049180328,5.183387766143995
B11002167,23,30.19672131147541,4.776375167635478
B11002167,24,29.57377049180328,4.564506747608698
B11002168,1,28.40983606557377,4.114656128413736
B11002168,2,28.21311475409836,3.79004197432685
B11002168,3,27.295081967213115,3.7387832784366415
B11002168,4,18.75409836065574,6.972206503776891
B11002168,5,13.081967213114755,8.968606598953588
B11002168,6,8.672131147540984,4.7138488380564585
B11002168,7,6.540983606557377,2.8833824086453315
B11002168,8,5.836065573770492,2.369065167147557
B11002168,9,6.262295081967213,2.2825183054175002
B11002168,10,6.39344262295082,2.4580325900852067
B11002168,11,6.573770491803279,2.4256756124498975
B11002168,12,6.721311475409836,2.542305314634561
B11002168,13,6.475409836065574,2.287575546559004
B11002168,14,6.852459016393443,2.0472778053441525
B11002168,15,6.573770491803279,1.3484540801756584
B11002168,16,8.819672131147541,4.778737732783786
B11002168,17,18.950819672131146,6.629359016336487
B11002168,18,28.639344262295083,4.501485317293764
B11002168,19,29.295081967213115,4.896784700506797
B11002168,20,29.37704918032787,5.248462489699056
B11002168,21,29.688524590163933,5.424718723860425
B11002168,22,29.983606557377048,4.943920934426302
B11002168,23,29.475409836065573,4.87417603756257
B11002168,24,28.950819672131146,4.436902735638302
B11002169,1,25.016393442622952,3.15964203865185
B11002169,2,24.83606557377049,3.12147678305886
B11002169,3,24.18032786885246,3.123198217471438
B11002169,4,18.83606557377049,5.817385835829801
B11002169,5,14.508196721311476,7.246532128937742
B11002169,6,10.39344262295082,6.022576891218765
B11002169,7,7.754098360655738,4.155406266086003
B11002169,8,6.60655737704918,2.6813178098702783
B11002169,9,6.573770491803279,2.107434275609684
B11002169,10,7.475409836065574,2.1547245640193777
B11002169,11,7.721311475409836,2.1888776039966578
B11002169,12,7.311475409836065,1.8156061500276635
B11002169,13,7.622950819672131,2.0895048784163097
B11002169,14,8.868852459016393,2.5637792917722426
B11002169,15,13.311475409836065,4.079299938359552
B11002169,16,16.918032786885245,5.513902197314346
B11002169,17,20.229508196721312,5.0583268231632506
B11002169,18,24.295081967213115,3.859602724374969
B11002169,19,25.098360655737704,3.6426657417326957
B11002169,20,25.721311475409838,3.259946431929311
B11002169,21,26.147540983606557,3.57512382256629
B11002169,22,26.40983606557377,3.708108302927553
B11002169,23,26.475409836065573,3.8987453104773113
B11002169,24,26.0,3.603277196855253
B11002170,1,30.360655737704917,4.620101435566767
B11002170,2,28.262295081967213,4.468107896551035
B11002170,3,25.950819672131146,5.721475877200175
B11002170,4,21.34426229508197,8.399619909241482
B11002170,5,17.081967213114755,9.431887111852447
B11002170,6,13.918032786885245,7.245790370779829
B11002170,7,11.721311475409836,4.648747927821607
B11002170,8,10.475409836065573,3.7704918032786883
B11002170,9,10.60655737704918,2.835828664415569
B11002170,10,10.475409836065573,2.866462704901597
B11002170,11,8.868852459016393,2.6825202844698706
B11002170,12,7.721311475409836,2.057621956555145
B11002170,13,7.262295081967213,2.0637514730303232
B11002170,14,7.950819672131147,2.4118983035149415
B11002170,15,9.491803278688524,2.8608318795881624
B11002170,16,13.311475409836065,3.817736792473839
B11002170,17,20.557377049180328,6.034123159205227
B11002170,18,29.21311475409836,4.801348014602077
B11002170,19,30.40983606557377,4.903585336613749
B11002170,20,31.262295081967213,5.796838141393703
B11002170,21,31.672131147540984,5.759443596405592
B11002170,22,32.47540983606557,5.793174495358632
B11002170,23,32.14754098360656,5.813596459103774
B11002170,24,31.540983606557376,5.215279476320008
B11002171,1,13.344262295081966,3.313584785081348
B11002171,2,12.098360655737705,4.2415003455620335
B11002171,3,10.39344262295082,4.719261850188258
B11002171,4,7.573770491803279,4.271364877242297
B11002171,5,5.245901639344262,3.6334319129075503
B11002171,6,3.6065573770491803,2.2780397708397335
B11002171,7,2.540983606557377,0.9156878717225536
B11002171,8,2.442622950819672,1.0639331632516689
B11002171,9,2.2131147540983607,0.4829809791034831
B11002171,10,2.9344262295081966,1.2128932008586168
B11002171,11,4.360655737704918,2.4092226273984556
B11002171,12,4.147540983606557,1.9655730868618835
B11002171,13,3.7704918032786887,1.2199629478779708
B11002171,14,3.3442622950819674,0.9898707632426575
B11002171,15,3.1311475409836067,1.7599870513315177
B11002171,16,9.114754098360656,1.6001881104147446
B11002171,17,10.19672131147541,1.457818627896112
B11002171,18,14.114754098360656,1.951026301221225
B11002171,19,15.049180327868852,2.0993849958796225
B11002171,20,15.885245901639344,2.4434479847720274
B11002171,21,16.311475409836067,2.505999251674933
B11002171,22,16.540983606557376,2.627557430183322
B11002171,23,16.131147540983605,2.5445242386706552
B11002171,24,15.180327868852459,2.169144250101389
B11002172,1,15.163934426229508,1.6711665491638894
B11002172,2,14.80327868852459,1.212228298185977
B11002172,3,14.327868852459016,1.5119340721532895
B11002172,4,11.426229508196721,3.266617122151879
B11002172,5,8.295081967213115,4.603435147497551
B11002172,6,5.950819672131147,3.4376232234638886
B11002172,7,4.409836065573771,2.3425994331667215
B11002172,8,3.9672131147540983,1.9749846491601317
B11002172,9,3.622950819672131,1.1617388666574802
B11002172,10,3.8852459016393444,1.0258680555516075
B11002172,11,5.163934426229508,1.1040956223267369
B11002172,12,5.459016393442623,1.0012086219411456
B11002172,13,5.508196721311475,1.049948489285634
B11002172,14,5.245901639344262,1.0812217998584361
B11002172,15,5.163934426229508,2.305946183018756
B11002172,16,7.39344262295082,2.915637255792224
B11002172,17,13.98360655737705,2.199044526336259
B11002172,18,14.573770491803279,1.8417651582505463
B11002172,19,14.950819672131148,1.850354237314421
B11002172,20,15.311475409836065,1.6250193805306574
B11002172,21,16.016393442622952,1.824171074076657
B11002172,22,16.21311475409836,2.089118993058884
B11002172,23,15.918032786885245,2.0429413219245087
B11002172,24,15.62295081967213,1.8480289404645183
B11002173,1,18.852459016393443,2.8216729462383583
B11002173,2,18.57377049180328,2.8310863140882496
B11002173,3,17.475409836065573,2.7616018004349483
B11002173,4,15.032786885245901,3.921221008880237
B11002173,5,11.262295081967213,4.991473514640027
B11002173,6,7.557377049180328,4.418755073413497
B11002173,7,5.426229508196721,2.9833363235574257
B11002173,8,4.852459016393443,2.4816445206775426
B11002173,9,4.737704918032787,2.3392701632203985
B11002173,10,5.229508196721311,1.9702162868949005
B11002173,11,5.786885245901639,1.934287297039205
B11002173,12,5.098360655737705,1.724509129804739
B11002173,13,4.918032786885246,1.5919374932865855
B11002173,14,6.180327868852459,1.5418553516101636
B11002173,15,7.852459016393443,2.833268781112244
B11002173,16,13.475409836065573,3.860716647043099
B11002173,17,15.62295081967213,3.157940470302557
B11002173,18,17.65573770491803,3.01844192737018
B11002173,19,19.24590163934426,3.0117569498137473
B11002173,20,19.950819672131146,3.271467457905947
B11002173,21,19.901639344262296,3.2426710202142424
B11002173,22,19.721311475409838,3.1369356852104895
B11002173,23,19.721311475409838,2.9148075747920372
B11002173,24,19.59016393442623,3.132992332696022
B11002174,1,37.39344262295082,4.663350967566978
B11002174,2,36.01639344262295,4.221303517420479
B11002174,3,32.49180327868852,5.919190659174731
B11002174,4,25.16393442622951,9.185127550929689
B11002174,5,18.016393442622952,11.546757125162804
B11002174,6,12.344262295081966,8.640137456977381
B11002174,7,8.540983606557377,3.9735757134539322
B11002174,8,8.819672131147541,3.596483695843654
B11002174,9,9.360655737704919,3.845511698817957
B11002174,10,10.360655737704919,2.781866261680621
B11002174,11,10.19672131147541,2.8790917974372423
B11002174,12,9.852459016393443,2.9578241092795055
B11002174,13,8.459016393442623,3.118289624146404
B11002174,14,6.983606557377049,1.9958301061002204
B11002174,15,7.885245901639344,3.23453881302652
B11002174,16,13.40983606557377,6.117368579199822
B11002174,17,27.9672131147541,6.1722998692459505
B11002174,18,34.377049180327866,4.859211075500818
B11002174,19,37.81967213114754,5.129497456359355
B11002174,20,39.91803278688525,5.795122544899325
B11002174,21,41.131147540983605,5.849128868405557
B11002174,22,41.32786885245902,5.6936009852747524
B11002174,23,41.08196721311475,5.651911273905966
B11002174,24,39.60655737704918,4.963072450443094
B11002249,1,12.129032258064516,2.365640273199885
B11002249,2,6.516129032258065,3.3105010608174186
B11002249,3,3.4838709677419355,1.266719607488507
B11002249,4,2.903225806451613,0.5300540879082253
B11002249,5,2.6774193548387095,0.46746376600611084
B11002249,6,2.6451612903225805,0.47846441852230076
B11002249,7,2.6129032258064515,0.4870860925981129
B11002249,8,2.5161290322580645,0.4997397866074087
B11002249,9,2.5806451612903225,0.554988726905976
B11002249,10,2.5806451612903225,0.49345350131543086
B11002249,11,3.870967741935484,2.059469638646757
B11002249,12,4.451612903225806,2.78056283090451
B11002249,13,4.709677419354839,2.6174790677549407
B11002249,14,5.193548387096774,3.2270965162322067
B11002249,15,5.935483870967742,2.9285632706815496
B11002249,16,8.451612903225806,2.0294399303259136
B11002249,17,9.161290322580646,1.919287068470131
B11002249,18,10.387096774193548,3.1894727985311677
B11002249,19,15.64516129032258,4.146886800393249
B11002249,20,18.741935483870968,3.767156384017542
B11002249,21,18.806451612903224,3.523372237655006
B11002249,22,18.096774193548388,3.420571907564274
B11002249,23,16.64516129032258,2.718495635893596
B11002249,24,14.64516129032258,1.8236508419487187
B11002250,1,4.548387096774194,1.562436263008043
B11002250,2,4.129032258064516,2.0119311134855065
B11002250,3,3.774193548387097,1.7727266663269796
B11002250,4,3.7096774193548385,1.9376332151846716
B11002250,5,3.7096774193548385,1.5901622637246755
B11002250,6,3.6129032258064515,1.2870927318232261
B11002250,7,3.5483870967741935,1.3158760035078152
B11002250,8,3.3548387096774195,0.47846441852230076
B11002250,9,5.290322580645161,0.9900651131111489
B11002250,10,8.225806451612904,1.2626055348890919
B11002250,11,8.387096774193548,1.360204428536001
B11002250,12,9.064516129032258,1.7215050405324301
B11002250,13,11.806451612903226,2.7872909131907027
B11002250,14,12.806451612903226,2.705065199127307
B11002250,15,12.419354838709678,2.8711489612976298
B11002250,16,11.741935483870968,3.068757675877492
B11002250,17,14.161290322580646,2.2873674711272045
B11002250,18,15.741935483870968,1.777416427607214
B11002250,19,15.483870967741936,1.9979177506067125
B11002250,20,17.096774193548388,1.5934308432552864
B11002250,21,17.322580645161292,1.3769319980911643
B11002250,22,17.161290322580644,1.4612582777943386
B11002250,23,13.419354838709678,2.310902540460944
B11002250,24,8.0,2.9838273754444327
B11002261,1,3.0,0.672021505032247
B11002261,2,2.903225806451613,0.5300540879082253
B11002261,3,2.806451612903226,0.3950789907714804
B11002261,4,2.5483870967741935,0.4976531813077907
B11002261,5,2.6129032258064515,0.4870860925981129
B11002261,6,2.5161290322580645,0.4997397866074087
B11002261,7,2.7419354838709675,0.5059479723018749
B11002261,8,2.5483870967741935,0.4976531813077907
B11002261,9,2.6774193548387095,0.46746376600611095
B11002261,10,5.451612903225806,2.0765776696040104
B11002261,11,6.612903225806452,2.4844992921251237
B11002261,12,7.580645161290323,2.992185451691672
B11002261,13,9.774193548387096,4.61211362518003
B11002261,14,10.774193548387096,4.770268656932565
B11002261,15,10.35483870967742,4.490480160379247
B11002261,16,9.064516129032258,3.4448229868935467
B11002261,17,10.580645161290322,2.624625239588128
B11002261,18,11.838709677419354,4.056828367035481
B11002261,19,15.161290322580646,6.701452775541253
B11002261,20,16.838709677419356,7.397021083903491
B11002261,21,17.419354838709676,7.0334417470803965
B11002261,22,14.741935483870968,5.3699747217251135
B11002261,23,8.774193548387096,3.066043761859213
B11002261,24,4.32258064516129,2.053904178029885
B11002262,1,3.4838709677419355,0.7126039365927264
B11002262,2,3.3225806451612905,0.5320136291119563
B11002262,3,3.2580645161290325,0.5661267346704595
B11002262,4,3.096774193548387,0.5877699083318902
B11002262,5,3.161290322580645,0.5141089500164266
B11002262,6,3.0,0.508000508000762
B11002262,7,2.838709677419355,0.5141089500164266
B11002262,8,3.032258064516129,0.47409478892577633
B11002262,9,3.129032258064516,0.4205937035614612
B11002262,10,3.2903225806451615,0.681248776836867
B11002262,11,8.903225806451612,1.7105901398145615
B11002262,12,8.741935483870968,2.1992336192334596
B11002262,13,10.290322580645162,3.1437962298233333
B11002262,14,11.096774193548388,3.639876271467492
B11002262,15,10.419354838709678,3.1394903382184363
B11002262,16,8.806451612903226,2.5453227799456597
B11002262,17,9.419354838709678,2.19639284265151
B11002262,18,9.387096774193548,2.089565772993761
B11002262,19,13.612903225806452,5.007590492344781
B11002262,20,17.0,5.9078952095015715
B11002262,21,17.64516129032258,5.53900181467904
B11002262,22,16.06451612903226,4.21162357683657
B11002262,23,11.064516129032258,2.1692199262521843
B11002262,24,5.806451612903226,1.78559387136749
B11002263,1,3.193548387096774,0.8198880662670216
B11002263,2,3.096774193548387,0.776877069599503
B11002263,3,2.903225806451613,0.8559031717046193
B11002263,4,2.774193548387097,0.551226048085002
B11002263,5,2.6774193548387095,0.6419273787784645
B11002263,6,2.6451612903225805,0.784872584554609
B11002263,7,2.838709677419355,0.7227534355615508
B11002263,8,3.4516129032258065,0.6137515351754983
B11002263,9,4.161290322580645,0.9536609999415795
B11002263,10,5.096774193548387,1.3994201266763782
B11002263,11,6.774193548387097,1.6792793657832736
B11002263,12,8.67741935483871,2.0695503138510247
B11002263,13,11.0,1.9344083032987032
B11002263,14,11.258064516129032,1.740740330739618
B11002263,15,11.32258064516129,2.0695503138510247
B11002263,16,9.709677419354838,2.1280545164478246
B11002263,17,8.935483870967742,2.3818599925128683
B11002263,18,10.64516129032258,2.024819977609705
B11002263,19,11.387096774193548,1.8081788977085829
B11002263,20,12.03225806451613,1.7317503911573608
B11002263,21,12.35483870967742,1.514412205716839
B11002263,22,12.0,1.8491497610279373
B11002263,23,8.806451612903226,2.263587715206301
B11002263,24,4.774193548387097,1.9295608295146038
B11002315,1,3.806451612903226,1.673693131751335
B11002315,2,3.161290322580645,1.1939842273110803
B11002315,3,3.129032258064516,0.9415819044726724
B11002315,4,3.032258064516129,1.0312495072997276
B11002315,5,3.032258064516129,0.6467721824439815
B11002315,6,2.774193548387097,0.48921777058397103
B11002315,7,2.6774193548387095,0.46746376600611084
B11002315,8,2.838709677419355,0.44698085356616185
B11002315,9,2.806451612903226,0.46968450898583997
B11002315,10,5.129032258064516,2.0905615156154385
B11002315,11,8.612903225806452,1.5591027062702671
B11002315,12,8.290322580645162,1.669335359088466
B11002315,13,12.258064516129032,3.2125534205221613
B11002315,14,12.774193548387096,3.9407685300839876
B11002315,15,11.870967741935484,4.093597955926531
B11002315,16,9.903225806451612,3.7960492086079096
B11002315,17,9.548387096774194,2.94945276146128
B11002315,18,10.64516129032258,3.848320849550126
B11002315,19,13.64516129032258,5.30093349719909
B11002315,20,16.806451612903224,6.071718441125531
B11002315,21,18.806451612903224,5.396649825996947
B11002315,22,17.903225806451612,5.49694835404845
B11002315,23,11.870967741935484,3.67855104261895
B11002315,24,5.709677419354839,2.2460509916811886
B11002316,1,3.129032258064516,1.3135014884840217
B11002316,2,2.967741935483871,0.17668469596940847
B11002316,3,2.806451612903226,0.3950789907714805
B11002316,4,2.7419354838709675,0.4375696763306625
B11002316,5,2.6774193548387095,0.46746376600611084
B11002316,6,2.7419354838709675,0.4375696763306625
B11002316,7,2.774193548387097,0.4181123031230878
B11002316,8,2.806451612903226,0.3950789907714805
B11002316,9,2.838709677419355,0.36779852422552833
B11002316,10,3.903225806451613,0.7341810759187769
B11002316,11,8.064516129032258,1.6643410760663784
B11002316,12,9.387096774193548,2.364760362336936
B11002316,13,12.161290322580646,3.293167650420688
B11002316,14,13.064516129032258,3.7497138288310685
B11002316,15,12.161290322580646,3.529568868797401
B11002316,16,10.419354838709678,2.636887137765911
B11002316,17,9.612903225806452,2.484499292125123
B11002316,18,9.290322580645162,2.5551156578468195
B11002316,19,12.64516129032258,3.4969884471916526
B11002316,20,15.548387096774194,3.8758034311937006
B11002316,21,16.419354838709676,3.6435908692492616
B11002316,22,16.032258064516128,3.0319148741959174
B11002316,23,10.096774193548388,3.0937485218991836
B11002316,24,5.451612903225806,2.6620233594551945
B11002318,1,3.2903225806451615,0.4539112025635576
B11002318,2,3.129032258064516,0.3352356401746214
B11002318,3,3.0,0.0
B11002318,4,3.064516129032258,0.24567010018915833
B11002318,5,2.967741935483871,0.17668469596940847
B11002318,6,2.967741935483871,0.17668469596940847
B11002318,7,3.032258064516129,0.40031205309647916
B11002318,8,3.7419354838709675,0.5661267346704594
B11002318,9,3.7096774193548385,0.681248776836867
B11002318,10,3.3225806451612905,0.6419273787784645
B11002318,11,4.419354838709677,1.0708511401740537
B11002318,12,9.612903225806452,1.9947903011277814
B11002318,13,10.548387096774194,2.1528482210920754
B11002318,14,11.387096774193548,2.1353766662497247
B11002318,15,11.35483870967742,2.1634558241428667
B11002318,16,10.580645161290322,2.2543748657620832
B11002318,17,9.225806451612904,2.090063703603234
B11002318,18,11.193548387096774,2.7872909131907027
B11002318,19,13.709677419354838,3.769089462962201
B11002318,20,15.64516129032258,3.1576674434878114
B11002318,21,16.967741935483872,2.7177299703000704
B11002318,22,15.96774193548387,2.4027386386498155
B11002318,23,10.193548387096774,1.838992621127642
B11002318,24,5.096774193548387,1.1737680902361454
B11002320,1,3.5161290322580645,1.4562649471349305
B11002320,2,3.193548387096774,0.39507899077148045
B11002320,3,3.161290322580645,0.3677985242255284
B11002320,4,3.193548387096774,0.3950789907714804
B11002320,5,3.225806451612903,0.4181123031230878
B11002320,6,3.032258064516129,0.17668469596940845
B11002320,7,3.032258064516129,0.17668469596940845
B11002320,8,3.0,0.254000254000381
B11002320,9,3.064516129032258,0.24567010018915833
B11002320,10,4.193548387096774,0.9304648452810296
B11002320,11,7.774193548387097,1.6792793657832736
B11002320,12,8.225806451612904,1.8265016344376863
B11002320,13,9.516129032258064,2.0770787138071287
B11002320,14,10.64516129032258,3.2383626597280477
B11002320,15,9.709677419354838,3.194688620165148
B11002320,16,7.870967741935484,2.981036142489786
B11002320,17,7.451612903225806,2.420859747005641
B11002320,18,9.838709677419354,3.446333013261116
B11002320,19,15.32258064516129,4.42417914219192
B11002320,20,17.93548387096774,4.26490164671959
B11002320,21,18.612903225806452,4.093089529177265
B11002320,22,16.967741935483872,3.2177318295580646
B11002320,23,10.64516129032258,3.374939780554985
B11002320,24,5.451612903225806,2.7455384298004146
B11002322,1,3.806451612903226,1.2806085962115619
B11002322,2,3.129032258064516,0.7927874662867423
B11002322,3,2.7419354838709675,0.5059479723018749
B11002322,4,2.6129032258064515,0.4870860925981129
B11002322,5,2.5161290322580645,0.4997397866074087
B11002322,6,2.2903225806451615,0.4539112025635576
B11002322,7,2.225806451612903,0.4181123031230878
B11002322,8,2.3870967741935485,0.4870860925981129
B11002322,9,3.838709677419355,1.019068967672988
B11002322,10,7.0,2.794002794004191
B11002322,11,9.225806451612904,2.732240926175445
B11002322,12,10.0,2.994618829748432
B11002322,13,12.064516129032258,3.826355832828054
B11002322,14,14.03225806451613,4.138597790959903
B11002322,15,14.387096774193548,4.942752396054173
B11002322,16,11.774193548387096,4.513132646523883
B11002322,17,11.225806451612904,3.3573191822600483
B11002322,18,14.67741935483871,3.5413419797712145
B11002322,19,17.06451612903226,3.2021714796718377
B11002322,20,18.806451612903224,2.8671594894566415
B11002322,21,18.451612903225808,2.674113777556478
B11002322,22,17.580645161290324,2.8935322040760103
B11002322,23,12.774193548387096,3.4892431698038604
B11002322,24,7.193548387096774,3.0312283769892923
B11002323,1,3.0,0.672021505032247
B11002323,2,2.935483870967742,0.5038870758649454
B11002323,3,2.774193548387097,0.48921777058397103
B11002323,4,2.870967741935484,0.4205937035614612
B11002323,5,2.774193548387097,0.48921777058397103
B11002323,6,2.7096774193548385,0.5201456611805516
B11002323,7,2.838709677419355,0.44698085356616185
B11002323,8,2.6774193548387095,0.5320136291119562
B11002323,9,2.774193548387097,0.48921777058397103
B11002323,10,3.2580645161290325,0.9492863851330426
B11002323,11,8.935483870967742,2.8390762226694357
B11002323,12,9.838709677419354,1.8681848045897111
B11002323,13,10.516129032258064,1.7937340354139153
B11002323,14,10.580645161290322,2.2828136790908555
B11002323,15,10.806451612903226,2.131474649894425
B11002323,16,10.32258064516129,2.506598990975795
B11002323,17,10.612903225806452,2.2529896890624803
B11002323,18,10.67741935483871,2.190700238238664
B11002323,19,10.870967741935484,1.9632418135100567
B11002323,20,11.483870967741936,2.3673991137946806
B11002323,21,12.0,2.341766633920198
B11002323,22,10.709677419354838,1.348680320023669
B11002323,23,8.225806451612904,1.979078922603609
B11002323,24,5.161290322580645,1.6866988983743705
B11002324,1,3.3225806451612905,0.5320136291119562
B11002324,2,3.161290322580645,0.3677985242255284
B11002324,3,3.096774193548387,0.29565004483586066
B11002324,4,3.225806451612903,0.4181123031230878
B11002324,5,3.0,0.254000254000381
B11002324,6,3.064516129032258,0.24567010018915833
B11002324,7,3.096774193548387,0.3897756765675669
B11002324,8,3.129032258064516,0.3352356401746214
B11002324,9,3.161290322580645,0.3677985242255284
B11002324,10,4.580645161290323,0.7940989435542689
B11002324,11,10.290322580645162,2.8306336733522977
B11002324,12,10.258064516129032,2.1547807602793205
B11002324,13,11.096774193548388,2.099997522420619
B11002324,14,11.32258064516129,2.305492694865243
B11002324,15,10.838709677419354,2.2302433570894973
B11002324,16,10.064516129032258,2.368278044255181
B11002324,17,8.903225806451612,2.0845799253423887
B11002324,18,9.709677419354838,2.1128416637177825
B11002324,19,12.290322580645162,2.8077490512243797
B11002324,20,14.32258064516129,2.9335335598424925
B11002324,21,15.0,2.9729967503210215
B11002324,22,13.03225806451613,2.162493646721854
B11002324,23,10.580645161290322,2.1668200804834408
B11002324,24,4.645161290322581,1.6372358116709058
B11002325,1,4.516129032258065,1.775659218648114
B11002325,2,3.193548387096774,0.6435463659116131
B11002325,3,3.193548387096774,0.7370103005674751
B11002325,4,2.903225806451613,0.5877699083318902
B11002325,5,3.064516129032258,0.35336939193881683
B11002325,6,3.032258064516129,0.6467721824439813
B11002325,7,3.032258064516129,0.7398287058825623
B11002325,8,2.774193548387097,0.4181123031230878
B11002325,9,2.935483870967742,0.4351850826849045
B11002325,10,5.806451612903226,1.229197347306945
B11002325,11,8.580645161290322,1.5192144308795634
B11002325,12,10.32258064516129,1.6922421998198711
B11002325,13,12.612903225806452,2.824745713418017
B11002325,14,13.64516129032258,2.6218484872536907
B11002325,15,13.774193548387096,2.8021843716753545
B11002325,16,12.516129032258064,2.4999479703222667
B11002325,17,12.516129032258064,2.7925126590747293
B11002325,18,13.35483870967742,2.5846742740658235
B11002325,19,16.903225806451612,2.888853313192014
B11002325,20,18.29032258064516,2.9967030096757656
B11002325,21,19.419354838709676,2.5999279586593396
B11002325,22,18.096774193548388,2.204904192340008
B11002325,23,16.258064516129032,1.9338702951383044
B11002325,24,11.096774193548388,3.1862085741589024
B11002326,1,3.193548387096774,0.7370103005674751
B11002326,2,3.064516129032258,0.5642856672430936
B11002326,3,2.967741935483871,0.6467721824439814
B11002326,4,2.935483870967742,0.5038870758649454
B11002326,5,2.967741935483871,0.40031205309647927
B11002326,6,3.0,0.254000254000381
B11002326,7,2.967741935483871,0.17668469596940847
B11002326,8,3.0,0.0
B11002326,9,2.967741935483871,0.40031205309647916
B11002326,10,4.612903225806452,1.6199844554180283
B11002326,11,12.774193548387096,3.4520650894636766
B11002326,12,22.096774193548388,3.6221080897079223
B11002326,13,23.35483870967742,4.154658381179855
B11002326,14,23.451612903225808,3.6085803631418356
B11002326,15,22.870967741935484,3.4147869671792823
B11002326,16,21.774193548387096,3.5894979199572923
B11002326,17,21.129032258064516,3.807818234716153
B11002326,18,24.516129032258064,4.825142269284352
B11002326,19,29.225806451612904,6.50414100063086
B11002326,20,31.193548387096776,5.948268139598443
B11002326,21,29.64516129032258,5.146551536312535
B11002326,22,25.29032258064516,5.20045623548858
B11002326,23,16.0,5.588005588008382
B11002326,24,5.580645161290323,3.098117988011089
B11002327,1,2.935483870967742,0.7592646642541818
B11002327,2,2.7419354838709675,0.6204962600539142
B11002327,3,2.806451612903226,0.7370103005674751
B11002327,4,2.6451612903225805,0.5417050201208602
B11002327,5,2.5483870967741935,0.7967154216276433
B11002327,6,2.7419354838709675,0.5059479723018749
B11002327,7,2.4838709677419355,0.4997397866074087
B11002327,8,2.6774193548387095,0.46746376600611084
B11002327,9,2.7419354838709675,0.4375696763306625
B11002327,10,4.032258064516129,0.966666068630432
B11002327,11,7.161290322580645,0.5141089500164266
B11002327,12,6.67741935483871,1.2283505009457916
B11002327,13,8.387096774193548,2.3373188300305547
B11002327,14,9.64516129032258,2.7421252306262462
B11002327,15,9.67741935483871,3.114866504406016
B11002327,16,9.096774193548388,2.739847402269171
B11002327,17,9.290322580645162,2.6904076725152315
B11002327,18,11.35483870967742,1.7142361620111513
B11002327,19,11.64516129032258,2.1634558241428667
B11002327,20,12.838709677419354,2.489938128439085
B11002327,21,13.451612903225806,2.182610299875777
B11002327,22,12.96774193548387,1.9089580161952893
B11002327,23,8.709677419354838,2.617479067754941
B11002327,24,4.645161290322581,2.0564358000657066
B11002328,1,2.3870967741935485,0.9731034276773134
B11002328,2,2.193548387096774,0.7795513531351338
B11002328,3,2.161290322580645,0.7227534355615509
B11002328,4,2.032258064516129,0.7822164937407831
B11002328,5,2.064516129032258,0.6188169707500285
B11002328,6,1.903225806451613,0.38977567656756684
B11002328,7,1.8709677419354838,0.4205937035614612
B11002328,8,1.8064516129032258,0.39507899077148045
B11002328,9,1.935483870967742,0.3533693919388169
B11002328,10,2.774193548387097,1.4747263807306399
B11002328,11,6.193548387096774,2.277793992762546
B11002328,12,8.129032258064516,2.7561302404250103
B11002328,13,9.709677419354838,2.173054166851521
B11002328,14,10.419354838709678,1.930639097734839
B11002328,15,9.580645161290322,1.8969277971598912
B11002328,16,8.903225806451612,1.9895669606592614
B11002328,17,8.225806451612904,2.281901830171276
B11002328,18,8.709677419354838,2.425583380271931
B11002328,19,10.258064516129032,2.078581121753163
B11002328,20,11.548387096774194,1.9317167640748218
B11002328,21,12.290322580645162,1.7449197853288416
B11002328,22,11.32258064516129,1.8207955860219462
B11002328,23,9.612903225806452,2.281445769043474
B11002328,24,4.935483870967742,2.2566816041797035
B11002329,1,3.838709677419355,1.2724569627945819
B11002329,2,3.193548387096774,0.46968450898584
B11002329,3,3.064516129032258,0.35336939193881695
B11002329,4,3.064516129032258,0.35336939193881695
B11002329,5,3.0,0.508000508000762
B11002329,6,2.967741935483871,0.17668469596940847
B11002329,7,2.935483870967742,0.2456701001891583
B11002329,8,3.0,0.3592106040535498
B11002329,9,3.032258064516129,0.40031205309647916
B11002329,10,6.129032258064516,2.210560219227331
B11002329,11,7.709677419354839,1.781509841481816
B11002329,12,9.32258064516129,2.0695503138510247
B11002329,13,9.516129032258064,1.8468974462322112
B11002329,14,10.225806451612904,1.929560829514604
B11002329,15,9.935483870967742,2.1088979520878905
B11002329,16,9.806451612903226,2.100988321023714
B11002329,17,10.03225806451613,1.7502787053226498
B11002329,18,9.903225806451612,1.923619550435558
B11002329,19,10.870967741935484,2.446088852919855
B11002329,20,11.35483870967742,2.9021503384367695
B11002329,21,11.806451612903226,2.319890915660026
B11002329,22,11.193548387096774,2.19117518680538
B11002329,23,9.709677419354838,2.187848381653312
B11002329,24,7.0,2.7824333745610095
B11002335,1,8.290322580645162,1.8173633575488095
B11002335,2,7.32258064516129,1.0282179000328533
B11002335,3,6.838709677419355,0.44698085356616185
B11002335,4,6.709677419354839,0.45391120256355766
B11002335,5,6.193548387096774,0.46968450898583997
B11002335,6,5.838709677419355,0.5141089500164266
B11002335,7,5.612903225806452,0.48708609259811286
B11002335,8,5.645161290322581,0.5417050201208602
B11002335,9,6.67741935483871,0.8186179058354528
B11002335,10,16.161290322580644,4.024896505930895
B11002335,11,26.677419354838708,7.813912723466264
B11002335,12,47.806451612903224,7.888003773958356
B11002335,13,54.61290322580645,9.97958373737502
B11002335,14,52.25806451612903,10.800142597432217
B11002335,15,45.903225806451616,9.37173113319425
B11002335,16,34.83870967741935,6.830183364059895
B11002335,17,31.806451612903224,7.553761527570262
B11002335,18,40.70967741935484,11.957434044484618
B11002335,19,46.41935483870968,15.59109380497019
B11002335,20,49.38709677419355,15.6404715285632
B11002335,21,47.064516129032256,12.35218534634196
B11002335,22,36.516129032258064,8.639261347390297
B11002335,23,20.677419354838708,7.5408012613283475
B11002335,24,11.67741935483871,4.222727270181567
B11002336,1,7.838709677419355,3.716543435675303
B11002336,2,4.0,1.967477507351859
B11002336,3,2.903225806451613,1.6135482581161031
B11002336,4,2.5806451612903225,1.2642527704687372
B11002336,5,2.3870967741935485,0.7901579815429607
B11002336,6,2.129032258064516,0.3352356401746214
B11002336,7,2.096774193548387,0.29565004483586066
B11002336,8,2.096774193548387,0.29565004483586066
B11002336,9,2.0,0.0
B11002336,10,4.903225806451613,1.444786817842496
B11002336,11,18.096774193548388,3.513612594629704
B11002336,12,21.225806451612904,1.7544354375338258
B11002336,13,22.0,2.1251185925162073
B11002336,14,22.516129032258064,2.241413260134221
B11002336,15,22.322580645161292,1.802992079029951
B11002336,16,22.161290322580644,1.985378393990854
B11002336,17,21.903225806451612,1.9895669606592612
B11002336,18,22.64516129032258,1.8058754841649554
B11002336,19,23.580645161290324,2.352407052065101
B11002336,20,26.032258064516128,2.429441339840352
B11002336,21,26.322580645161292,2.263127963456823
B11002336,22,24.225806451612904,2.9914898372566783
B11002336,23,20.322580645161292,2.6198632908705743
B11002336,24,15.741935483870968,4.37712338838283
B11002369,1,4.161290322580645,0.44698085356616185
B11002369,2,3.967741935483871,0.40031205309647916
B11002369,3,3.935483870967742,0.3533693919388169
B11002369,4,3.935483870967742,0.2456701001891583
B11002369,5,3.870967741935484,0.4205937035614612
B11002369,6,3.903225806451613,0.29565004483586066
B11002369,7,3.935483870967742,0.3533693919388169
B11002369,8,4.064516129032258,0.24567010018915833
B11002369,9,4.0,0.254000254000381
B11002369,10,8.32258064516129,1.7484942235958258
B11002369,11,10.03225806451613,2.3484225449291993
B11002369,12,11.516129032258064,2.826955135510535
B11002369,13,13.741935483870968,2.758771839125845
B11002369,14,15.03225806451613,3.0636671149893586
B11002369,15,13.903225806451612,3.0833040375092957
B11002369,16,12.161290322580646,2.6285869403178532
B11002369,17,11.387096774193548,2.3095512670540317
B11002369,18,12.741935483870968,2.4358576940197243
B11002369,19,16.161290322580644,2.8066369979556396
B11002369,20,17.612903225806452,3.0866770874595324
B11002369,21,18.129032258064516,3.045270637730567
B11002369,22,16.35483870967742,2.251141460950697
B11002369,23,11.064516129032258,2.5518555408472396
B11002369,24,5.387096774193548,1.6786595911300242
B11002373,1,12.903225806451612,2.7632944189473623
B11002373,2,12.32258064516129,2.6807208560408684
B11002373,3,11.612903225806452,2.598726975628752
B11002373,4,11.806451612903226,1.9743411287870136
B11002373,5,10.32258064516129,2.5449139255891637
B11002373,6,7.580645161290323,1.7556212676371328
B11002373,7,5.806451612903226,1.5537541391990057
B11002373,8,5.354838709677419,1.7142361620111513
B11002373,9,5.225806451612903,1.337056888778239
B11002373,10,6.032258064516129,1.9589969613792229
B11002373,11,8.129032258064516,1.453403913041137
B11002373,12,7.580645161290323,1.7919928273975676
B11002373,13,6.741935483870968,1.8485869395992776
B11002373,14,4.806451612903226,1.3055552480547137
B11002373,15,4.580645161290323,1.008806178781412
B11002373,16,6.548387096774194,1.681756180353171
B11002373,17,10.258064516129032,2.8166296713474934
B11002373,18,12.806451612903226,2.8445687335546586
B11002373,19,13.64516129032258,2.823271804779492
B11002373,20,14.580645161290322,2.59992795865934
B11002373,21,14.516129032258064,2.650270439541127
B11002373,22,13.870967741935484,2.3656402731998845
B11002373,23,13.483870967741936,2.045781934930055
B11002373,24,13.258064516129032,2.368717387185267
B11002381,1,20.419354838709676,2.837243022876906
B11002381,2,20.0,2.770815647934505
B11002381,3,17.774193548387096,3.6957663435023633
B11002381,4,11.483870967741936,5.97775968252826
B11002381,5,9.451612903225806,5.977585604289387
B11002381,6,6.354838709677419,1.9600590362533306
B11002381,7,5.870967741935484,1.580974290947464
B11002381,8,5.258064516129032,1.1062211741601453
B11002381,9,5.064516129032258,0.9481895778515528
B11002381,10,7.096774193548387,2.0376273157875815
B11002381,11,10.290322580645162,2.4651578289732647
B11002381,12,9.838709677419354,2.5538936016631593
B11002381,13,8.096774193548388,2.739847402269171
B11002381,14,5.838709677419355,1.7615384440614255
B11002381,15,5.161290322580645,1.1386685544982444
B11002381,16,5.774193548387097,1.3844686279919312
B11002381,17,13.806451612903226,2.1465554528534354
B11002381,18,18.258064516129032,2.5522632832067718
B11002381,19,18.548387096774192,2.420859747005641
B11002381,20,19.129032258064516,2.472323387917383
B11002381,21,19.677419354838708,2.4807269586748877
B11002381,22,20.548387096774192,2.8379764448932607
B11002381,23,20.612903225806452,2.6962030572860463
B11002381,24,20.64516129032258,2.682661017586038
B11002382,1,21.161290322580644,2.0493393773249795
B11002382,2,20.387096774193548,2.0427277676112983
B11002382,3,19.419354838709676,2.268638835163515
B11002382,4,13.64516129032258,6.130560081221724
B11002382,5,9.64516129032258,6.8275929121459376
B11002382,6,4.838709677419355,2.8181070539150395
B11002382,7,3.6129032258064515,1.126725754617612
B11002382,8,3.806451612903226,1.553754139199006
B11002382,9,4.0,1.5862310778250641
B11002382,10,7.0,2.6027280972831366
B11002382,11,7.483870967741935,3.0253868613402206
B11002382,12,6.838709677419355,2.7249951073474676
B11002382,13,3.5161290322580645,1.132253469340919
B11002382,14,2.870967741935484,0.6086439440036521
B11002382,15,3.4516129032258065,1.0108670719995096
B11002382,16,7.645161290322581,4.9873930555065
B11002382,17,15.709677419354838,3.174429574230334
B11002382,18,19.806451612903224,2.2058478706166142
B11002382,19,19.741935483870968,1.777416427607214
B11002382,20,21.032258064516128,1.958996961379223
B11002382,21,22.129032258064516,1.7178744458960447
B11002382,22,22.419354838709676,1.9138576740892035
B11002382,23,22.096774193548388,2.1304980291559183
B11002382,24,22.096774193548388,2.0845799253423887
B11002389,1,24.129032258064516,2.9701953393334466
B11002389,2,23.967741935483872,2.741366164803917
B11002389,3,22.451612903225808,3.6352992482531117
B11002389,4,14.064516129032258,6.6377973604296585
B11002389,5,11.290322580645162,6.496617225896312
B11002389,6,7.032258064516129,1.7686129241126192
B11002389,7,6.290322580645161,0.8869501345075819
B11002389,8,6.290322580645161,0.6321263852343686
B11002389,9,6.193548387096774,0.8198880662670216
B11002389,10,6.612903225806452,0.9731034276773135
B11002389,11,6.67741935483871,1.059126139314968
B11002389,12,6.935483870967742,1.0139505577743038
B11002389,13,6.741935483870968,0.9826804007566333
B11002389,14,6.32258064516129,0.9963513039664839
B11002389,15,7.258064516129032,1.6842293525427885
B11002389,16,8.580645161290322,3.34831872638259
B11002389,17,20.096774193548388,4.706583163829543
B11002389,18,25.129032258064516,4.382825244975172
B11002389,19,25.096774193548388,3.266198724863778
B11002389,20,24.903225806451612,2.899998205891296
B11002389,21,25.677419354838708,2.7984684379737192
B11002389,22,25.35483870967742,2.8118228170762456
B11002389,23,25.06451612903226,2.8276912259111127
B11002389,24,24.741935483870968,3.015740875489095
B11002394,1,17.93548387096774,1.2935443648879628
B11002394,2,17.35483870967742,1.3331598915981822
B11002394,3,15.741935483870968,1.9504795429459318
B11002394,4,12.258064516129032,3.983577108138216
B11002394,5,8.870967741935484,4.27854313073271
B11002394,6,5.806451612903226,2.1314746498944244
B11002394,7,4.354838709677419,1.0015596578232273
B11002394,8,4.193548387096774,0.9973951505638907
B11002394,9,4.903225806451613,1.1174521339154047
B11002394,10,8.67741935483871,1.7850110106137966
B11002394,11,9.67741935483871,1.5737175377613508
B11002394,12,5.903225806451613,2.06904744655801
B11002394,13,4.064516129032258,0.4351850826849045
B11002394,14,3.967741935483871,0.5378494193720343
B11002394,15,4.451612903225806,0.7967154216276433
B11002394,16,9.161290322580646,1.4612582777943388
B11002394,17,12.225806451612904,1.4526877740900261
B11002394,18,17.193548387096776,1.1193130047030626
B11002394,19,17.29032258064516,1.506834930855053
B11002394,20,17.838709677419356,1.4831695396867934
B11002394,21,18.258064516129032,1.3432685686230335
B11002394,22,18.774193548387096,1.337056888778239
B11002394,23,18.580645161290324,1.2121480147132864
B11002394,24,18.419354838709676,1.4541196993012446
B11002395,1,11.387096774193548,1.3837168122275625
B11002395,2,9.419354838709678,2.393191869805343
B11002395,3,6.193548387096774,3.0098693020462908
B11002395,4,3.903225806451613,2.3466494812223497
B11002395,5,2.7419354838709675,0.9826804007566333
B11002395,6,2.3870967741935485,0.6563545144959937
B11002395,7,2.2903225806451615,0.5201456611805516
B11002395,8,2.193548387096774,0.39507899077148045
B11002395,9,2.225806451612903,0.4181123031230878
B11002395,10,2.2580645161290325,0.7606339433904256
B11002395,11,2.6451612903225805,1.7879234142646476
B11002395,12,3.129032258064516,2.4062007998672925
B11002395,13,4.580645161290323,3.5539545765462455
B11002395,14,5.451612903225806,3.4532706299542286
B11002395,15,6.838709677419355,3.4369601553205684
B11002395,16,9.096774193548388,2.0533974790760707
B11002395,17,9.64516129032258,0.9349275320122218
B11002395,18,11.35483870967742,0.9349275320122218
B11002395,19,11.419354838709678,0.7940989435542691
B11002395,20,11.806451612903226,1.029229427970569
B11002395,21,12.193548387096774,1.3300340727798903
B11002395,22,12.258064516129032,1.4803605039462921
B11002395,23,12.258064516129032,1.1350072313393023
B11002395,24,12.161290322580646,0.9192133450822584
B11002404,1,7.935483870967742,0.5038870758649454
B11002404,2,7.806451612903226,0.46968450898583997
B11002404,3,6.709677419354839,1.2749079255077098
B11002404,4,4.967741935483871,2.235835284021091
B11002404,5,3.806451612903226,1.9078674945317733
B11002404,6,2.5806451612903225,0.9763061903497777
B11002404,7,2.193548387096774,0.5913000896717213
B11002404,8,2.129032258064516,0.5531105870800727
B11002404,9,2.129032258064516,0.42059370356146114
B11002404,10,2.096774193548387,0.29565004483586066
B11002404,11,2.064516129032258,0.2456701001891583
B11002404,12,3.032258064516129,0.6948599751141297
B11002404,13,2.5806451612903225,0.9763061903497777
B11002404,14,2.3225806451612905,1.1468637957826566
B11002404,15,2.838709677419355,1.0502464900709487
B11002404,16,3.6451612903225805,1.4711940969021136
B11002404,17,5.838709677419355,1.0502464900709487
B11002404,18,8.161290322580646,0.5141089500164266
B11002404,19,8.451612903225806,0.4976531813077907
B11002404,20,8.806451612903226,0.5339659792660274
B11002404,21,8.612903225806452,0.6052149367514102
B11002404,22,8.612903225806452,0.549335044062142
B11002404,23,8.193548387096774,0.5339659792660274
B11002404,24,8.290322580645162,0.5788502724169795
B11002573,1,21.774193548387096,2.4978658945297987
B11002573,2,21.129032258064516,2.181179548951867
B11002573,3,19.225806451612904,2.7085251006043007
B11002573,4,14.935483870967742,4.976949991458803
B11002573,5,10.612903225806452,5.392213139242722
B11002573,6,7.290322580645161,3.575846828529295
B11002573,7,6.032258064516129,1.75027870532265
B11002573,8,6.838709677419355,1.9192870684701313
B11002573,9,6.548387096774194,1.8463339382263464
B11002573,10,5.741935483870968,1.1062211741601453
B11002573,11,5.32258064516129,1.089157613944138
B11002573,12,7.419354838709677,1.7556212676371326
B11002573,13,8.870967741935484,1.288708668092786
B11002573,14,8.806451612903226,1.2806085962115616
B11002573,15,10.35483870967742,1.2838547575569288
B11002573,16,10.96774193548387,1.9916579407010493
B11002573,17,15.387096774193548,3.4517636385536608
B11002573,18,22.322580645161292,2.9114578631087293
B11002573,19,23.548387096774192,3.2511904487475136
B11002573,20,24.032258064516128,3.4871549635561534
B11002573,21,24.29032258064516,3.060608714356237
B11002573,22,24.0,3.0267623498683616
B11002573,23,23.161290322580644,2.8635278736996317
B11002573,24,22.70967741935484,2.6663197831963648
B11002574,1,17.161290322580644,1.080524788673821
B11002574,2,16.580645161290324,1.0088061787814124
B11002574,3,15.290322580645162,1.1965959349026716
B11002574,4,12.612903225806452,2.6357029955890963
B11002574,5,9.35483870967742,3.9148055371040167
B11002574,6,6.32258064516129,1.4001635105942392
B11002574,7,5.451612903225806,0.4976531813077907
B11002574,8,5.483870967741935,0.5605853934510571
B11002574,9,5.483870967741935,0.6657989496951708
B11002574,10,6.032258064516129,0.6948599751141297
B11002574,11,6.516129032258065,0.8374680635965914
B11002574,12,6.709677419354839,1.1414068395454278
B11002574,13,6.935483870967742,1.3424936804312781
B11002574,14,7.774193548387097,2.0114138410477285
B11002574,15,7.870967741935484,1.930100038922786
B11002574,16,10.806451612903226,1.6346915431380549
B11002574,17,15.064516129032258,1.9989591464296348
B11002574,18,18.0,0.762000762001143
B11002574,19,17.93548387096774,0.8775142263700285
B11002574,20,18.032258064516128,1.2568232089534295
B11002574,21,18.161290322580644,0.9192133450822585
B11002574,22,18.096774193548388,1.0272053760058488
B11002574,23,18.548387096774192,1.1024520961700044
B11002574,24,17.70967741935484,1.0221277108228943
B11002575,1,25.548387096774192,3.32961985311914
B11002575,2,25.225806451612904,2.859163845956173
B11002575,3,24.741935483870968,2.862073937137914
B11002575,4,20.903225806451612,4.781380814931869
B11002575,5,14.516129032258064,6.87149778358418
B11002575,6,8.451612903225806,4.9110718209777025
B11002575,7,6.258064516129032,3.6717556839050824
B11002575,8,6.645161290322581,2.5469575410518557
B11002575,9,6.806451612903226,2.644767870034791
B11002575,10,7.064516129032258,2.5895009342438033
B11002575,11,4.838709677419355,1.7057166537293271
B11002575,12,4.161290322580645,1.7245246973707953
B11002575,13,4.096774193548387,1.4669441291486545
B11002575,14,4.548387096774194,2.2552978442514235
B11002575,15,6.903225806451613,3.3730893153986607
B11002575,16,11.580645161290322,4.831176932333244
B11002575,17,20.193548387096776,3.7193422488106305
B11002575,18,26.741935483870968,3.4823772185982182
B11002575,19,26.93548387096774,3.1819600762987594
B11002575,20,27.096774193548388,3.3921621110614866
B11002575,21,27.129032258064516,3.3767892316649624
B11002575,22,26.677419354838708,3.4862596351242057
B11002575,23,26.225806451612904,3.687027628962464
B11002575,24,25.741935483870968,3.573809225872926
B11002576,1,17.451612903225808,1.6429460100963666
B11002576,2,17.70967741935484,1.3723901539472674
B11002576,3,16.612903225806452,1.639776132534043
B11002576,4,13.741935483870968,3.868547630575487
B11002576,5,11.419354838709678,4.661262417597018
B11002576,6,8.419354838709678,3.6169332362347815
B11002576,7,6.774193548387097,2.239090792139132
B11002576,8,6.096774193548387,1.5102838594476937
B11002576,9,6.129032258064516,0.975239771472966
B11002576,10,7.161290322580645,1.7615384440614257
B11002576,11,7.548387096774194,2.167780337601476
B11002576,12,7.225806451612903,2.4849180867833236
B11002576,13,6.516129032258065,1.4562649471349305
B11002576,14,5.935483870967742,0.9816209067550282
B11002576,15,6.580645161290323,1.362497553673734
B11002576,16,9.548387096774194,2.982083161011501
B11002576,17,14.451612903225806,2.815151513454378
B11002576,18,16.838709677419356,3.2238703867481253
B11002576,19,18.419354838709676,3.1085126984894456
B11002576,20,19.193548387096776,2.1911751868053804
B11002576,21,19.483870967741936,2.013998874682318
B11002576,22,19.032258064516128,1.9089580161952895
B11002576,23,18.903225806451612,2.021734143999019
B11002576,24,18.161290322580644,1.969063543487981
B11002582,1,15.161290322580646,2.9413270451754494
B11002582,2,13.741935483870968,3.0687576758774915
B11002582,3,12.064516129032258,3.7064502091577674
B11002582,4,9.35483870967742,3.524553388287466
B11002582,5,6.967741935483871,2.362118663099717
B11002582,6,5.548387096774194,2.060984883221069
B11002582,7,4.903225806451613,2.0057150395754597
B11002582,8,4.451612903225806,2.3257147313130235
B11002582,9,4.612903225806452,2.2672623730071715
B11002582,10,5.193548387096774,2.249291714162622
B11002582,11,5.709677419354839,2.2316426524423196
B11002582,12,6.032258064516129,2.741366164803917
B11002582,13,6.193548387096774,2.833205808070514
B11002582,14,6.903225806451613,3.1351785328562096
B11002582,15,9.838709677419354,4.205194745929927
B11002582,16,12.67741935483871,4.658582760912438
B11002582,17,15.548387096774194,5.123246889314018
B11002582,18,16.677419354838708,4.431464454470812
B11002582,19,16.93548387096774,4.0634919344515446
B11002582,20,17.806451612903224,4.130292146495284
B11002582,21,18.35483870967742,4.468877228528756
B11002582,22,18.419354838709676,4.1095812010815695
B11002582,23,17.838709677419356,3.565938994951091
B11002582,24,16.193548387096776,3.166552565627878
B11002585,1,24.258064516129032,4.772013451671573
B11002585,2,19.903225806451612,6.422515026965067
B11002585,3,15.838709677419354,7.750532860738687
B11002585,4,10.0,5.506594287321456
B11002585,5,6.451612903225806,2.5252110697781838
B11002585,6,5.032258064516129,0.7398287058825622
B11002585,7,4.838709677419355,0.7660865862605107
B11002585,8,4.935483870967742,0.8006241061929584
B11002585,9,5.096774193548387,0.5877699083318902
B11002585,10,5.032258064516129,1.1495825600777716
B11002585,11,5.387096774193548,1.4068362895068727
B11002585,12,7.451612903225806,2.7219384657714825
B11002585,13,8.387096774193548,2.5103324462378995
B11002585,14,6.580645161290323,1.6996051448154181
B11002585,15,6.741935483870968,2.3413222337579427
B11002585,16,16.419354838709676,3.748326022488396
B11002585,17,19.64516129032258,3.9065568297809277
B11002585,18,24.032258064516128,4.215821742633431
B11002585,19,25.419354838709676,4.831176932333243
B11002585,20,28.06451612903226,4.724237326199434
B11002585,21,29.548387096774192,4.989270485671062
B11002585,22,29.516129032258064,4.98300963430824
B11002585,23,29.06451612903226,5.547074113213361
B11002585,24,27.35483870967742,5.705392961484176
B11002587,1,45.516129032258064,9.540646382856117
B11002587,2,42.67741935483871,9.06032505567345
B11002587,3,38.516129032258064,8.6802369810891
B11002587,4,27.70967741935484,12.480161155874026
B11002587,5,20.419354838709676,12.584614758347787
B11002587,6,15.838709677419354,9.370842817445034
B11002587,7,12.32258064516129,5.619017804047789
B11002587,8,11.064516129032258,4.134321209417948
B11002587,9,11.451612903225806,3.5180521523892
B11002587,10,14.580645161290322,3.4245243940877974
B11002587,11,15.129032258064516,3.4895413829722015
B11002587,12,12.193548387096774,3.7965974141430956
B11002587,13,11.064516129032258,5.896611842192242
B11002587,14,11.709677419354838,7.274318717183592
B11002587,15,13.387096774193548,8.540897510271233
B11002587,16,18.322580645161292,11.679557815243923
B11002587,17,32.12903225806452,12.744997590411876
B11002587,18,42.483870967741936,12.735196257823677
B11002587,19,45.0,12.631246458555632
B11002587,20,48.03225806451613,13.165163882855198
B11002587,21,50.87096774193548,12.645901887463248
B11002587,22,49.83870967741935,12.881837111504154
B11002587,23,48.83870967741935,11.469726700891009
B11002587,24,47.61290322580645,10.757375322509876
B11002590,1,27.387096774193548,3.633867746229404
B11002590,2,27.161290322580644,3.8445333975327953
B11002590,3,25.774193548387096,3.6252668637642063
B11002590,4,22.387096774193548,4.548501485635494
B11002590,5,17.06451612903226,5.769415936621302
B11002590,6,11.483870967741936,4.911283701462777
B11002590,7,8.580645161290322,1.809904534078134
B11002590,8,11.96774193548387,3.658695968711697
B11002590,9,14.290322580645162,4.725999115306435
B11002590,10,13.03225806451613,3.9225063660199737
B11002590,11,12.806451612903226,3.8220021339835504
B11002590,12,13.419354838709678,3.8918790017692055
B11002590,13,9.774193548387096,2.1207070856636907
B11002590,14,7.870967741935484,1.8270712591621026
B11002590,15,8.0,1.7597653802562394
B11002590,16,22.032258064516128,3.9225063660199737
B11002590,17,27.0,3.9513166445890477
B11002590,18,27.516129032258064,3.909219604836053
B11002590,19,27.677419354838708,3.6312896205084617
B11002590,20,29.516129032258064,4.391127180899518
B11002590,21,29.967741935483872,4.554217265474348
B11002590,22,30.483870967741936,4.331959012568849
B11002590,23,30.29032258064516,4.081378233273473
B11002590,24,28.903225806451612,3.6751549338389973
B11002886,1,19.0,1.545023227719748
B11002886,2,18.677419354838708,1.7299467971344413
B11002886,3,18.967741935483872,2.1624936467218534
B11002886,4,18.741935483870968,2.0314898701721016
B11002886,5,21.225806451612904,3.553368936832862
B11002886,6,34.483870967741936,4.5710940861724785
B11002886,7,36.83870967741935,2.9956611009661676
B11002886,8,36.096774193548384,3.226451548399996
B11002886,9,40.32258064516129,3.2763777872502247
B11002886,10,51.12903225806452,4.187091803764632
B11002886,11,46.61290322580645,4.448105209904178
B11002886,12,40.096774193548384,3.838303041623215
B11002886,13,40.096774193548384,4.531999763044705
B11002886,14,46.74193548387097,4.865731002571562
B11002886,15,43.16129032258065,4.826651642391765
B11002886,16,38.903225806451616,3.4487476802333146
B11002886,17,41.193548387096776,4.283647487369354
B11002886,18,37.45161290322581,2.7337639145468775
B11002886,19,38.903225806451616,2.911100431658962
B11002886,20,44.516129032258064,2.6011283871767046
B11002886,21,30.903225806451612,3.363512360706342
B11002886,22,22.193548387096776,1.4683621518375536
B11002886,23,19.838709677419356,1.4390134208513201
B11002886,24,18.93548387096774,1.4576933584122587
B11002887,1,14.903225806451612,2.692340853531011
B11002887,2,13.96774193548387,1.9753949538574018
B11002887,3,15.0,2.0
B11002887,4,16.451612903225808,3.056866513672809
B11002887,5,17.483870967741936,2.734144529086077
B11002887,6,22.516129032258064,2.9057336838422057
B11002887,7,24.451612903225808,3.1401531673904404
B11002887,8,24.870967741935484,2.9701953393334466
B11002887,9,25.903225806451612,2.582257560798645
B11002887,10,22.580645161290324,2.768185542312895
B11002887,11,25.483870967741936,2.686537137246067
B11002887,12,27.516129032258064,2.9715963749487817
B11002887,13,28.322580645161292,3.315526492265703
B11002887,14,28.06451612903226,3.8682786358506496
B11002887,15,24.483870967741936,3.181305957661712
B11002887,16,27.35483870967742,3.1982695633407583
B11002887,17,28.870967741935484,3.816280366753614
B11002887,18,26.580645161290324,3.1904514146007927
B11002887,19,30.64516129032258,3.524553388287466
B11002887,20,23.419354838709676,2.9487470663294038
B11002887,21,20.548387096774192,2.2695560128177883
B11002887,22,19.29032258064516,2.580241903976932
B11002887,23,17.806451612903224,2.5453227799456597
B11002887,24,16.483870967741936,2.686537137246067
B11002888,1,10.903225806451612,0.8559031717046193
B11002888,2,10.516129032258064,0.7126039365927264
B11002888,3,10.709677419354838,0.681248776836867
B11002888,4,10.838709677419354,0.7227534355615509
B11002888,5,12.612903225806452,0.8679757449724976
B11002888,6,16.93548387096774,1.0452807578077195
B11002888,7,18.35483870967742,1.637235811670906
B11002888,8,17.129032258064516,1.4971356626931993
B11002888,9,19.516129032258064,1.5212678867808511
B11002888,10,23.225806451612904,1.9953118831215635
B11002888,11,21.322580645161292,1.9738140052617232
B11002888,12,22.516129032258064,1.8815053640538948
B11002888,13,23.548387096774192,2.3257147313130235
B11002888,14,23.451612903225808,2.1226688872725292
B11002888,15,21.096774193548388,1.9067763491782774
B11002888,16,21.483870967741936,1.54232685004928
B11002888,17,20.677419354838708,1.6141930326705551
B11002888,18,20.451612903225808,1.1313340591451733
B11002888,19,23.93548387096774,1.2683615000862904
B11002888,20,20.387096774193548,2.1802251933826837
B11002888,21,14.419354838709678,1.100562716724644
B11002888,22,12.612903225806452,0.9043771463791089
B11002888,23,11.548387096774194,0.9784355411679421
B11002888,24,11.225806451612904,1.1276489221257118
B11002889,1,10.870967741935484,0.3352356401746214
B11002889,2,10.903225806451612,0.2956500448358606
B11002889,3,11.096774193548388,0.3897756765675668
B11002889,4,11.096774193548388,0.2956500448358606
B11002889,5,11.516129032258064,0.7565186709392631
B11002889,6,16.967741935483872,0.9326988577290941
B11002889,7,19.387096774193548,1.2617811106843837
B11002889,8,18.70967741935484,1.348680320023669
B11002889,9,21.967741935483872,1.2043970775867399
B11002889,10,23.387096774193548,1.9456721096774479
B11002889,11,23.64516129032258,2.1634558241428667
B11002889,12,25.0,2.109884571066817
B11002889,13,24.64516129032258,2.1930739524881977
B11002889,14,23.806451612903224,2.1465554528534354
B11002889,15,20.806451612903224,1.8035691288379823
B11002889,16,20.93548387096774,1.8480239467616133
B11002889,17,20.548387096774192,1.8287790687817245
B11002889,18,20.258064516129032,1.7032746816056883
B11002889,19,21.93548387096774,1.1052801096136657
B11002889,20,17.258064516129032,0.9826804007566333
B11002889,21,13.903225806451612,1.0882017931247099
B11002889,22,11.774193548387096,0.9404761120718226
B11002889,23,10.935483870967742,0.2456701001891583
B11002889,24,10.903225806451612,0.2956500448358606
B11002890,1,17.677419354838708,2.1004929801418974
B11002890,2,16.741935483870968,1.4134775677552676
B11002890,3,16.903225806451612,1.3994201266763782
B11002890,4,17.225806451612904,1.4964404522249293
B11002890,5,19.096774193548388,2.099997522420619
B11002890,6,30.548387096774192,3.6352992482531117
B11002890,7,35.516129032258064,3.4814806614792366
B11002890,8,40.74193548387097,2.8051535744915697
B11002890,9,42.193548387096776,2.644767870034791
B11002890,10,49.32258064516129,2.3054926948652437
B11002890,11,46.29032258064516,3.342720047401004
B11002890,12,44.354838709677416,4.284619056328858
B11002890,13,44.38709677419355,3.8910768005854255
B11002890,14,48.903225806451616,3.246385967847516
B11002890,15,47.03225806451613,2.633333113801103
B11002890,16,46.38709677419355,3.279234955574328
B11002890,17,46.87096774193548,4.054005868225227
B11002890,18,45.70967741935484,3.361965135655199
B11002890,19,45.70967741935484,2.749704364016269
B11002890,20,47.806451612903224,2.4550061407019936
B11002890,21,33.645161290322584,3.8566941141493793
B11002890,22,22.806451612903224,2.4152653609464365
B11002890,23,19.483870967741936,2.3122530241880552
B11002890,24,18.35483870967742,2.251141460950697
B11002891,1,26.483870967741936,3.2015214905289042
B11002891,2,26.193548387096776,3.237077084981187
B11002891,3,26.29032258064516,3.2148200008518693
B11002891,4,27.096774193548388,3.4580885892277156
B11002891,5,29.35483870967742,3.7117806099722648
B11002891,6,40.38709677419355,4.632824118528071
B11002891,7,49.354838709677416,4.909164485095949
B11002891,8,45.064516129032256,4.219275919159342
B11002891,9,48.41935483870968,4.148642946005878
B11002891,10,55.45161290322581,5.002184746413597
B11002891,11,55.32258064516129,4.672411111870943
B11002891,12,53.70967741935484,5.8154052830064344
B11002891,13,53.516129032258064,6.49004681002024
B11002891,14,55.645161290322584,7.209082027807899
B11002891,15,54.806451612903224,7.506639447585436
B11002891,16,55.54838709677419,7.03832233344786
B11002891,17,53.12903225806452,6.409377884781576
B11002891,18,50.74193548387097,5.639536368129084
B11002891,19,53.74193548387097,4.493491651449252
B11002891,20,51.193548387096776,4.582007975371536
B11002891,21,39.096774193548384,3.7274469227494933
B11002891,22,34.03225806451613,3.355148869037364
B11002891,23,29.032258064516128,3.0105606697600247
B11002891,24,26.903225806451612,2.8096014952150545
B11002892,1,13.516129032258064,1.132253469340919
B11002892,2,13.451612903225806,1.2401537281768442
B11002892,3,13.64516129032258,1.258478013105236
B11002892,4,13.580645161290322,0.9763061903497777
B11002892,5,13.935483870967742,1.4353932555669027
B11002892,6,17.29032258064516,2.0031193156464546
B11002892,7,25.0,1.9838054014866837
B11002892,8,26.93548387096774,1.8304852850465945
B11002892,9,28.967741935483872,2.546140291699498
B11002892,10,37.16129032258065,3.5929749933459836
B11002892,11,35.193548387096776,3.4493510828589162
B11002892,12,34.483870967741936,2.9057336838422057
B11002892,13,29.419354838709676,2.3931918698053427
B11002892,14,34.903225806451616,2.5190223232715665
B11002892,15,30.677419354838708,3.325241652864942
B11002892,16,31.870967741935484,3.279869543863882
B11002892,17,33.064516129032256,3.5735180449358017
B11002892,18,29.516129032258064,2.3537337221877035
B11002892,19,30.580645161290324,1.9138576740892033
B11002892,20,32.87096774193548,2.0437463305106007
B11002892,21,25.93548387096774,1.8996686276561878
B11002892,22,17.741935483870968,1.0462757896920551
B11002892,23,14.451612903225806,1.102452096170004
B11002892,24,13.96774193548387,1.121170786902114
B11002893,1,10.483870967741936,1.0737623856189185
B11002893,2,10.258064516129032,1.0462757896920551
B11002893,3,10.258064516129032,0.9826804007566333
B11002893,4,10.225806451612904,0.9404761120718226
B11002893,5,11.129032258064516,1.0996168096167298
B11002893,6,17.64516129032258,2.0720628197099
B11002893,7,23.06451612903226,2.5264469998969386
B11002893,8,25.451612903225808,2.394061331003803
B11002893,9,30.870967741935484,2.090561515615439
B11002893,10,29.419354838709676,2.6490922796964917
B11002893,11,29.193548387096776,2.716964088934912
B11002893,12,29.193548387096776,2.6569368105772906
B11002893,13,31.096774193548388,2.4010056859262443
B11002893,14,26.774193548387096,2.392322092611504
B11002893,15,27.258064516129032,2.6514480758754218
B11002893,16,28.451612903225808,3.290638820982347
B11002893,17,28.161290322580644,2.7249951073474676
B11002893,18,26.322580645161292,2.115794623458914
B11002893,19,29.096774193548388,2.23397286363623
B11002893,20,25.483870967741936,2.123159054439269
B11002893,21,17.483870967741936,1.7937340354139153
B11002893,22,13.03225806451613,1.0312495072997276
B11002893,23,11.419354838709678,1.0708511401740537
B11002893,24,10.935483870967742,1.1340900536288352
B11002894,1,54.903225806451616,5.709950786238838
B11002894,2,53.45161290322581,6.7577373082693475
B11002894,3,53.83870967741935,6.662832751206615
B11002894,4,53.32258064516129,7.310562825401443
B11002894,5,53.03225806451613,8.204970448602174
B11002894,6,54.354838709677416,10.294215059132135
B11002894,7,72.25806451612904,7.716625294215182
B11002894,8,66.48387096774194,7.075040032905938
B11002894,9,63.193548387096776,5.330492653130482
B11002894,10,66.93548387096774,5.459147303562885
B11002894,11,71.45161290322581,5.707034197727139
B11002894,12,70.41935483870968,5.890255449569761
B11002894,13,61.096774193548384,5.037631539687734
B11002894,14,70.70967741935483,5.58912277950027
B11002894,15,68.64516129032258,6.383185508196511
B11002894,16,67.16129032258064,7.094281087010807
B11002894,17,67.93548387096774,6.73907950003592
B11002894,18,63.483870967741936,6.465147094312132
B11002894,19,61.45161290322581,7.160999703489863
B11002894,20,68.41935483870968,7.210092360145703
B11002894,21,53.483870967741936,6.020775685434429
B11002894,22,48.935483870967744,6.090370420807185
B11002894,23,58.483870967741936,3.3105010608174186
B11002894,24,57.32258064516129,2.5322066976503694
B11002895,1,17.258064516129032,1.1350072313393023
B11002895,2,17.0,1.270001270001905
B11002895,3,17.580645161290324,1.431763936849816
B11002895,4,17.516129032258064,1.478250224179303
B11002895,5,18.64516129032258,1.44910177065911
B11002895,6,23.0,2.1251185925162073
B11002895,7,26.35483870967742,2.26542578917154
B11002895,8,24.451612903225808,2.4208597470056405
B11002895,9,27.903225806451612,2.4409786338571116
B11002895,10,35.29032258064516,2.737947764377154
B11002895,11,34.54838709677419,2.339543788963709
B11002895,12,33.12903225806452,2.4460888529198552
B11002895,13,30.903225806451612,1.5524141181310924
B11002895,14,34.193548387096776,3.3060975420177954
B11002895,15,30.096774193548388,3.1658952635833026
B11002895,16,31.483870967741936,3.7663276178906897
B11002895,17,32.774193548387096,2.351522189497754
B11002895,18,30.516129032258064,1.8293479843558484
B11002895,19,29.580645161290324,1.2121480147132864
B11002895,20,33.29032258064516,1.954210481401414
B11002895,21,23.870967741935484,1.2376339415000568
B11002895,22,19.806451612903224,1.229197347306945
B11002895,23,18.35483870967742,1.0939241908266562
B11002895,24,17.838709677419356,1.1666542787112983
B11002896,1,18.806451612903224,1.3300340727798903
B11002896,2,19.096774193548388,1.8897830343066853
B11002896,3,19.419354838709676,2.1518813006655377
B11002896,4,19.516129032258064,2.5510398606151674
B11002896,5,20.322580645161292,2.8667965349024365
B11002896,6,27.35483870967742,3.2083398088145434
B11002896,7,32.483870967741936,3.4160056634947336
B11002896,8,37.483870967741936,4.8117528677988055
B11002896,9,44.064516129032256,3.482078391874487
B11002896,10,46.0,4.219769142133634
B11002896,11,39.193548387096776,4.298682129921949
B11002896,12,44.225806451612904,4.810671453498645
B11002896,13,44.74193548387097,2.8051535744915697
B11002896,14,47.29032258064516,3.437868322902893
B11002896,15,42.03225806451613,4.185103158768221
B11002896,16,39.645161290322584,3.5245533882874662
B11002896,17,39.096774193548384,3.2063931973649487
B11002896,18,39.903225806451616,2.976844385821762
B11002896,19,40.935483870967744,2.5644654083034566
B11002896,20,49.16129032258065,2.1417022803481074
B11002896,21,38.41935483870968,3.6524335108950097
B11002896,22,25.548387096774192,2.060984883221069
B11002896,23,20.322580645161292,1.8903335901914335
B11002896,24,18.93548387096774,1.3663108764224112
B11002897,1,16.258064516129032,1.0766657592437834
B11002897,2,15.96774193548387,0.9994795732148171
B11002897,3,15.903225806451612,0.9953063626155814
B11002897,4,16.129032258064516,1.288708668092786
B11002897,5,16.387096774193548,1.5796573608639086
B11002897,6,22.032258064516128,2.621054589131855
B11002897,7,30.225806451612904,2.802184371675355
B11002897,8,31.387096774193548,2.68421213712448
B11002897,9,31.612903225806452,2.3783623988602276
B11002897,10,35.806451612903224,2.4418310797129763
B11002897,11,36.74193548387097,2.488265906538954
B11002897,12,34.70967741935484,1.8173633575488095
B11002897,13,35.29032258064516,1.7995258943201744
B11002897,14,35.96774193548387,1.616125812887142
B11002897,15,31.70967741935484,2.3444312658847255
B11002897,16,33.70967741935484,2.050862106484172
B11002897,17,35.645161290322584,2.349308574972016
B11002897,18,33.38709677419355,1.5171581956522382
B11002897,19,34.74193548387097,1.3670722645430382
B11002897,20,34.483870967741936,1.9154881082972286
B11002897,21,23.29032258064516,1.506834930855053
B11002897,22,19.548387096774192,1.4332167671950364
B11002897,23,17.741935483870968,1.1630810566012872
B11002897,24,16.838709677419356,0.9869070026308615
B11002898,1,17.516129032258064,2.1382985057002006
B11002898,2,15.935483870967742,2.2709310847481343
B11002898,3,16.451612903225808,2.240948959091407
B11002898,4,16.580645161290324,2.6123057859390775
B11002898,5,18.193548387096776,2.810342130919291
B11002898,6,23.870967741935484,4.171655009116699
B11002898,7,42.45161290322581,4.442018646584872
B11002898,8,43.54838709677419,3.653003268875372
B11002898,9,42.96774193548387,2.429441339840352
B11002898,10,49.25806451612903,3.81818857520653
B11002898,11,48.58064516129032,3.299796607108238
B11002898,12,46.193548387096776,3.286525323083879
B11002898,13,44.096774193548384,2.7865441507089312
B11002898,14,49.806451612903224,2.5830633831184007
B11002898,15,43.83870967741935,4.530162527836725
B11002898,16,44.03225806451613,3.9471007814044974
B11002898,17,44.67741935483871,4.035224715125649
B11002898,18,47.225806451612904,3.669487767886419
B11002898,19,45.806451612903224,3.0312283769892927
B11002898,20,54.61290322580645,2.535902452520457
B11002898,21,41.67741935483871,4.275866988291483
B11002898,22,26.225806451612904,3.643019639196484
B11002898,23,21.741935483870968,3.2225790306431423
B11002898,24,18.967741935483872,2.681885121396971
B11002899,1,12.96774193548387,1.5960408873358687
B11002899,2,12.451612903225806,1.4775461278191984
B11002899,3,12.612903225806452,1.73535195565326
B11002899,4,12.580645161290322,1.4090535269575197
B11002899,5,13.612903225806452,1.7353519556532597
B11002899,6,28.612903225806452,3.055163998077826
B11002899,7,33.32258064516129,3.052097076778031
B11002899,8,31.129032258064516,2.4062007998672925
B11002899,9,35.45161290322581,2.2119719661850024
B11002899,10,44.45161290322581,2.060984883221069
B11002899,11,41.58064516129032,2.733002526448404
B11002899,12,38.774193548387096,2.180702423374912
B11002899,13,39.0,2.3279507809895117
B11002899,14,41.29032258064516,2.0975184783237237
B11002899,15,39.193548387096776,2.3884041755371315
B11002899,16,38.45161290322581,2.7805628309045094
B11002899,17,40.03225806451613,2.8225345618357878
B11002899,18,37.54838709677419,2.1378118097781793
B11002899,19,37.87096774193548,1.8093295048232456
B11002899,20,40.87096774193548,1.8270712591621023
B11002899,21,36.354838709677416,2.236765912691576
B11002899,22,21.677419354838708,2.146070629481277
B11002899,23,15.96774193548387,1.20439707758674
B11002899,24,13.870967741935484,1.5185293285083636
B11002900,1,22.741935483870968,2.16969957687745
B11002900,2,22.483870967741936,2.0299526093615836
B11002900,3,22.838709677419356,2.5028599666155897
B11002900,4,22.93548387096774,3.1411471488980234
B11002900,5,26.129032258064516,4.360689021346844
B11002900,6,42.096774193548384,3.994793698171024
B11002900,7,43.0,4.295534064959305
B11002900,8,41.935483870967744,3.8347770585067313
B11002900,9,50.774193548387096,3.9243629227730445
B11002900,10,65.25806451612904,4.384486889723842
B11002900,11,52.903225806451616,4.630577464926904
B11002900,12,54.45161290322581,3.280821196152547
B11002900,13,48.54838709677419,3.3392940115116216
B11002900,14,63.096774193548384,3.8214575728731446
B11002900,15,55.935483870967744,5.4235774639811645
B11002900,16,50.74193548387097,4.234784847606202
B11002900,17,53.903225806451616,6.0019074318069245
B11002900,18,52.38709677419355,3.72157978382957
B11002900,19,52.096774193548384,2.9441559249302287
B11002900,20,52.483870967741936,2.780937040290621
B11002900,21,35.83870967741935,2.8522404797671737
B11002900,22,26.258064516129032,2.3822968306628076
B11002900,23,23.677419354838708,1.9073219998831588
B11002900,24,22.93548387096774,1.949945968994505
B11002901,1,18.741935483870968,1.1350072313393023
B11002901,2,18.64516129032258,1.3087395338774703
B11002901,3,19.096774193548388,1.9568710823358841
B11002901,4,20.096774193548388,2.7398474022691706
B11002901,5,21.677419354838708,3.1763957742170765
B11002901,6,34.96774193548387,4.388282572191849
B11002901,7,41.225806451612904,4.315834890406339
B11002901,8,38.87096774193548,4.323543465230067
B11002901,9,44.354838709677416,4.337000502776337
B11002901,10,51.064516129032256,4.578600179594038
B11002901,11,44.806451612903224,3.979133921318523
B11002901,12,43.96774193548387,3.6143430310785294
B11002901,13,40.483870967741936,2.7925126590747293
B11002901,14,44.45161290322581,4.241414171327381
B11002901,15,39.354838709677416,3.746382229924639
B11002901,16,41.806451612903224,3.1767233558994015
B11002901,17,41.32258064516129,3.420876107120886
B11002901,18,43.193548387096776,2.8783883801553825
B11002901,19,40.16129032258065,3.1428030861467353
B11002901,20,46.16129032258065,2.6651487181593354
B11002901,21,34.193548387096776,3.1767233558994015
B11002901,22,23.516129032258064,2.5128183347290904
B11002901,23,20.0,1.4591203713417602
B11002901,24,18.677419354838708,0.9634312595527791
B11002902,1,18.419354838709676,2.8598916463614836
B11002902,2,18.096774193548388,3.072824052673512
B11002902,3,18.35483870967742,2.7655529354003625
B11002902,4,18.838709677419356,2.7131314391373262
B11002902,5,20.516129032258064,2.9932285702353667
B11002902,6,31.096774193548388,4.2756236195563595
B11002902,7,45.903225806451616,4.328113935576792
B11002902,8,45.0,2.81699908962849
B11002902,9,45.516129032258064,2.6985177262405653
B11002902,10,54.83870967741935,3.0595885680979036
B11002902,11,53.354838709677416,3.8399293264394787
B11002902,12,47.645161290322584,3.9720668796693337
B11002902,13,47.29032258064516,3.7861679357732156
B11002902,14,48.806451612903224,3.4399864481982663
B11002902,15,48.41935483870968,4.263681534651504
B11002902,16,51.29032258064516,4.793769803421916
B11002902,17,49.67741935483871,3.7963233212709095
B11002902,18,46.96774193548387,3.5239628624580237
B11002902,19,47.96774193548387,3.1570082915249906
B11002902,20,48.225806451612904,3.3669137530687565
B11002902,21,36.87096774193548,3.4336281524477865
B11002902,22,25.870967741935484,3.8833136455773385
B11002902,23,20.838709677419356,2.8971262089442207
B11002902,24,19.29032258064516,2.9314044678287305
B11002904,1,19.918032786885245,4.06220113944222
B11002904,2,19.721311475409838,3.8925365641163947
B11002904,3,18.360655737704917,3.802642682830817
B11002904,4,11.049180327868852,6.229033631621787
B11002904,5,7.557377049180328,7.374134214618756
B11002904,6,4.163934426229508,3.685062127148738
B11002904,7,2.360655737704918,1.774433983965221
B11002904,8,2.180327868852459,1.4200923165709978
B11002904,9,2.3934426229508197,0.9628967315139944
B11002904,10,3.2295081967213113,1.2853964448467319
B11002904,11,4.426229508196721,1.6640757430097732
B11002904,12,4.852459016393443,1.3650925096108886
B11002904,13,4.704918032786885,1.2847690651079768
B11002904,14,3.1147540983606556,1.4383319192815638
B11002904,15,2.3114754098360657,1.2872767494688904
B11002904,16,6.852459016393443,2.8274768081771
B11002904,17,16.918032786885245,4.346828811931348
B11002904,18,18.983606557377048,4.06299495155365
B11002904,19,19.262295081967213,3.970801791042497
B11002904,20,19.983606557377048,4.050872414753733
B11002904,21,20.24590163934426,3.994486929054939
B11002904,22,20.147540983606557,3.9539814570979517
B11002904,23,19.983606557377048,4.071056588508965
B11002904,24,20.114754098360656,3.7986121739036625
B11002905,1,32.36065573770492,3.0138085859853274
B11002905,2,31.704918032786885,3.2509482212953915
B11002905,3,29.59016393442623,3.7125266425287995
B11002905,4,22.278688524590162,6.8595539393786655
B11002905,5,14.60655737704918,9.093825483196774
B11002905,6,10.311475409836065,5.193125921789232
B11002905,7,7.590163934426229,1.9109438847079085
B11002905,8,8.557377049180328,1.937757620431109
B11002905,9,8.688524590163935,1.7698845345922334
B11002905,10,8.918032786885245,2.3698591088177228
B11002905,11,8.37704918032787,1.9848932285462701
B11002905,12,8.065573770491802,1.6182246136725331
B11002905,13,10.049180327868852,2.825099618195394
B11002905,14,14.21311475409836,4.8217905459278
B11002905,15,17.508196721311474,4.98069371302232
B11002905,16,23.524590163934427,5.094537599883287
B11002905,17,31.9672131147541,3.999865625262413
B11002905,18,32.295081967213115,3.5590764241979094
B11002905,19,32.32786885245902,3.6472370475691567
B11002905,20,33.459016393442624,3.911201947210397
B11002905,21,33.59016393442623,3.512866510510539
B11002905,22,34.032786885245905,3.9002615007527677
B11002905,23,33.967213114754095,3.616751613433058
B11002905,24,33.22950819672131,3.3160980557737707
B11002909,1,15.59016393442623,2.168152867851205
B11002909,2,15.40983606557377,2.1300123079789697
B11002909,3,15.19672131147541,2.1487294921719267
B11002909,4,11.557377049180328,3.499529664716011
B11002909,5,8.737704918032787,4.0727065932735504
B11002909,6,5.737704918032787,2.4754641183929977
B11002909,7,4.39344262295082,1.2839320819148377
B11002909,8,4.049180327868853,1.1369535006163738
B11002909,9,3.9836065573770494,1.0787333689417768
B11002909,10,5.934426229508197,1.5562549883679762
B11002909,11,7.344262295081967,2.1029662571573216
B11002909,12,7.508196721311475,1.5430749673114874
B11002909,13,8.0,1.1451966686277364
B11002909,14,7.081967213114754,2.0747907812139195
B11002909,15,7.081967213114754,2.581746022271591
B11002909,16,8.540983606557377,2.956370007742954
B11002909,17,12.950819672131148,2.279101271735445
B11002909,18,15.163934426229508,1.8920049896725915
B11002909,19,15.475409836065573,1.8870269562657933
B11002909,20,16.016393442622952,2.2867530368975744
B11002909,21,16.34426229508197,2.2895718398621643
B11002909,22,16.34426229508197,2.353130080786638
B11002909,23,16.311475409836067,2.301396465630873
B11002909,24,15.918032786885245,2.404197708566382
B11002912,1,16.672131147540984,4.77946876626664
B11002912,2,9.524590163934427,5.415843658835845
B11002912,3,5.819672131147541,2.848687916097811
B11002912,4,4.868852459016393,1.832989226051758
B11002912,5,4.819672131147541,2.2580144819506223
B11002912,6,4.622950819672131,1.2566405178188067
B11002912,7,4.344262295081967,1.1718731803712468
B11002912,8,4.229508196721311,0.6869615357297365
B11002912,9,6.557377049180328,1.8334290203299428
B11002912,10,8.540983606557377,2.877691301936233
B11002912,11,7.295081967213115,2.1904731302312253
B11002912,12,6.786885245901639,1.9427439956754822
B11002912,13,6.327868852459017,2.3380060965255174
B11002912,14,9.229508196721312,3.6726434068930662
B11002912,15,11.459016393442623,3.5044410723023223
B11002912,16,14.262295081967213,3.248715455321987
B11002912,17,17.918032786885245,3.3792766806183416
B11002912,18,22.18032786885246,4.8026911742743605
B11002912,19,25.34426229508197,3.7760472259378277
B11002912,20,25.918032786885245,3.6227653687421992
B11002912,21,26.114754098360656,3.6668580406598856
B11002912,22,26.37704918032787,3.9801307105409403
B11002912,23,26.21311475409836,3.8671154755949035
B11002912,24,24.508196721311474,3.4859105206562657
B11003237,1,8.426229508196721,4.103013751983453
B11003237,2,8.295081967213115,4.747196799406759
B11003237,3,8.40983606557377,5.019232026621197
B11003237,4,8.459016393442623,5.161565941353881
B11003237,5,8.459016393442623,5.415744413938707
B11003237,6,8.40983606557377,5.399991041827202
B11003237,7,8.737704918032787,4.364167204443073
B11003237,8,8.62295081967213,4.669973617457087
B11003237,9,20.131147540983605,5.535208941621986
B11003237,10,44.81967213114754,5.832380490638791
B11003237,11,54.47540983606557,7.28034983256254
B11003237,12,55.85245901639344,7.397022142469846
B11003237,13,57.63934426229508,7.537953774798016
B11003237,14,58.75409836065574,7.774813766584976
B11003237,15,60.032786885245905,7.9835224016839
B11003237,16,61.704918032786885,8.318149743615812
B11003237,17,61.9344262295082,8.160016177376717
B11003237,18,61.459016393442624,7.825083188143791
B11003237,19,60.75409836065574,7.178418789552058
B11003237,20,60.39344262295082,6.797489142334138
B11003237,21,59.34426229508197,6.485507793614727
B11003237,22,57.22950819672131,6.050046585982274
B11003237,23,31.60655737704918,5.611109263304419
B11003237,24,12.049180327868852,4.425804472610254
B11003238,1,10.229508196721312,3.9687031479013792
B11003238,2,9.426229508196721,4.022310796550572
B11003238,3,9.065573770491802,3.3869027025719323
B11003238,4,9.131147540983607,3.316503243646371
B11003238,5,9.163934426229508,3.310095476156821
B11003238,6,10.688524590163935,4.006310528737632
B11003238,7,11.737704918032787,4.745668048273292
B11003238,8,14.426229508196721,4.733760908703418
B11003238,9,18.098360655737704,3.3957780828493824
B11003238,10,32.98360655737705,4.947235701996069
B11003238,11,39.459016393442624,5.894075298355296
B11003238,12,39.967213114754095,5.542583918675992
B11003238,13,40.49180327868852,5.4641092769827475
B11003238,14,41.19672131147541,5.852895240205869
B11003238,15,42.278688524590166,6.103294320178306
B11003238,16,42.9344262295082,6.2852125502591365
B11003238,17,42.81967213114754,5.9133308599904275
B11003238,18,44.77049180327869,4.719660458136448
B11003238,19,61.967213114754095,3.8281408967113406
B11003238,20,65.09836065573771,5.796281787357481
B11003238,21,64.78688524590164,5.4445483459833035
B11003238,22,63.31147540983606,4.9837144078062545
B11003238,23,23.21311475409836,4.184729280463185
B11003238,24,12.37704918032787,3.693875899582405
B11003247,1,14.193548387096774,2.833205808070514
B11003247,2,13.03225806451613,2.645554652104861
B11003247,3,11.870967741935484,2.562029632472875
B11003247,4,7.290322580645161,3.548680339789179
B11003247,5,6.193548387096774,3.523372237655006
B11003247,6,4.354838709677419,1.5564307202341703
B11003247,7,3.806451612903226,1.029229427970569
B11003247,8,3.6129032258064515,0.9043771463791088
B11003247,9,4.0,0.762000762001143
B11003247,10,3.4838709677419355,0.6657989496951707
B11003247,11,4.67741935483871,1.0282179000328535
B11003247,12,4.419354838709677,1.2121480147132864
B11003247,13,3.967741935483871,0.7822164937407834
B11003247,14,3.6774193548387095,0.7782153601170851
B11003247,15,3.7096774193548385,1.3956972679215442
B11003247,16,9.774193548387096,3.8663951487671295
B11003247,17,17.225806451612904,3.4892431698038604
B11003247,18,17.903225806451612,3.392162111061487
B11003247,19,17.35483870967742,2.800327021188478
B11003247,20,17.161290322580644,2.7249951073474676
B11003247,21,17.516129032258064,2.74591741226199
B11003247,22,17.451612903225808,2.7805628309045094
B11003247,23,16.806451612903224,2.8671594894566415
B11003247,24,15.483870967741936,2.8946108740870398
B11003248,1,15.064516129032258,1.366310876422411
B11003248,2,14.419354838709678,1.3624975536737338
B11003248,3,13.129032258064516,1.560436983541655
B11003248,4,9.935483870967742,3.3881718723873244
B11003248,5,8.290322580645162,3.8369472777288403
B11003248,6,6.419354838709677,2.324819709255129
B11003248,7,5.290322580645161,1.5490589940055444
B11003248,8,5.193548387096774,1.490168962896916
B11003248,9,6.258064516129032,1.4134775677552676
B11003248,10,5.806451612903226,0.8583312706871014
B11003248,11,5.580645161290323,0.9426863997549972
B11003248,12,5.354838709677419,1.3807054554214642
B11003248,13,5.709677419354839,1.3245461398482459
B11003248,14,5.032258064516129,0.5378494193720345
B11003248,15,5.032258064516129,0.9994795732148173
B11003248,16,7.935483870967742,2.74667522031071
B11003248,17,15.0,3.715703380640498
B11003248,18,18.93548387096774,3.9426164872922764
B11003248,19,18.0,3.407771005482389
B11003248,20,17.419354838709676,2.8823623101533777
B11003248,21,17.483870967741936,2.8155211256811996
B11003248,22,17.548387096774192,2.563247809718572
B11003248,23,16.806451612903224,2.4152653609464365
B11003248,24,16.096774193548388,1.8897830343066853
B11003249,1,23.548387096774192,2.339543788963709
B11003249,2,22.258064516129032,2.3957993067905985
B11003249,3,21.870967741935484,2.225105078836198
B11003249,4,14.064516129032258,3.950789907714803
B11003249,5,7.709677419354839,2.819214582766566
B11003249,6,4.516129032258065,2.2124423483202906
B11003249,7,3.3225806451612905,0.7355970484510567
B11003249,8,3.838709677419355,1.3463636615941423
B11003249,9,5.0,3.4734012335220155
B11003249,10,5.290322580645161,3.734698229266143
B11003249,11,5.419354838709677,3.045612323076689
B11003249,12,5.258064516129032,2.0940428860796754
B11003249,13,4.258064516129032,1.2172878880073037
B11003249,14,3.6774193548387095,1.0891576139441377
B11003249,15,4.096774193548387,1.328468405288645
B11003249,16,7.935483870967742,2.227909245139614
B11003249,17,17.483870967741936,2.757640035246776
B11003249,18,23.612903225806452,2.2096185534895105
B11003249,19,24.419354838709676,3.002946870383749
B11003249,20,24.612903225806452,2.5612171924231233
B11003249,21,25.580645161290324,2.352407052065101
B11003249,22,25.258064516129032,3.068757675877492
B11003249,23,24.774193548387096,2.9370786167974288
B11003249,24,24.225806451612904,2.813672579013745
B11003266,1,9.098360655737705,1.4338406298799917
B11003266,2,8.688524590163935,1.3735318075838303
B11003266,3,8.360655737704919,1.228524196406242
B11003266,4,7.819672131147541,0.7789904505256866
B11003266,5,8.60655737704918,0.9457183673348167
B11003266,6,8.147540983606557,0.9380143935029487
B11003266,7,8.0,0.9581402751608169
B11003266,8,7.868852459016393,0.877317256410469
B11003266,9,10.065573770491802,1.8542715635642912
B11003266,10,26.78688524590164,1.6507797869080791
B11003266,11,29.60655737704918,1.9441268302129302
B11003266,12,30.60655737704918,2.8930594647155123
B11003266,13,33.459016393442624,3.9028101287880506
B11003266,14,33.557377049180324,4.190248594542265
B11003266,15,30.557377049180328,4.535920714329823
B11003266,16,28.098360655737704,4.171350050880005
B11003266,17,28.0,3.875099152618285
B11003266,18,32.295081967213115,5.323453403649022
B11003266,19,37.26229508196721,7.654210540277413
B11003266,20,37.622950819672134,6.653395372378516
B11003266,21,37.0,5.791457813586954
B11003266,22,29.770491803278688,3.9728316804778205
B11003266,23,15.163934426229508,3.079175575573481
B11003266,24,9.98360655737705,1.693689379448121
B11003267,1,8.819672131147541,1.9628366619141993
B11003267,2,8.885245901639344,1.4496846537333867
B11003267,3,7.868852459016393,1.1519820387384174
B11003267,4,7.540983606557377,0.9846988470610627
B11003267,5,7.491803278688525,0.9855172698484681
B11003267,6,7.672131147540983,1.1120990561407624
B11003267,7,7.459016393442623,1.0491803278688523
B11003267,8,7.770491803278689,1.0463589112939637
B11003267,9,8.081967213114755,0.9460024948362956
B11003267,10,14.524590163934427,2.74970375380217
B11003267,11,28.491803278688526,3.574146468416504
B11003267,12,28.114754098360656,4.4171734922735215
B11003267,13,29.704918032786885,5.006043109705728
B11003267,14,29.721311475409838,4.982366109643494
B11003267,15,28.83606557377049,4.992388724451247
B11003267,16,26.459016393442624,4.944192720300147
B11003267,17,25.688524590163933,5.252761907723535
B11003267,18,29.327868852459016,5.455396821002447
B11003267,19,34.73770491803279,5.146705581161229
B11003267,20,35.114754098360656,5.179082647600821
B11003267,21,35.65573770491803,5.162555111130881
B11003267,22,33.704918032786885,5.593744346406394
B11003267,23,28.37704918032787,5.04135011329251
B11003267,24,12.524590163934427,3.466970886395842
B11003268,1,13.80327868852459,2.4415775075986006
B11003268,2,13.229508196721312,2.160703002045299
B11003268,3,12.639344262295081,2.2618198598042203
B11003268,4,12.40983606557377,2.122301945269804
B11003268,5,12.524590163934427,2.061406152081069
B11003268,6,12.21311475409836,1.8117535577568522
B11003268,7,11.868852459016393,1.664237233207932
B11003268,8,12.278688524590164,1.7474210274703013
B11003268,9,21.639344262295083,4.94902801149202
B11003268,10,38.57377049180328,5.582346343736149
B11003268,11,38.34426229508197,6.782052607474049
B11003268,12,42.80327868852459,6.334448291038526
B11003268,13,47.557377049180324,8.100849156388188
B11003268,14,47.622950819672134,7.932427603584284
B11003268,15,45.868852459016395,8.709285434610026
B11003268,16,42.622950819672134,7.861847975364649
B11003268,17,40.73770491803279,7.649925831300722
B11003268,18,43.540983606557376,8.871715546467671
B11003268,19,50.114754098360656,8.6651712131179
B11003268,20,53.19672131147541,8.127709479388958
B11003268,21,50.868852459016395,6.715471273176188
B11003268,22,46.77049180327869,6.24996640678959
B11003268,23,37.40983606557377,6.020122130399747
B11003268,24,16.721311475409838,3.2649713052788916
B11003269,1,10.688524590163935,1.4990815068399121
B11003269,2,10.114754098360656,1.2816275597175124
B11003269,3,9.80327868852459,1.2521414068149712
B11003269,4,10.180327868852459,1.2215040006686657
B11003269,5,10.081967213114755,1.2452543616283895
B11003269,6,10.78688524590164,2.073365475903263
B11003269,7,10.557377049180328,2.084482796754404
B11003269,8,11.737704918032787,3.861969425999235
B11003269,9,13.655737704918034,6.1534616298114635
B11003269,10,26.459016393442624,3.8264556664025746
B11003269,11,33.885245901639344,5.121790032425548
B11003269,12,31.60655737704918,5.028700215091893
B11003269,13,32.967213114754095,5.530740362246459
B11003269,14,33.868852459016395,5.809758353475008
B11003269,15,32.24590163934426,5.479187859243608
B11003269,16,30.131147540983605,5.145347762900237
B11003269,17,28.39344262295082,4.764206326224655
B11003269,18,31.737704918032787,5.827863088235834
B11003269,19,36.557377049180324,6.678874427022287
B11003269,20,38.32786885245902,6.582941968938119
B11003269,21,37.32786885245902,6.031940425292323
B11003269,22,32.442622950819676,6.072039088634023
B11003269,23,17.688524590163933,4.6642729428562495
B11003269,24,11.426229508196721,1.4310264159209964
B11003270,1,8.836065573770492,2.396584508665507
B11003270,2,8.37704918032787,2.503531501936385
B11003270,3,8.147540983606557,2.0311998035060377
B11003270,4,8.19672131147541,1.7908663727245693
B11003270,5,7.491803278688525,1.635898016979195
B11003270,6,7.508196721311475,1.4214164122587127
B11003270,7,7.737704918032787,1.3896766854113272
B11003270,8,7.704918032786885,1.2719452289357915
B11003270,9,9.524590163934427,2.7969922802254854
B11003270,10,20.918032786885245,2.417796598634311
B11003270,11,23.78688524590164,2.1202749133409498
B11003270,12,25.688524590163933,2.761212513458044
B11003270,13,28.049180327868854,2.972145162861532
B11003270,14,28.19672131147541,3.018085769029428
B11003270,15,26.901639344262296,3.0120246337833296
B11003270,16,25.475409836065573,2.9786483752718795
B11003270,17,24.016393442622952,3.059474953769664
B11003270,18,25.60655737704918,3.3499629972245137
B11003270,19,29.40983606557377,3.927110685196082
B11003270,20,30.114754098360656,3.4121209242679935
B11003270,21,29.868852459016395,3.2916955112657966
B11003270,22,27.672131147540984,3.978307208486469
B11003270,23,16.016393442622952,3.4758737704573974
B11003270,24,9.557377049180328,2.5058920087412506
B11003271,1,10.672131147540984,0.900297063458753
B11003271,2,9.540983606557377,0.8011010965816797
B11003271,3,9.540983606557377,0.8213098393360884
B11003271,4,9.245901639344263,0.9522318512431217
B11003271,5,9.344262295081966,0.8849422672961167
B11003271,6,9.295081967213115,0.8167159807922064
B11003271,7,9.819672131147541,0.9145131594086133
B11003271,8,9.295081967213115,0.7755328637714668
B11003271,9,15.721311475409836,6.081768367568233
B11003271,10,27.704918032786885,6.443561438340975
B11003271,11,31.78688524590164,5.836894396847201
B11003271,12,31.37704918032787,5.292010477996112
B11003271,13,34.36065573770492,5.340942346045176
B11003271,14,35.39344262295082,5.837354803262081
B11003271,15,32.26229508196721,5.813781364051473
B11003271,16,30.950819672131146,5.502387647189253
B11003271,17,30.19672131147541,5.380047145052583
B11003271,18,32.704918032786885,5.775426355122652
B11003271,19,37.65573770491803,5.30043377718119
B11003271,20,37.26229508196721,4.526431081896216
B11003271,21,36.91803278688525,4.819002964586712
B11003271,22,33.26229508196721,5.699875291544205
B11003271,23,15.918032786885245,4.066234742674306
B11003271,24,10.836065573770492,1.3571948875947017
B11003272,1,11.049180327868852,2.2059994910169647
B11003272,2,10.180327868852459,1.032396491398937
B11003272,3,10.37704918032787,1.2566405178188067
B11003272,4,9.40983606557377,1.0142759539841326
B11003272,5,10.163934426229508,1.2826755830831837
B11003272,6,9.540983606557377,1.2223837299873606
B11003272,7,9.147540983606557,1.068721705770926
B11003272,8,9.229508196721312,1.2853964448467319
B11003272,9,16.42622950819672,4.13485391893505
B11003272,10,26.508196721311474,4.047354735471472
B11003272,11,31.80327868852459,3.381820598683048
B11003272,12,33.34426229508197,4.460703634496227
B11003272,13,37.57377049180328,4.883760363857781
B11003272,14,38.885245901639344,5.426402849987463
B11003272,15,35.98360655737705,5.271301215159366
B11003272,16,32.80327868852459,4.569390934522525
B11003272,17,32.22950819672131,4.436781593190104
B11003272,18,34.78688524590164,4.364967669676752
B11003272,19,40.131147540983605,4.358806461075887
B11003272,20,41.131147540983605,3.9107896558534083
B11003272,21,41.52459016393443,3.6825087554103306
B11003272,22,38.81967213114754,3.902534681675788
B11003272,23,22.75409836065574,5.287336364029695
B11003272,24,11.245901639344263,1.6660125922508198
B11003273,1,8.78688524590164,0.9601016697932016
B11003273,2,8.59016393442623,0.6622626189089886
B11003273,3,7.819672131147541,0.7356985466333402
B11003273,4,7.868852459016393,0.6889147996541211
B11003273,5,7.786885245901639,0.6036705783449826
B11003273,6,7.590163934426229,0.5832933401526949
B11003273,7,7.540983606557377,0.6420706894283981
B11003273,8,8.098360655737705,0.7400690714948007
B11003273,9,11.147540983606557,2.514456989737223
B11003273,10,22.918032786885245,1.4060184683535453
B11003273,11,23.131147540983605,2.315134877889801
B11003273,12,22.459016393442624,3.1910416126245904
B11003273,13,23.049180327868854,3.0159479357390135
B11003273,14,24.081967213114755,3.1534268737526396
B11003273,15,22.868852459016395,3.00532538177862
B11003273,16,22.18032786885246,2.8255752161883927
B11003273,17,21.229508196721312,2.865243631806019
B11003273,18,22.475409836065573,2.9731396297960693
B11003273,19,24.868852459016395,3.226302811375689
B11003273,20,25.9672131147541,3.3873787588962427
B11003273,21,25.62295081967213,3.359176003696562
B11003273,22,23.83606557377049,3.369002030902426
B11003273,23,19.688524590163933,2.8775045177019836
B11003273,24,11.770491803278688,1.8677016876886707
B11003274,1,15.475409836065573,3.3022920871351937
B11003274,2,14.934426229508198,3.012916741919405
B11003274,3,14.688524590163935,2.877504517701983
B11003274,4,14.21311475409836,2.8807714933100064
B11003274,5,13.721311475409836,2.5358488573992797
B11003274,6,13.39344262295082,1.8041726547144399
B11003274,7,13.327868852459016,1.276795572368574
B11003274,8,13.327868852459016,1.2108973975488122
B11003274,9,16.59016393442623,2.582266441156974
B11003274,10,37.49180327868852,3.66473200692932
B11003274,11,42.63934426229508,4.54136827393642
B11003274,12,44.0,4.609327677584255
B11003274,13,47.09836065573771,5.594801211056468
B11003274,14,47.114754098360656,5.383942003486797
B11003274,15,44.31147540983606,5.655523873363299
B11003274,16,41.83606557377049,4.527440299753407
B11003274,17,42.278688524590166,4.932764820243868
B11003274,18,50.459016393442624,5.795910854997298
B11003274,19,56.032786885245905,4.700775008005976
B11003274,20,57.68852459016394,4.625449853555433
B11003274,21,57.032786885245905,4.515790921101938
B11003274,22,52.704918032786885,4.425500850770072
B11003274,23,47.032786885245905,3.643845982577479
B11003274,24,24.885245901639344,5.709061995981355
B11003275,1,9.737704918032787,1.5878807336831195
B11003275,2,9.508196721311476,1.6755028686755715
B11003275,3,8.114754098360656,1.6306325902699281
B11003275,4,8.229508196721312,2.0755678079365776
B11003275,5,8.524590163934427,2.671074919480362
B11003275,6,8.852459016393443,3.0505901905394355
B11003275,7,8.37704918032787,2.568178115638958
B11003275,8,8.081967213114755,2.3698591088177228
B11003275,9,9.081967213114755,2.7118143582625858
B11003275,10,27.229508196721312,3.906251578876327
B11003275,11,35.85245901639344,6.0701799081388685
B11003275,12,36.39344262295082,7.5188913739067615
B11003275,13,40.49180327868852,7.883626840358569
B11003275,14,40.59016393442623,7.041742167958917
B11003275,15,37.032786885245905,7.08257435163129
B11003275,16,35.0,6.442685520907526
B11003275,17,34.68852459016394,5.756082979404377
B11003275,18,36.131147540983605,4.947181379450574
B11003275,19,38.868852459016395,4.917267700051459
B11003275,20,41.049180327868854,5.045453169814714
B11003275,21,40.57377049180328,5.161201462594724
B11003275,22,37.65573770491803,5.911603610077108
B11003275,23,33.22950819672131,5.932388020601991
B11003275,24,12.37704918032787,3.9470426132769227
B11003276,1,10.147540983606557,0.8652880800260095
B11003276,2,9.081967213114755,0.8925021369715541
B11003276,3,9.655737704918034,0.8849422672961166
B11003276,4,9.295081967213115,0.7963906755076142
B11003276,5,8.557377049180328,0.7134444310488178
B11003276,6,9.229508196721312,0.8375108048816262
B11003276,7,9.229508196721312,0.9124537737754587
B11003276,8,9.37704918032787,0.7051086284461171
B11003276,9,9.245901639344263,1.0504602848262816
B11003276,10,29.098360655737704,2.1015600609070324
B11003276,11,28.65573770491803,3.002104430756616
B11003276,12,28.59016393442623,4.350907382959641
B11003276,13,29.83606557377049,4.395155036967271
B11003276,14,29.114754098360656,4.7738988453290485
B11003276,15,27.508196721311474,4.643426345232129
B11003276,16,25.59016393442623,3.918752934708877
B11003276,17,25.81967213114754,4.087197912720635
B11003276,18,27.672131147540984,3.9659258174299863
B11003276,19,30.62295081967213,3.4411394149309222
B11003276,20,30.672131147540984,3.3521283255074192
B11003276,21,28.9672131147541,3.0297281873145536
B11003276,22,26.19672131147541,3.150954433241695
B11003276,23,14.557377049180328,2.8602681873795603
B11003276,24,10.0,0.8297738186782796
B11003277,1,11.80327868852459,1.818120738755642
B11003277,2,10.19672131147541,1.5021260575679092
B11003277,3,9.737704918032787,1.0065627169186069
B11003277,4,9.475409836065573,0.8609289183935007
B11003277,5,8.950819672131148,0.948272450097021
B11003277,6,9.737704918032787,0.827828273636236
B11003277,7,9.950819672131148,0.9482724500970211
B11003277,8,9.442622950819672,0.7793353655085058
B11003277,9,9.754098360655737,0.8027766915865768
B11003277,10,16.639344262295083,4.357141441039203
B11003277,11,30.57377049180328,4.26752516445928
B11003277,12,35.26229508196721,7.3169500932441105
B11003277,13,37.01639344262295,7.3740613257123675
B11003277,14,37.22950819672131,8.193146761561774
B11003277,15,36.91803278688525,8.26466918792339
B11003277,16,35.52459016393443,7.953979429597529
B11003277,17,34.442622950819676,8.11500248005363
B11003277,18,36.16393442622951,8.104199129876049
B11003277,19,40.91803278688525,6.792703611933967
B11003277,20,40.377049180327866,6.675533832466208
B11003277,21,40.557377049180324,5.74177841349152
B11003277,22,39.885245901639344,5.522230366276013
B11003277,23,35.90163934426229,6.064421689436222
B11003277,24,18.34426229508197,5.18473562220726
B11003278,1,9.262295081967213,1.8895887256942698
B11003278,2,8.21311475409836,1.1610446694836571
B11003278,3,7.426229508196721,0.9659619582069662
B11003278,4,7.344262295081967,0.8662193320408463
B11003278,5,7.311475409836065,0.8596793837460258
B11003278,6,7.426229508196721,0.7987493583658908
B11003278,7,7.032786885245901,0.8486674823308054
B11003278,8,7.098360655737705,0.8435855954274496
B11003278,9,7.754098360655738,1.3263500725356583
B11003278,10,22.59016393442623,3.230880959800932
B11003278,11,26.78688524590164,3.209181265785335
B11003278,12,31.491803278688526,5.51784868633013
B11003278,13,36.0,6.558688393468846
B11003278,14,35.80327868852459,6.965534995590197
B11003278,15,34.36065573770492,7.0757790207394065
B11003278,16,32.31147540983606,6.120486918395283
B11003278,17,30.983606557377048,5.022871634011791
B11003278,18,34.08196721311475,5.478108689921838
B11003278,19,37.59016393442623,6.144108331258511
B11003278,20,39.18032786885246,5.877180646493556
B11003278,21,38.0,4.47213595499958
B11003278,22,34.442622950819676,4.209764567086019
B11003278,23,28.737704918032787,4.01595849100202
B11003278,24,14.78688524590164,3.9343579229043235
B11003279,1,9.01639344262295,1.4083102685189854
B11003279,2,8.557377049180328,1.2082311982090672
B11003279,3,8.098360655737705,1.3754870139936415
B11003279,4,7.918032786885246,1.284141378856796
B11003279,5,8.262295081967213,1.2662276404804929
B11003279,6,9.0,1.25450009637436
B11003279,7,8.065573770491802,1.2914454027036806
B11003279,8,8.081967213114755,1.2968446191190888
B11003279,9,8.868852459016393,1.6444183767836547
B11003279,10,12.459016393442623,3.0437992355962806
B11003279,11,24.229508196721312,3.325970547975191
B11003279,12,28.475409836065573,5.209092169032626
B11003279,13,31.80327868852459,6.086318093784299
B11003279,14,33.131147540983605,5.935377154135887
B11003279,15,32.459016393442624,6.300074864222902
B11003279,16,29.016393442622952,5.932659822247892
B11003279,17,27.540983606557376,5.0750878874463865
B11003279,18,28.131147540983605,4.614572107176354
B11003279,19,32.131147540983605,4.920600422632919
B11003279,20,33.83606557377049,5.112441679875313
B11003279,21,34.47540983606557,5.171189283184885
B11003279,22,30.704918032786885,5.525927745844833
B11003279,23,14.836065573770492,4.2394723143213
B11003279,24,9.491803278688524,1.5216788702783335
B11003280,1,15.60655737704918,3.3401614200935925
B11003280,2,15.344262295081966,3.082926254690019
B11003280,3,15.60655737704918,1.7299548797734976
B11003280,4,13.836065573770492,1.357194887594702
B11003280,5,13.868852459016393,1.247626071504292
B11003280,6,13.885245901639344,1.2293989022460772
B11003280,7,13.62295081967213,1.07373920615166
B11003280,8,13.459016393442623,1.5844921665823293
B11003280,9,24.016393442622952,8.746881042768928
B11003280,10,40.967213114754095,3.9128506782130006
B11003280,11,43.31147540983606,4.5432023933675065
B11003280,12,44.032786885245905,5.7629887883158535
B11003280,13,47.622950819672134,6.7122690073543305
B11003280,14,48.73770491803279,6.930336351557082
B11003280,15,47.14754098360656,6.77709755944885
B11003280,16,44.295081967213115,6.338392675954438
B11003280,17,42.459016393442624,6.344156393405946
B11003280,18,47.80327868852459,6.82526567580219
B11003280,19,53.19672131147541,6.625385042027339
B11003280,20,55.114754098360656,6.132681494793412
B11003280,21,56.049180327868854,5.823711366666101
B11003280,22,53.557377049180324,5.224546698240547
B11003280,23,47.08196721311475,5.683727367301344
B11003280,24,22.065573770491802,5.930938201454804
B11003282,1,7.754098360655738,1.3386528303340068
B11003282,2,7.672131147540983,1.082215570104853
B11003282,3,7.409836065573771,0.8565475723025006
B11003282,4,7.360655737704918,1.040693131023205
B11003282,5,7.344262295081967,0.9898707632426575
B11003282,6,7.180327868852459,1.032396491398937
B11003282,7,7.213114754098361,1.0419835135784068
B11003282,8,7.19672131147541,1.113548045753554
B11003282,9,8.62295081967213,3.095019449215775
B11003282,10,27.19672131147541,3.396332024024547
B11003282,11,30.868852459016395,2.4792609279225655
B11003282,12,31.0,3.557490366103334
B11003282,13,31.16393442622951,3.488530753106845
B11003282,14,30.934426229508198,3.6703010662191
B11003282,15,28.639344262295083,3.373147515329266
B11003282,16,27.524590163934427,3.385632891784937
B11003282,17,27.39344262295082,3.116737935961568
B11003282,18,30.065573770491802,3.7976215699856417
B11003282,19,32.59016393442623,3.9354506862966847
B11003282,20,33.80327868852459,3.3915017812421637
B11003282,21,32.81967213114754,3.7395020126131873
B11003282,22,30.0327868852459,3.7633574699177035
B11003282,23,26.75409836065574,3.092326503369257
B11003282,24,11.065573770491802,2.9745855336528706
B11003283,1,8.229508196721312,0.7331370418032097
B11003283,2,8.131147540983607,0.7783001619979816
B11003283,3,7.80327868852459,1.973759599120316
B11003283,4,8.065573770491802,3.202810509941339
B11003283,5,7.491803278688525,0.7382511638818166
B11003283,6,7.426229508196721,0.6885245901639344
B11003283,7,8.60655737704918,2.144598158886955
B11003283,8,11.557377049180328,2.707152579250404
B11003283,9,15.459016393442623,3.5830830688695703
B11003283,10,19.42622950819672,2.882729901504979
B11003283,11,26.721311475409838,6.729263588533791
B11003283,12,30.049180327868854,8.21319655729688
B11003283,13,31.540983606557376,8.468986372645732
B11003283,14,32.557377049180324,8.43591966895801
B11003283,15,31.42622950819672,9.005388216558604
B11003283,16,30.049180327868854,8.080387568833801
B11003283,17,28.81967213114754,7.2485344968150915
B11003283,18,31.39344262295082,5.4299675104682406
B11003283,19,35.24590163934426,5.798970337390228
B11003283,20,36.78688524590164,6.621165154504525
B11003283,21,35.24590163934426,7.196665297216569
B11003283,22,27.39344262295082,6.97131990824559
B11003283,23,12.049180327868852,3.345788786941896
B11003283,24,8.442622950819672,0.8782357531789425
B11003284,1,11.491803278688524,1.0654476596243883
B11003284,2,11.098360655737705,1.7053908549913401
B11003284,3,10.39344262295082,1.4741342391059897
B11003284,4,9.885245901639344,1.2687719718615966
B11003284,5,10.737704918032787,1.4246269496656019
B11003284,6,11.672131147540984,2.038331939982892
B11003284,7,10.836065573770492,2.0339763838664178
B11003284,8,10.163934426229508,1.6213769484036815
B11003284,9,12.39344262295082,2.5943108534030617
B11003284,10,21.770491803278688,3.2157065492032304
B11003284,11,26.37704918032787,3.234871140039934
B11003284,12,27.770491803278688,3.56850265987562
B11003284,13,28.901639344262296,3.4484727816332184
B11003284,14,27.868852459016395,3.394669929323222
B11003284,15,27.78688524590164,5.763408469261294
B11003284,16,26.229508196721312,4.906982120267134
B11003284,17,25.688524590163933,4.795971614261823
B11003284,18,31.688524590163933,5.14236975290817
B11003284,19,36.57377049180328,4.213401789035859
B11003284,20,36.967213114754095,3.8109729970298
B11003284,21,36.49180327868852,3.9737786073606465
B11003284,22,28.704918032786885,4.365829545027176
B11003284,23,14.475409836065573,3.43371212107175
B11003284,24,10.885245901639344,1.229398902246077
B11003293,1,11.806451612903226,1.673693131751335
B11003293,2,11.258064516129032,1.8485869395992776
B11003293,3,11.516129032258064,1.811628526722448
B11003293,4,11.516129032258064,2.3261621132025745
B11003293,5,12.064516129032258,2.0624990145994557
B11003293,6,21.516129032258064,2.9388495416594513
B11003293,7,28.225806451612904,2.802184371675355
B11003293,8,30.032258064516128,2.3207878385296703
B11003293,9,30.483870967741936,2.0457819349300554
B11003293,10,36.935483870967744,2.861710337576371
B11003293,11,32.41935483870968,2.624625239588128
B11003293,12,32.193548387096776,2.7288110945234325
B11003293,13,31.580645161290324,2.075575218341343
B11003293,14,31.193548387096776,4.003380465417258
B11003293,15,27.096774193548388,2.809601495215055
B11003293,16,28.161290322580644,2.0805826447222064
B11003293,17,31.774193548387096,2.0589643093203804
B11003293,18,27.93548387096774,1.7585823445727755
B11003293,19,33.935483870967744,1.5849185156823544
B11003293,20,30.06451612903226,2.5391830521489585
B11003293,21,18.225806451612904,1.9953118831215635
B11003293,22,15.03225806451613,2.162493646721854
B11003293,23,13.451612903225806,2.447364740437504
B11003293,24,12.548387096774194,2.2552978442514235
B11003294,1,15.387096774193548,2.180225193382684
B11003294,2,14.35483870967742,2.0248199776097056
B11003294,3,14.290322580645162,2.003119315646454
B11003294,4,14.612903225806452,2.4844992921251228
B11003294,5,16.838709677419356,2.4109531536844897
B11003294,6,27.806451612903224,3.9791339213185224
B11003294,7,34.483870967741936,3.8258118914175547
B11003294,8,39.354838709677416,3.0957659649058265
B11003294,9,38.61290322580645,2.870061473488416
B11003294,10,47.806451612903224,3.4957979830049206
B11003294,11,45.03225806451613,3.9634122718471403
B11003294,12,39.806451612903224,1.9078674945317735
B11003294,13,41.87096774193548,2.2823578001688682
B11003294,14,45.25806451612903,3.100132587544249
B11003294,15,38.41935483870968,3.270337790074026
B11003294,16,38.83870967741935,2.4109531536844897
B11003294,17,40.806451612903224,4.027481041293834
B11003294,18,37.45161290322581,2.600728305902758
B11003294,19,40.12903225806452,2.3792372793013903
B11003294,20,45.41935483870968,1.9306390977348395
B11003294,21,33.61290322580645,3.7902882633998978
B11003294,22,21.483870967741936,1.9817061359235701
B11003294,23,17.451612903225808,1.8463339382263462
B11003294,24,15.96774193548387,2.334646080351255
B11003295,1,21.677419354838708,2.277337108996489
B11003295,2,21.387096774193548,2.2955415322138317
B11003295,3,21.677419354838708,2.64437439121538
B11003295,4,21.903225806451612,2.145585696556889
B11003295,5,23.806451612903224,2.8445687335546586
B11003295,6,40.12903225806452,3.3958412467535886
B11003295,7,57.70967741935484,4.3269116482857335
B11003295,8,55.25806451612903,4.196524998180495
B11003295,9,60.29032258064516,4.664163641703289
B11003295,10,77.03225806451613,5.676686169666822
B11003295,11,70.70967741935483,6.128692690084086
B11003295,12,67.06451612903226,6.042513276886758
B11003295,13,60.25806451612903,5.387965933361446
B11003295,14,73.19354838709677,5.915640040297276
B11003295,15,68.70967741935483,6.609834063541582
B11003295,16,68.2258064516129,8.256804339332675
B11003295,17,66.3225806451613,9.021076027565073
B11003295,18,57.483870967741936,6.257233067480389
B11003295,19,58.45161290322581,5.52903602213144
B11003295,20,64.80645161290323,4.679532336977702
B11003295,21,44.516129032258064,7.906187726739573
B11003295,22,29.774193548387096,3.249909948324175
B11003295,23,24.451612903225808,2.5124041907897747
B11003295,24,22.838709677419356,2.2589859870982707
B11003296,1,20.096774193548388,2.5697350021489593
B11003296,2,19.612903225806452,2.870061473488416
B11003296,3,19.838709677419356,3.55688132873175
B11003296,4,20.29032258064516,4.009613836985824
B11003296,5,21.806451612903224,3.753874169430397
B11003296,6,30.64516129032258,4.123484175812851
B11003296,7,44.16129032258065,5.137444916546698
B11003296,8,41.87096774193548,3.807818234716153
B11003296,9,47.87096774193548,4.1014705111457435
B11003296,10,46.193548387096776,3.888936788433682
B11003296,11,44.806451612903224,5.263504014031262
B11003296,12,50.12903225806452,4.463052156019076
B11003296,13,48.16129032258065,3.894551812332018
B11003296,14,49.774193548387096,3.687027628962464
B11003296,15,42.064516129032256,3.9670862295853446
B11003296,16,44.225806451612904,3.907888444105241
B11003296,17,48.29032258064516,3.62067137230988
B11003296,18,48.25806451612903,3.9510532849297038
B11003296,19,50.16129032258065,3.911082468703916
B11003296,20,49.0,4.731500478092922
B11003296,21,30.774193548387096,3.8747293551217545
B11003296,22,24.419354838709676,2.562435755901355
B11003296,23,22.387096774193548,2.672167410184869
B11003296,24,20.70967741935484,2.529739861509375
B11003297,1,46.67741935483871,4.245582879350236
B11003297,2,46.29032258064516,3.9447273783482313
B11003297,3,46.483870967741936,3.7663276178906906
B11003297,4,46.193548387096776,3.8135526983565553
B11003297,5,51.12903225806452,3.82472377652313
B11003297,6,65.80645161290323,5.48557848179358
B11003297,7,79.29032258064517,5.225209045900564
B11003297,8,78.38709677419355,4.7361166844472145
B11003297,9,79.25806451612904,4.79897665123133
B11003297,10,92.74193548387096,6.857855123802447
B11003297,11,93.25806451612904,7.708260093773239
B11003297,12,91.35483870967742,6.229733008812031
B11003297,13,83.6774193548387,6.336718886260961
B11003297,14,88.35483870967742,7.346486485638073
B11003297,15,91.0,6.405642673808471
B11003297,16,85.35483870967742,5.800714011093942
B11003297,17,87.12903225806451,6.733363898235132
B11003297,18,81.45161290322581,10.643303845769971
B11003297,19,77.70967741935483,5.298773737549865
B11003297,20,84.54838709677419,6.2052979948584905
B11003297,21,73.70967741935483,5.759668160171779
B11003297,22,58.12903225806452,6.246247572814809
B11003297,23,49.96774193548387,4.610534018245902
B11003297,24,47.74193548387097,4.391838045191616
B11003298,1,28.838709677419356,2.7485688263407475
B11003298,2,28.483870967741936,2.7104453596903237
B11003298,3,28.225806451612904,2.7557526624740056
B11003298,4,28.258064516129032,2.5774173361855715
B11003298,5,31.838709677419356,2.829530614140437
B11003298,6,40.58064516129032,3.1904514146007927
B11003298,7,46.0,3.282406670171613
B11003298,8,45.83870967741935,2.908239398602489
B11003298,9,46.806451612903224,3.146112345867512
B11003298,10,57.064516129032256,3.564479637822264
B11003298,11,52.70967741935484,4.712328021245199
B11003298,12,51.87096774193548,3.891611619748227
B11003298,13,47.70967741935484,3.8704300701859724
B11003298,14,56.064516129032256,3.999479674794547
B11003298,15,53.03225806451613,4.8558835013377335
B11003298,16,51.54838709677419,4.716742381015288
B11003298,17,55.774193548387096,4.810671453498645
B11003298,18,54.83870967741935,5.168744616994807
B11003298,19,48.25806451612903,3.5100569054801145
B11003298,20,58.61290322580645,3.7817679715491215
B11003298,21,46.483870967741936,5.07283065182156
B11003298,22,36.61290322580645,3.832605610394618
B11003298,23,31.193548387096776,3.335240522725892
B11003298,24,29.741935483870968,2.972646718324716
B11003299,1,17.322580645161292,1.7299467971344415
B11003299,2,17.06451612903226,1.758582344572775
B11003299,3,17.387096774193548,1.9785530613155682
B11003299,4,17.548387096774192,2.1378118097781793
B11003299,5,19.451612903225808,2.420859747005641
B11003299,6,29.64516129032258,1.992702607932968
B11003299,7,36.29032258064516,1.9869501412173538
B11003299,8,37.354838709677416,1.8759666256191883
B11003299,9,36.516129032258064,2.168260306684653
B11003299,10,43.25806451612903,2.9068078260822734
B11003299,11,46.54838709677419,3.696892414931147
B11003299,12,42.774193548387096,2.3652003586868853
B11003299,13,37.096774193548384,2.8664335343900724
B11003299,14,39.61290322580645,2.925719314418898
B11003299,15,41.16129032258065,3.0701137332463175
B11003299,16,39.70967741935484,3.361965135655199
B11003299,17,43.67741935483871,3.5413419797712145
B11003299,18,37.29032258064516,2.5297398615093747
B11003299,19,35.774193548387096,2.2100894365110504
B11003299,20,37.74193548387097,2.0630034781057396
B11003299,21,28.322580645161292,3.0836415085372324
B11003299,22,20.93548387096774,1.7026636413415028
B11003299,23,19.64516129032258,1.676178200873107
B11003299,24,18.483870967741936,1.7756592186481142
B11003300,1,15.387096774193548,1.5382734216214664
B11003300,2,15.451612903225806,1.2911287803993228
B11003300,3,16.096774193548388,1.4222843667773295
B11003300,4,17.161290322580644,2.437565869330653
B11003300,5,23.870967741935484,4.353285266538668
B11003300,6,36.516129032258064,5.117149961187981
B11003300,7,47.83870967741935,2.8522404797671737
B11003300,8,40.935483870967744,2.513646417906859
B11003300,9,45.354838709677416,2.658502939101486
B11003300,10,52.74193548387097,4.805693813394246
B11003300,11,50.61290322580645,5.591914781728941
B11003300,12,46.61290322580645,4.469808535661619
B11003300,13,46.70967741935484,5.854105525940317
B11003300,14,51.54838709677419,4.851595744650509
B11003300,15,47.67741935483871,4.774847383301265
B11003300,16,47.70967741935484,4.820611314380037
B11003300,17,47.096774193548384,4.637538548381148
B11003300,18,45.193548387096776,5.294058476337836
B11003300,19,43.903225806451616,4.6583593866100435
B11003300,20,43.935483870967744,3.723815974377651
B11003300,21,31.806451612903224,5.183219542745981
B11003300,22,21.548387096774192,3.499665510997554
B11003300,23,17.193548387096776,1.8035691288379823
B11003300,24,15.741935483870968,1.625755247529568
B11003301,1,17.483870967741936,2.447789888489081
B11003301,2,17.161290322580644,2.3568263816268167
B11003301,3,17.419354838709676,2.446514222691425
B11003301,4,17.612903225806452,2.57378119423467
B11003301,5,18.193548387096776,2.889573635684992
B11003301,6,21.612903225806452,3.0762085939050685
B11003301,7,29.741935483870968,3.1105205656587542
B11003301,8,32.096774193548384,3.124872526016086
B11003301,9,32.064516129032256,3.2122294927753816
B11003301,10,34.83870967741935,2.8181070539150395
B11003301,11,33.0,2.54000254000381
B11003301,12,34.45161290322581,2.107417157556268
B11003301,13,33.225806451612904,2.8021843716753545
B11003301,14,35.25806451612903,2.199233619233459
B11003301,15,31.161290322580644,2.653017444509947
B11003301,16,31.258064516129032,2.4622012435175975
B11003301,17,33.225806451612904,2.0745722826856166
B11003301,18,32.41935483870968,2.0124482529654486
B11003301,19,32.516129032258064,2.255759191877044
B11003301,20,31.612903225806452,2.598726975628752
B11003301,21,21.903225806451612,2.5445050055374216
B11003301,22,19.64516129032258,2.2222973741483663
B11003301,23,17.806451612903224,2.4811463900683113
B11003301,24,17.741935483870968,2.368717387185267
B11003302,1,17.032258064516128,2.192124775229936
B11003302,2,16.258064516129032,2.199233619233459
B11003302,3,16.225806451612904,2.135863917064109
B11003302,4,15.935483870967742,1.8653977154581887
B11003302,5,16.580645161290324,2.3931918698053427
B11003302,6,27.741935483870968,3.6892847627085934
B11003302,7,36.193548387096776,3.6492982519286716
B11003302,8,33.645161290322584,2.1182522786299356
B11003302,9,36.29032258064516,3.419050503802866
B11003302,10,43.16129032258065,3.1222073890484805
B11003302,11,43.12903225806452,3.2896900087695387
B11003302,12,39.903225806451616,2.6561534000308265
B11003302,13,35.806451612903224,3.2766953734272177
B11003302,14,41.03225806451613,2.7531081668841115
B11003302,15,40.903225806451616,3.6398762714674917
B11003302,16,39.483870967741936,4.062979740344203
B11003302,17,40.38709677419355,3.7215797838295694
B11003302,18,39.45161290322581,4.125754747588962
B11003302,19,34.58064516129032,3.3961476614843504
B11003302,20,38.903225806451616,2.582257560798646
B11003302,21,34.0,5.364158232974406
B11003302,22,24.774193548387096,4.270753332499449
B11003302,23,19.29032258064516,2.5424594187403917
B11003302,24,17.838709677419356,2.2589859870982707
B11003337,1,34.60655737704918,5.353958818817448
B11003337,2,33.22950819672131,5.289623131460655
B11003337,3,31.59016393442623,6.001030100591686
B11003337,4,24.278688524590162,8.38056132464275
B11003337,5,17.327868852459016,9.364602538501662
B11003337,6,12.967213114754099,5.884035676287832
B11003337,7,9.557377049180328,4.546750200134605
B11003337,8,8.278688524590164,3.742231943556748
B11003337,9,7.950819672131147,3.246315588772615
B11003337,10,8.327868852459016,3.0066664263256357
B11003337,11,8.508196721311476,2.6278642504280496
B11003337,12,9.262295081967213,2.5472687999416435
B11003337,13,9.573770491803279,2.191331778558288
B11003337,14,8.688524590163935,2.652193546868528
B11003337,15,7.967213114754099,3.088674250663745
B11003337,16,11.721311475409836,5.5989786760139095
B11003337,17,29.131147540983605,5.514438306000954
B11003337,18,35.278688524590166,4.998790501386666
B11003337,19,35.52459016393443,5.246721247448528
B11003337,20,35.9344262295082,5.26002197981762
B11003337,21,36.09836065573771,5.165157284300912
B11003337,22,35.85245901639344,5.127348931757275
B11003337,23,35.81967213114754,4.833314026903896
B11003337,24,35.50819672131148,5.003680451393892
B11003338,1,21.16393442622951,4.523817943130043
B11003338,2,20.672131147540984,4.299147118907824
B11003338,3,18.39344262295082,5.041723256412322
B11003338,4,11.475409836065573,6.1420521944951965
B11003338,5,9.491803278688524,5.547478974966392
B11003338,6,7.0,2.8284271247461903
B11003338,7,5.950819672131147,1.9537792675986336
B11003338,8,6.049180327868853,1.4978260695738257
B11003338,9,6.508196721311475,1.7706435879078224
B11003338,10,6.163934426229508,1.6613280078896042
B11003338,11,5.885245901639344,1.3318095745304852
B11003338,12,5.901639344262295,1.4107888507508304
B11003338,13,5.967213114754099,1.755247057616285
B11003338,14,6.377049180327869,2.7170616628167474
B11003338,15,6.852459016393443,3.463325728368523
B11003338,16,7.344262295081967,3.5982019457885768
B11003338,17,16.311475409836067,3.868921922132735
B11003338,18,21.901639344262296,5.0398572645439685
B11003338,19,22.24590163934426,5.321332686846001
B11003338,20,22.491803278688526,5.290334368619108
B11003338,21,22.885245901639344,5.21378488320959
B11003338,22,22.78688524590164,5.263903538462814
B11003338,23,22.491803278688526,4.89436930018022
B11003338,24,22.081967213114755,4.71931879624214
B11003339,1,16.770491803278688,3.8555620568891094
B11003339,2,14.688524590163935,4.309885638460543
B11003339,3,12.573770491803279,4.69201979085956
B11003339,4,9.40983606557377,4.216972144973945
B11003339,5,8.344262295081966,4.096720983475344
B11003339,6,6.639344262295082,2.104116082358777
B11003339,7,6.245901639344262,1.8075954293554795
B11003339,8,6.868852459016393,2.1461013820800927
B11003339,9,8.163934426229508,2.7050670599781386
B11003339,10,10.524590163934427,3.551063370533198
B11003339,11,9.819672131147541,2.5894375408084125
B11003339,12,8.278688524590164,2.4503673029520514
B11003339,13,6.901639344262295,2.1015600609070324
B11003339,14,6.475409836065574,1.798055027304428
B11003339,15,7.147540983606557,2.1181190664048812
B11003339,16,10.344262295081966,2.8737662835576527
B11003339,17,15.557377049180328,3.5919974358489446
B11003339,18,18.442622950819672,4.010333333776364
B11003339,19,18.9672131147541,4.82468792200553
B11003339,20,19.42622950819672,4.829754147744361
B11003339,21,19.491803278688526,4.64342634523213
B11003339,22,19.327868852459016,4.283867225887123
B11003339,23,19.016393442622952,4.271490711026214
B11003339,24,17.78688524590164,3.900881590557807
B11003344,1,21.770491803278688,1.7777628474394702
B11003344,2,21.540983606557376,1.615232516295554
B11003344,3,19.852459016393443,2.3317907392386292
B11003344,4,13.868852459016393,5.286777225990145
B11003344,5,10.704918032786885,5.809388281600407
B11003344,6,7.918032786885246,2.2491898867072124
B11003344,7,8.475409836065573,1.798055027304428
B11003344,8,8.557377049180328,1.8776038982750123
B11003344,9,7.60655737704918,1.204890152459866
B11003344,10,6.885245901639344,0.8702432419663605
B11003344,11,6.573770491803279,0.8581149067739278
B11003344,12,6.60655737704918,0.8153986960948123
B11003344,13,6.491803278688525,0.6924167895718976
B11003344,14,6.639344262295082,0.8876712374216973
B11003344,15,7.344262295081967,1.818711901424087
B11003344,16,9.278688524590164,2.389396985049449
B11003344,17,17.229508196721312,2.795742914978794
B11003344,18,21.40983606557377,1.5615991087357188
B11003344,19,21.737704918032787,1.4474583642389582
B11003344,20,22.60655737704918,1.6524069728989053
B11003344,21,22.37704918032787,1.9091147586029817
B11003344,22,22.39344262295082,1.9186632003079829
B11003344,23,22.524590163934427,1.8783194212986891
B11003344,24,22.049180327868854,1.8325493262271635
B11003345,1,15.147540983606557,4.423617930222121
B11003345,2,9.524590163934427,4.396744538513971
B11003345,3,5.0,2.592549223334021
B11003345,4,3.377049180327869,1.6212111888624414
B11003345,5,2.7049180327868854,1.061150972634902
B11003345,6,2.4262295081967213,0.8190161309374949
B11003345,7,2.3442622950819674,0.8662193320408463
B11003345,8,2.4098360655737703,0.8754773719881108
B11003345,9,2.442622950819672,0.8782357531789425
B11003345,10,2.3934426229508197,0.7526714939835406
B11003345,11,2.4918032786885247,1.313522991738369
B11003345,12,2.5901639344262297,1.919503429470355
B11003345,13,2.622950819672131,1.8212222019997193
B11003345,14,3.377049180327869,1.4390791047445735
B11003345,15,5.983606557377049,2.020321377443134
B11003345,16,6.672131147540983,1.7055484332642559
B11003345,17,8.180327868852459,2.4595627808270897
B11003345,18,18.57377049180328,4.812752923371856
B11003345,19,19.557377049180328,4.026651336902843
B11003345,20,19.557377049180328,3.6508458043776804
B11003345,21,19.40983606557377,3.512866510510538
B11003345,22,19.721311475409838,3.9717492018826164
B11003345,23,19.524590163934427,3.986068186337605
B11003345,24,18.639344262295083,4.133163702656705
B11003346,1,17.688524590163933,1.8335755949810408
B11003346,2,17.065573770491802,1.726066811569163
B11003346,3,15.868852459016393,2.161324804988341
B11003346,4,10.60655737704918,4.979560480060135
B11003346,5,6.508196721311475,3.8008754419521766
B11003346,6,4.426229508196721,1.1517487259180523
B11003346,7,4.147540983606557,0.8461303541353402
B11003346,8,4.950819672131147,0.6382925355387471
B11003346,9,5.163934426229508,0.5777380389083966
B11003346,10,5.016393442622951,0.49561365435511384
B11003346,11,4.081967213114754,0.5520478111633685
B11003346,12,3.7868852459016393,0.630242058581675
B11003346,13,3.80327868852459,0.6225192638048369
B11003346,14,3.8360655737704916,0.8527742166321279
B11003346,15,4.131147540983607,1.7599870513315174
B11003346,16,5.60655737704918,2.3835411631050283
B11003346,17,16.229508196721312,1.911084514202503
B11003346,18,15.245901639344263,1.1963844124930454
B11003346,19,15.78688524590164,1.2296174814819132
B11003346,20,17.62295081967213,1.5593602558156217
B11003346,21,18.80327868852459,1.7908663727245697
B11003346,22,18.40983606557377,1.6334319615844128
B11003346,23,18.114754098360656,1.526791993688531
B11003346,24,18.59016393442623,1.5510657275429336
B11003347,1,14.114754098360656,4.454131847319169
B11003347,2,8.065573770491802,3.3085525162455305
B11003347,3,7.377049180327869,2.9762113358453033
B11003347,4,7.131147540983607,2.7129042561103813
B11003347,5,6.918032786885246,2.3698591088177228
B11003347,6,6.409836065573771,1.8763152692228846
B11003347,7,6.836065573770492,1.775796545989788
B11003347,8,7.459016393442623,2.3579219142774037
B11003347,9,7.245901639344262,2.222505879355059
B11003347,10,7.950819672131147,2.5634648012317216
B11003347,11,8.40983606557377,2.853683550990032
B11003347,12,8.01639344262295,2.213903927297041
B11003347,13,7.39344262295082,2.830041930550692
B11003347,14,13.180327868852459,3.059562792731332
B11003347,15,14.475409836065573,3.4622391947799427
B11003347,16,17.688524590163933,4.621904311267173
B11003347,17,22.40983606557377,4.5713901791300655
B11003347,18,23.901639344262296,4.561797596622453
B11003347,19,25.16393442622951,4.2510570637941925
B11003347,20,26.081967213114755,4.3051440141453545
B11003347,21,25.9672131147541,4.435206440256964
B11003347,22,26.065573770491802,4.330103744863306
B11003347,23,25.80327868852459,4.3975390738388285
B11003347,24,23.16393442622951,4.105894714375436
B11003348,1,15.049180327868852,2.2574193121988695
B11003348,2,14.672131147540984,2.365886736167666
B11003348,3,14.19672131147541,2.2819295267285664
B11003348,4,12.131147540983607,3.175084404898814
B11003348,5,9.049180327868852,4.656834320170157
B11003348,6,5.377049180327869,3.4076285414155425
B11003348,7,3.2950819672131146,1.9863820171033417
B11003348,8,3.0163934426229506,1.286650286580235
B11003348,9,2.7540983606557377,1.0187703566091375
B11003348,10,2.8688524590163933,0.9662401330027132
B11003348,11,3.8852459016393444,1.0879121326581678
B11003348,12,4.508196721311475,1.3382512545546592
B11003348,13,4.442622950819672,2.1311475409836063
B11003348,14,4.147540983606557,2.0632305209904622
B11003348,15,3.540983606557377,2.131525817626112
B11003348,16,4.032786885245901,2.3327125778748536
B11003348,17,12.163934426229508,2.5296946479947975
B11003348,18,15.442622950819672,2.627250574106968
B11003348,19,15.311475409836065,2.6706724370069734
B11003348,20,15.557377049180328,2.5958642400780287
B11003348,21,15.868852459016393,2.2937935493596884
B11003348,22,15.491803278688524,2.1850681860514487
B11003348,23,15.426229508196721,2.2210543677954027
B11003348,24,15.360655737704919,2.180635994497904
B11003349,1,27.83606557377049,2.898164076116727
B11003349,2,27.491803278688526,2.877971455557828
B11003349,3,25.442622950819672,3.3852359782333816
B11003349,4,18.524590163934427,7.704813393080869
B11003349,5,12.459016393442623,9.413234092579366
B11003349,6,8.163934426229508,5.5550311795287115
B11003349,7,5.213114754098361,1.8740221852384575
B11003349,8,4.918032786885246,1.0290068738672271
B11003349,9,5.245901639344262,1.0187703566091375
B11003349,10,5.409836065573771,1.0303118926210275
B11003349,11,5.409836065573771,1.192559572424473
B11003349,12,4.80327868852459,0.785517937751537
B11003349,13,4.327868852459017,0.670730247392747
B11003349,14,4.672131147540983,1.0822155701048528
B11003349,15,7.065573770491803,4.807333375061911
B11003349,16,13.39344262295082,3.5170716606830754
B11003349,17,20.37704918032787,2.1360599121749764
B11003349,18,27.295081967213115,0.9808705115837107
B11003349,19,27.360655737704917,1.2417965156987294
B11003349,20,27.737704918032787,1.1997491451496385
B11003349,21,28.0,1.130791105638068
B11003349,22,27.81967213114754,1.5096215650126348
B11003349,23,28.065573770491802,1.4470869829976334
B11003349,24,28.21311475409836,1.403914364984042
B11003595,1,86.0,17.537057538161132
B11003595,2,87.41935483870968,10.394707690496338
B11003595,3,71.19354838709677,22.525139152967775
B11003595,4,49.0,22.448507386259955
B11003595,5,54.61290322580645,15.141648223562672
B11003595,6,63.61290322580645,13.01284085260213
B11003595,7,87.61290322580645,8.749847627631226
B11003595,8,72.25806451612904,9.827439340735596
B11003595,9,69.3225806451613,9.88771507828289
B11003595,10,86.70967741935483,9.625884285770244
B11003595,11,89.51612903225806,9.015652939129508
B11003595,12,75.6774193548387,8.825867760586908
B11003595,13,76.41935483870968,7.765823361820221
B11003595,14,85.06451612903226,11.213285564586576
B11003595,15,81.64516129032258,10.738980509961841
B11003595,16,83.16129032258064,7.590727680674918
B11003595,17,81.3225806451613,6.717272376417398
B11003595,18,75.2258064516129,10.437864314428024
B11003595,19,82.12903225806451,10.222498701816344
B11003595,20,81.09677419354838,8.956363168556532
B11003595,21,60.0,9.428850715036887
B11003595,22,62.193548387096776,8.909651724986892
B11003595,23,96.7741935483871,3.452065089463676
B11003595,24,92.29032258064517,4.643368829792665
B11003597,1,9.64516129032258,0.784872584554609
B11003597,2,9.419354838709678,0.7940989435542689
B11003597,3,9.516129032258064,0.7980204436679346
B11003597,4,11.064516129032258,1.5013001649316253
B11003597,5,13.580645161290322,2.1963928426515102
B11003597,6,17.129032258064516,1.2634294211332995
B11003597,7,16.93548387096774,1.41274118970698
B11003597,8,17.93548387096774,1.3897199502282591
B11003597,9,22.806451612903224,2.988357568520894
B11003597,10,27.548387096774192,3.0987896667155685
B11003597,11,28.419354838709676,3.433931195399036
B11003597,12,28.967741935483872,3.7801166645910325
B11003597,13,28.838709677419356,4.28874576893426
B11003597,14,30.548387096774192,4.4055588761752364
B11003597,15,30.096774193548388,4.453015206899973
B11003597,16,28.741935483870968,4.126763489596112
B11003597,17,27.322580645161292,3.4862596351242057
B11003597,18,23.774193548387096,2.660459303292291
B11003597,19,22.838709677419356,2.4507638597706554
B11003597,20,21.967741935483872,2.1624936467218543
B11003597,21,15.548387096774194,1.4992193598222259
B11003597,22,12.193548387096774,1.3540704426977648
B11003597,23,10.67741935483871,1.1468637957826564
B11003597,24,10.03225806451613,0.9994795732148172
B11003598,1,12.35483870967742,1.2325789144866321
B11003598,2,12.225806451612904,1.3127090289919872
B11003598,3,12.741935483870968,1.759173961862707
B11003598,4,12.516129032258064,1.7937340354139153
B11003598,5,13.387096774193548,1.9621814613865223
B11003598,6,18.29032258064516,1.9869501412173536
B11003598,7,25.838709677419356,2.736807348736826
B11003598,8,27.096774193548388,2.219486117647687
B11003598,9,34.903225806451616,2.6439808538382166
B11003598,10,35.83870967741935,2.7249951073474676
B11003598,11,35.064516129032256,2.7816853080400126
B11003598,12,34.225806451612904,2.599127364965637
B11003598,13,34.0,2.047815515884371
B11003598,14,34.45161290322581,2.394061331003803
B11003598,15,30.548387096774192,2.1528482210920754
B11003598,16,31.677419354838708,2.1610495773476424
B11003598,17,33.25806451612903,2.299617667176983
B11003598,18,29.387096774193548,1.5999479700177088
B11003598,19,32.32258064516129,1.8558903049861322
B11003598,20,28.838709677419356,1.9360214307256334
B11003598,21,20.193548387096776,1.7305482040002138
B11003598,22,16.06451612903226,1.9827560465328142
B11003598,23,13.483870967741936,1.8468974462322112
B11003598,24,12.419354838709678,1.385971036060699
B11003602,1,19.451612903225808,2.826587018426415
B11003602,2,19.258064516129032,3.4357488917920898
B11003602,3,19.193548387096776,3.146112345867512
B11003602,4,19.838709677419356,3.1937113024590587
B11003602,5,20.93548387096774,3.7839685931910143
B11003602,6,25.967741935483872,3.2076910695886585
B11003602,7,29.93548387096774,3.851564272670787
B11003602,8,29.903225806451612,3.1658952635833026
B11003602,9,30.93548387096774,3.3498722543863666
B11003602,10,35.61290322580645,3.033973433813548
B11003602,11,33.54838709677419,3.7143028667086315
B11003602,12,34.064516129032256,3.8179160323905785
B11003602,13,33.935483870967744,5.297202450173765
B11003602,14,37.38709677419355,5.026878845378972
B11003602,15,34.54838709677419,5.581297742937335
B11003602,16,35.483870967741936,6.3391816289869904
B11003602,17,36.483870967741936,6.246913910300472
B11003602,18,34.645161290322584,4.610985389730487
B11003602,19,38.29032258064516,3.9036256793305406
B11003602,20,35.225806451612904,4.045783766480812
B11003602,21,25.322580645161292,3.2862086868942058
B11003602,22,22.516129032258064,2.7104453596903237
B11003602,23,20.741935483870968,2.5774173361855715
B11003602,24,19.387096774193548,2.6111104961094274
B11003604,1,34.483870967741936,5.161088705739513
B11003604,2,34.12903225806452,5.289929174987013
B11003604,3,33.96774193548387,5.220825981911551
B11003604,4,34.03225806451613,6.024058598479836
B11003604,5,37.935483870967744,6.829421568435886
B11003604,6,56.225806451612904,6.723620747970472
B11003604,7,59.225806451612904,7.8810089309041285
B11003604,8,60.67741935483871,6.831554382112055
B11003604,9,65.12903225806451,6.66111458020145
B11003604,10,74.70967741935483,6.910457472308681
B11003604,11,70.90322580645162,6.6640820518787685
B11003604,12,65.96774193548387,4.700609919023495
B11003604,13,69.38709677419355,4.742922872842392
B11003604,14,71.3225806451613,5.60752430437368
B11003604,15,65.80645161290323,5.2512324503547445
B11003604,16,69.6774193548387,4.60985687815194
B11003604,17,70.41935483870968,4.353524293869887
B11003604,18,65.61290322580645,4.308112522528141
B11003604,19,69.0,3.8688166065974063
B11003604,20,68.25806451612904,3.6453040223268767
B11003604,21,55.225806451612904,4.830746134977861
B11003604,22,43.74193548387097,5.199055385266007
B11003604,23,37.03225806451613,4.815860027489426
B11003604,24,34.774193548387096,4.681533229818395
B11003605,1,22.096774193548388,0.9953063626155814
B11003605,2,21.387096774193548,1.0372861413428083
B11003605,3,21.903225806451612,1.1737680902361456
B11003605,4,21.580645161290324,1.2121480147132864
B11003605,5,23.612903225806452,1.5796573608639086
B11003605,6,40.96774193548387,2.633333113801103
B11003605,7,47.58064516129032,3.22064102563837
B11003605,8,43.58064516129032,2.511575698041513
B11003605,9,55.25806451612903,3.8685476305754873
B11003605,10,64.2258064516129,3.849672607942846
B11003605,11,57.16129032258065,4.443892323203716
B11003605,12,52.45161290322581,4.361404846749825
B11003605,13,48.12903225806452,3.535460324856841
B11003605,14,57.935483870967744,3.732468558482769
B11003605,15,47.70967741935484,4.98509745843903
B11003605,16,49.935483870967744,3.3976793206347318
B11003605,17,54.806451612903224,5.805555486404657
B11003605,18,46.483870967741936,4.354241297134698
B11003605,19,47.87096774193548,2.446088852919855
B11003605,20,56.38709677419355,2.4187095913749026
B11003605,21,33.29032258064516,2.6904076725152315
B11003605,22,27.258064516129032,0.9146739921779242
B11003605,23,24.451612903225808,1.0108670719995094
B11003605,24,22.903225806451612,0.892796935683745
B11003606,1,11.387096774193548,1.6786595911300242
B11003606,2,11.096774193548388,1.5314938671573188
B11003606,3,11.03225806451613,1.4697788064380022
B11003606,4,10.935483870967742,1.3424936804312781
B11003606,5,11.741935483870968,2.2996176671769826
B11003606,6,24.870967741935484,2.587088729775925
B11003606,7,23.29032258064516,2.0191590134875903
B11003606,8,25.0,2.3691566486423925
B11003606,9,30.967741935483872,2.9235845317089546
B11003606,10,33.83870967741935,2.885970225334844
B11003606,11,30.741935483870968,3.618659009646492
B11003606,12,30.806451612903224,3.8135526983565544
B11003606,13,33.16129032258065,3.592974993345984
B11003606,14,34.774193548387096,3.891344219354896
B11003606,15,30.483870967741936,3.740544791629875
B11003606,16,29.70967741935484,3.1946886201651474
B11003606,17,30.93548387096774,3.151399933372854
B11003606,18,26.677419354838708,2.3333085574225967
B11003606,19,30.70967741935484,2.796236507454108
B11003606,20,24.06451612903226,2.3818599925128683
B11003606,21,16.580645161290324,1.5611036945242402
B11003606,22,13.870967741935484,1.6605855066108064
B11003606,23,12.290322580645162,1.6103205128191849
B11003606,24,11.580645161290322,1.6018979377980824
B11003607,1,13.225806451612904,0.9404761120718226
B11003607,2,13.225806451612904,0.8312321759177499
B11003607,3,13.258064516129032,0.9826804007566333
B11003607,4,13.193548387096774,1.090112596691342
B11003607,5,14.064516129032258,0.9816209067550282
B11003607,6,17.322580645161292,1.2543369093692633
B11003607,7,24.806451612903224,2.291912215268595
B11003607,8,26.903225806451612,2.1304980291559183
B11003607,9,27.29032258064516,2.3027830061386774
B11003607,10,32.29032258064516,2.3027830061386774
B11003607,11,30.93548387096774,2.699288841480262
B11003607,12,31.29032258064516,2.2603674892070775
B11003607,13,30.70967741935484,2.3581505654834922
B11003607,14,34.25806451612903,3.463801211753837
B11003607,15,29.29032258064516,4.025672040766945
B11003607,16,29.322580645161292,3.762181048739727
B11003607,17,30.93548387096774,3.749713828831068
B11003607,18,29.161290322580644,3.163264689582262
B11003607,19,30.64516129032258,2.469796740974319
B11003607,20,32.903225806451616,2.440978633857112
B11003607,21,24.096774193548388,1.923619550435558
B11003607,22,17.903225806451612,1.2789824259096136
B11003607,23,15.419354838709678,1.0402913223611032
B11003607,24,14.193548387096774,0.9973951505638908
B11003608,1,18.193548387096776,1.3540704426977648
B11003608,2,17.580645161290324,1.4541196993012446
B11003608,3,17.580645161290324,1.6219103341905203
B11003608,4,18.193548387096776,2.205847870616614
B11003608,5,20.0,2.9071657853011765
B11003608,6,27.806451612903224,3.938391311008396
B11003608,7,45.87096774193548,3.5079810891081014
B11003608,8,32.87096774193548,2.791021728557841
B11003608,9,43.225806451612904,2.790648871468667
B11003608,10,46.096774193548384,3.8298895689434396
B11003608,11,46.67741935483871,5.693159997718788
B11003608,12,45.354838709677416,3.9476280105234465
B11003608,13,42.12903225806452,3.1081779278570076
B11003608,14,48.45161290322581,3.590657318540485
B11003608,15,41.03225806451613,3.995835501213425
B11003608,16,42.903225806451616,4.754317825016488
B11003608,17,43.225806451612904,4.667731903594008
B11003608,18,38.96774193548387,2.8225345618357878
B11003608,19,39.58064516129032,2.9705456601861515
B11003608,20,43.935483870967744,2.9064498227770077
B11003608,21,31.35483870967742,3.277965410441353
B11003608,22,23.06451612903226,3.089372875822678
B11003608,23,19.806451612903224,2.1162863828202227
B11003608,24,18.774193548387096,1.8787380359433599
B11003609,1,14.612903225806452,1.6397761325340432
B11003609,2,14.451612903225806,1.8637234613747469
B11003609,3,14.548387096774194,1.9973968490855125
B11003609,4,14.64516129032258,1.9268625191055586
B11003609,5,15.548387096774194,2.0294399303259136
B11003609,6,27.35483870967742,3.126869888013583
B11003609,7,31.29032258064516,3.371546485278431
B11003609,8,28.806451612903224,2.361237439915497
B11003609,9,28.29032258064516,2.330631208798509
B11003609,10,33.58064516129032,2.296901047602309
B11003609,11,37.064516129032256,2.8390762226694357
B11003609,12,32.483870967741936,2.650270439541127
B11003609,13,30.032258064516128,3.1262042424737335
B11003609,14,32.96774193548387,2.901433138292756
B11003609,15,33.0,2.2718473369882592
B11003609,16,33.225806451612904,2.7790654894761095
B11003609,17,34.70967741935484,2.330631208798509
B11003609,18,31.70967741935484,2.2316426524423196
B11003609,19,28.548387096774192,2.1226688872725292
B11003609,20,30.387096774193548,1.772139573525209
B11003609,21,26.612903225806452,2.4974492710768916
B11003609,22,18.225806451612904,2.2819018301712766
B11003609,23,15.451612903225806,1.91494478447172
B11003609,24,14.483870967741936,1.811628526722448
B11003610,1,10.935483870967742,0.9135356295810512
B11003610,2,10.838709677419354,0.8834234798470418
B11003610,3,11.0,1.0472698761772856
B11003610,4,10.870967741935484,1.3378349260211435
B11003610,5,11.483870967741936,1.364786825890721
B11003610,6,24.741935483870968,2.6146947263431546
B11003610,7,26.193548387096776,2.7872909131907035
B11003610,8,27.096774193548388,2.0533974790760707
B11003610,9,28.129032258064516,2.2539132347823774
B11003610,10,36.32258064516129,2.4807269586748877
B11003610,11,33.25806451612903,2.735286054929042
B11003610,12,31.06451612903226,2.2566816041797035
B11003610,13,29.322580645161292,2.115794623458914
B11003610,14,33.225806451612904,2.660459303292292
B11003610,15,28.93548387096774,2.850415746370906
B11003610,16,27.70967741935484,1.8698550640244436
B11003610,17,28.129032258064516,2.239555478414166
B11003610,18,26.967741935483872,2.0554235254289024
B11003610,19,28.967741935483872,2.0077892025284436
B11003610,20,30.741935483870968,2.242805586550799
B11003610,21,18.35483870967742,2.0720628197099
B11003610,22,13.0,1.2951522516054665
B11003610,23,11.419354838709678,0.8715649087810513
B11003610,24,11.096774193548388,0.8559031717046193
B11003611,1,20.483870967741936,2.168260306684653
B11003611,2,20.258064516129032,2.285547043086239
B11003611,3,20.35483870967742,2.5721634811934937
B11003611,4,20.032258064516128,2.583868954129133
B11003611,5,21.387096774193548,2.4187095913749026
B11003611,6,29.161290322580644,3.2833575870966385
B11003611,7,37.193548387096776,3.166552565627878
B11003611,8,40.45161290322581,2.894251362084897
B11003611,9,41.74193548387097,2.9508636454269093
B11003611,10,49.70967741935484,4.502282921901394
B11003611,11,48.96774193548387,4.099440331335108
B11003611,12,47.38709677419355,4.569728017281234
B11003611,13,43.354838709677416,5.026050762209631
B11003611,14,49.67741935483871,5.082462552575775
B11003611,15,47.54838709677419,4.804827610464825
B11003611,16,42.67741935483871,5.050628174115946
B11003611,17,42.96774193548387,5.625310720982109
B11003611,18,39.645161290322584,4.177886385650619
B11003611,19,40.12903225806452,3.8833136455773385
B11003611,20,48.354838709677416,2.8573435339069095
B11003611,21,39.12903225806452,4.1716550091167
B11003611,22,27.225806451612904,2.523562221368767
B11003611,23,22.870967741935484,2.6849873608625563
B11003611,24,21.612903225806452,2.5612171924231233
B11003613,1,12.612903225806452,0.6563545144959937
B11003613,2,12.387096774193548,1.0057069205238642
B11003613,3,12.64516129032258,1.0015596578232273
B11003613,4,12.64516129032258,1.3807054554214642
B11003613,5,13.03225806451613,1.0920200567619844
B11003613,6,22.225806451612904,2.2390907921391325
B11003613,7,31.258064516129032,2.8507807864884778
B11003613,8,29.806451612903224,3.237077084981187
B11003613,9,31.451612903225808,2.7805628309045094
B11003613,10,40.29032258064516,2.80774905122438
B11003613,11,35.12903225806452,4.07780724982206
B11003613,12,34.03225806451613,3.938919705900558
B11003613,13,33.483870967741936,3.1404845295152897
B11003613,14,39.38709677419355,3.3377355599349263
B11003613,15,35.45161290322581,3.0462955787943318
B11003613,16,35.516129032258064,3.5091674202509453
B11003613,17,34.483870967741936,4.361643429110811
B11003613,18,33.61290322580645,3.2495897443775554
B11003613,19,31.903225806451612,1.729345181120027
B11003613,20,36.54838709677419,1.98118097197214
B11003613,21,26.129032258064516,2.3792372793013903
B11003613,22,17.032258064516128,1.1495825600777716
B11003613,23,13.935483870967742,1.41274118970698
B11003613,24,12.709677419354838,0.9900651131111489
B11003614,1,16.483870967741936,3.2015214905289047
B11003614,2,16.451612903225808,3.0143603577351397
B11003614,3,16.225806451612904,2.6483065486159734
B11003614,4,17.0,3.8937501618081054
B11003614,5,18.967741935483872,4.1851031587682215
B11003614,6,29.483870967741936,4.31704026255396
B11003614,7,35.83870967741935,3.7682611219838167
B11003614,8,34.38709677419355,3.414177455890683
B11003614,9,42.0,3.311758133602735
B11003614,10,41.96774193548387,5.121012191831473
B11003614,11,36.87096774193548,4.1014705111457435
B11003614,12,40.61290322580645,3.57118774273498
B11003614,13,37.806451612903224,2.8671594894566415
B11003614,14,43.806451612903224,3.217084984274706
B11003614,15,36.935483870967744,3.884921088341832
B11003614,16,38.16129032258065,4.2128587657585825
B11003614,17,41.193548387096776,3.9383913110083957
B11003614,18,36.29032258064516,2.425583380271931
B11003614,19,40.064516129032256,3.1819600762987608
B11003614,20,48.67741935483871,3.325241652864942
B11003614,21,29.419354838709676,5.7292356836886
B11003614,22,18.967741935483872,2.8902937786583376
B11003614,23,17.032258064516128,2.9455693460029733
B11003614,24,16.06451612903226,2.827691225911113
B11003615,1,20.258064516129032,1.3904685201453104
B11003615,2,19.774193548387096,1.4747263807306403
B11003615,3,19.64516129032258,1.4038745256121898
B11003615,4,20.0,1.6655910507645917
B11003615,5,20.419354838709676,2.5874909200200618
B11003615,6,28.806451612903224,5.005927807649709
B11003615,7,45.96774193548387,4.185103158768221
B11003615,8,44.38709677419355,3.414177455890683
B11003615,9,43.83870967741935,2.963180224816752
B11003615,10,48.61290322580645,3.6954847720308868
B11003615,11,47.354838709677416,3.659264751609608
B11003615,12,46.83870967741935,3.1222073890484805
B11003615,13,44.12903225806452,2.3927570207293805
B11003615,14,49.0,2.770815647934505
B11003615,15,40.38709677419355,2.2241695710887996
B11003615,16,42.58064516129032,3.045612323076689
B11003615,17,47.96774193548387,3.8393873080407817
B11003615,18,47.45161290322581,3.3872503805415195
B11003615,19,42.29032258064516,2.112841663717783
B11003615,20,50.54838709677419,2.029439930325913
B11003615,21,37.064516129032256,1.8127769442873698
B11003615,22,27.387096774193548,1.9947903011277814
B11003615,23,22.225806451612904,1.5178439169056248
B11003615,24,20.70967741935484,1.3245461398482457
B11004471,1,3.4754098360655736,1.685099183509359
B11004471,2,2.081967213114754,0.3286875025534987
B11004471,3,2.3278688524590163,0.8631112512188973
B11004471,4,2.540983606557377,0.9156878717225535
B11004471,5,2.262295081967213,0.5697753179338612
B11004471,6,2.1147540983606556,0.5754075008125983
B11004471,7,2.180327868852459,0.6896945563266437
B11004471,8,2.6885245901639343,2.0608846071892093
B11004471,9,2.5245901639344264,2.0614061520810685
B11004471,10,15.344262295081966,2.7274274548308743
B11004471,11,23.950819672131146,2.1149447111960837
B11004471,12,24.65573770491803,2.5918234982257933
B11004471,13,25.737704918032787,3.2131983930231627
B11004471,14,25.868852459016395,3.5365789241056644
B11004471,15,24.18032786885246,2.6271482807834294
B11004471,16,22.016393442622952,2.682620466356428
B11004471,17,21.491803278688526,3.0708729512326296
B11004471,18,23.18032786885246,3.2968350283229864
B11004471,19,24.524590163934427,2.5837230563731866
B11004471,20,24.83606557377049,2.2988259859617184
B11004471,21,24.147540983606557,2.6847234224176093
B11004471,22,23.75409836065574,2.52629280460272
B11004471,23,22.065573770491802,2.5470577848396005
B11004471,24,9.131147540983607,3.2161243850633126
B11004472,1,1.9508196721311475,0.7772635797462097
B11004472,2,1.8524590163934427,0.7647150026026623
B11004472,3,1.6557377049180328,0.6985992050053283
B11004472,4,1.6065573770491803,0.7305665559067933
B11004472,5,1.6557377049180328,0.6747251025330058
B11004472,6,1.5573770491803278,0.7360637482178246
B11004472,7,1.721311475409836,0.8323608049040068
B11004472,8,3.4754098360655736,1.4554201396346251
B11004472,9,5.278688524590164,0.5471580087960207
B11004472,10,5.508196721311475,0.7382511638818166
B11004472,11,7.770491803278689,0.9302466202695808
B11004472,12,10.311475409836065,3.1023047149622958
B11004472,13,11.229508196721312,3.3210379703870423
B11004472,14,11.262295081967213,3.515313755295896
B11004472,15,11.163934426229508,3.680610818288193
B11004472,16,10.360655737704919,3.0192431300252696
B11004472,17,9.852459016393443,2.5144569897372233
B11004472,18,9.655737704918034,2.2315564361948366
B11004472,19,10.950819672131148,2.183591788459876
B11004472,20,11.524590163934427,2.1163420140797164
B11004472,21,11.426229508196721,2.099641002830867
B11004472,22,10.98360655737705,2.060493361887689
B11004472,23,9.40983606557377,2.1376948606823656
B11004472,24,3.377049180327869,1.611067606789631
B11004473,1,2.7049180327868854,0.7540983606557375
B11004473,2,2.2131147540983607,0.5158076302476154
B11004473,3,2.0491803278688523,0.584673918036951
B11004473,4,1.9508196721311475,0.584673918036951
B11004473,5,1.9508196721311475,0.6877435069968207
B11004473,6,2.081967213114754,0.6349153026569536
B11004473,7,2.1475409836065573,1.1428475447825166
B11004473,8,2.4754098360655736,2.085127329343554
B11004473,9,2.737704918032787,1.0065627169186067
B11004473,10,7.245901639344262,2.0378044896079124
B11004473,11,9.770491803278688,2.819100208867668
B11004473,12,13.19672131147541,4.052199047314188
B11004473,13,14.278688524590164,4.552539005300925
B11004473,14,14.524590163934427,5.052532419334669
B11004473,15,14.180327868852459,4.671181957075594
B11004473,16,13.262295081967213,4.15637625643514
B11004473,17,12.295081967213115,3.764999563690924
B11004473,18,12.114754098360656,3.284830313035062
B11004473,19,13.327868852459016,2.83838623901271
B11004473,20,13.19672131147541,2.867681259759984
B11004473,21,12.967213114754099,2.925115736058353
B11004473,22,12.704918032786885,2.8990912216269016
B11004473,23,10.39344262295082,2.8184328195263557
B11004473,24,4.360655737704918,1.6299732159646554
B11004474,1,2.0655737704918034,0.9029796297652728
B11004474,2,1.6557377049180328,0.7216839574772177
B11004474,3,1.7049180327868851,0.685786906995144
B11004474,4,1.639344262295082,0.7472964800027201
B11004474,5,1.5573770491803278,0.7134444310488178
B11004474,6,1.6065573770491803,0.945718367334817
B11004474,7,1.639344262295082,1.6097325598590462
B11004474,8,1.819672131147541,1.6447452014667554
B11004474,9,2.6885245901639343,2.1919448928587943
B11004474,10,10.032786885245901,2.4358471318340293
B11004474,11,11.59016393442623,1.441504782752827
B11004474,12,15.672131147540984,3.257884818558975
B11004474,13,16.229508196721312,3.9687031479013792
B11004474,14,17.16393442622951,3.790325596416174
B11004474,15,16.295081967213115,3.7693512173633748
B11004474,16,15.655737704918034,3.2987093646129084
B11004474,17,14.442622950819672,2.8774111210380173
B11004474,18,15.049180327868852,2.5183017274410706
B11004474,19,15.688524590163935,2.831560906536907
B11004474,20,15.754098360655737,2.6775064109146625
B11004474,21,15.131147540983607,2.5445242386706552
B11004474,22,14.491803278688524,2.4064323012121323
B11004474,23,13.885245901639344,1.7471134099998307
B11004474,24,5.836065573770492,2.6499633642308447
B11004475,1,2.1475409836065573,1.303665268988265
B11004475,2,1.6229508196721312,1.0269153943190703
B11004475,3,1.3770491803278688,0.977852019147983
B11004475,4,1.3442622950819672,1.2788986796617763
B11004475,5,1.4426229508196722,0.9148069789051612
B11004475,6,1.5245901639344261,1.362333549791261
B11004475,7,1.5573770491803278,1.465724127688991
B11004475,8,1.540983606557377,1.2489178330977644
B11004475,9,1.7540983606557377,1.4446706778274285
B11004475,10,6.868852459016393,2.4858643635503053
B11004475,11,15.311475409836065,3.1023047149622958
B11004475,12,14.918032786885245,4.185435645175856
B11004475,13,15.540983606557377,4.843700558260379
B11004475,14,15.229508196721312,5.18001659160249
B11004475,15,14.262295081967213,5.030730609991324
B11004475,16,13.245901639344263,4.84736107928305
B11004475,17,12.475409836065573,4.190569261290612
B11004475,18,12.032786885245901,3.0134518800323704
B11004475,19,13.704918032786885,2.69391702316675
B11004475,20,14.80327868852459,2.4947135722520546
B11004475,21,14.229508196721312,2.4252324047698868
B11004475,22,13.229508196721312,1.885174624454433
B11004475,23,11.524590163934427,1.8783194212986891
B11004475,24,4.770491803278689,1.9618780114726877
B11004696,1,80.65573770491804,5.799619111014157
B11004696,2,79.45901639344262,6.213612160547074
B11004696,3,78.27868852459017,6.384230437572899
B11004696,4,74.80327868852459,6.588165425703204
B11004696,5,74.31147540983606,6.123164786570233
B11004696,6,72.04918032786885,4.900405568723232
B11004696,7,75.81967213114754,6.574935508556897
B11004696,8,97.9672131147541,8.75900887632646
B11004696,9,119.90163934426229,10.467286929916755
B11004696,10,150.672131147541,17.132771120804783
B11004696,11,177.0983606557377,13.274781858024038
B11004696,12,178.01639344262296,13.474312906572242
B11004696,13,175.9672131147541,12.541037179784855
B11004696,14,170.60655737704917,13.126470176551203
B11004696,15,174.36065573770492,13.350302737262757
B11004696,16,176.72131147540983,12.839655717182216
B11004696,17,174.72131147540983,11.705583853956174
B11004696,18,176.59016393442624,12.196985718974307
B11004696,19,169.2622950819672,11.176529329239596
B11004696,20,160.2622950819672,10.658486404622225
B11004696,21,155.40983606557376,10.656141228172835
B11004696,22,152.54098360655738,9.956584065111533
B11004696,23,99.60655737704919,7.790870421130044
B11004696,24,78.42622950819673,5.678429176677217
B11004697,1,83.40983606557377,8.627780234591294
B11004697,2,77.54098360655738,7.953911854340385
B11004697,3,75.78688524590164,6.900023174345404
B11004697,4,83.8688524590164,8.451356297856199
B11004697,5,79.54098360655738,8.005272382484186
B11004697,6,81.9672131147541,6.994065899535198
B11004697,7,82.65573770491804,9.640905416125433
B11004697,8,110.22950819672131,10.882974284005554
B11004697,9,150.0327868852459,11.919081289707176
B11004697,10,185.39344262295083,12.271890696347539
B11004697,11,198.01639344262296,12.63678186268968
B11004697,12,204.44262295081967,14.41484274908279
B11004697,13,199.68852459016392,14.117238600095213
B11004697,14,201.08196721311475,15.328421134961301
B11004697,15,199.0,15.640426810661918
B11004697,16,211.55737704918033,16.657125281041914
B11004697,17,201.9672131147541,17.60119892816056
B11004697,18,194.7704918032787,15.373378568505641
B11004697,19,184.9344262295082,12.794554236604354
B11004697,20,180.70491803278688,11.580572004184468
B11004697,21,169.91803278688525,9.967644511803133
B11004697,22,126.37704918032787,25.611961815018674
B11004697,23,94.65573770491804,8.354610479194715
B11004697,24,77.80327868852459,8.483000691124067
B11004698,1,46.90163934426229,5.000671817268736
B11004698,2,46.377049180327866,5.251585036065199
B11004698,3,43.91803278688525,5.1160149769939745
B11004698,4,45.049180327868854,4.3018342618773895
B11004698,5,42.01639344262295,5.289927959095097
B11004698,6,40.704918032786885,4.6565457622474105
B11004698,7,44.80327868852459,6.360275466070626
B11004698,8,70.21311475409836,8.055371396223379
B11004698,9,96.49180327868852,10.490624933829459
B11004698,10,115.73770491803279,18.348986338504684
B11004698,11,126.32786885245902,8.779113274382537
B11004698,12,124.06557377049181,8.127808674613059
B11004698,13,126.18032786885246,9.470416745588599
B11004698,14,127.1311475409836,9.383409513230559
B11004698,15,130.86885245901638,11.18030383152072
B11004698,16,127.44262295081967,9.835573758196105
B11004698,17,124.47540983606558,10.977781670529108
B11004698,18,119.37704918032787,9.035746740669293
B11004698,19,124.39344262295081,8.282469514770417
B11004698,20,122.85245901639344,7.8695013393662725
B11004698,21,125.8688524590164,7.826971882349145
B11004698,22,113.72131147540983,7.457268755813061
B11004698,23,54.721311475409834,6.4531886832535434
B11004698,24,46.295081967213115,5.341898300445055
B11004699,1,86.32786885245902,9.413491036326375
B11004699,2,84.73770491803279,9.329842195253706
B11004699,3,82.75409836065573,10.434268475234669
B11004699,4,90.72131147540983,9.302090629708514
B11004699,5,94.42622950819673,7.963974245525381
B11004699,6,85.14754098360656,9.728841801864052
B11004699,7,90.08196721311475,9.386588063526322
B11004699,8,118.8688524590164,9.721491165784618
B11004699,9,169.7377049180328,15.040820564623093
B11004699,10,198.45901639344262,15.045911999110496
B11004699,11,217.50819672131146,19.38363595019844
B11004699,12,218.0,19.504518181903308
B11004699,13,212.18032786885246,20.00123618861669
B11004699,14,216.29508196721312,20.5947186149592
B11004699,15,228.04918032786884,21.095742892360928
B11004699,16,220.327868852459,18.471707485379454
B11004699,17,228.13114754098362,19.469585705289383
B11004699,18,215.19672131147541,19.58656253335823
B11004699,19,202.9016393442623,16.505046340122757
B11004699,20,193.01639344262296,14.928783731907144
B11004699,21,187.7704918032787,15.548331250528536
B11004699,22,172.65573770491804,14.057126126900716
B11004699,23,103.67213114754098,8.540590280739151
B11004699,24,91.93442622950819,8.06097429830914
B11004700,1,100.11475409836065,11.551876379634265
B11004700,2,85.31147540983606,16.52076783791581
B11004700,3,71.55737704918033,13.486513713207072
B11004700,4,69.50819672131148,8.728365198779663
B11004700,5,74.9672131147541,9.415660503919728
B11004700,6,98.75409836065573,7.336537213522954
B11004700,7,91.09836065573771,5.107708472215359
B11004700,8,109.95081967213115,7.9865177982179665
B11004700,9,145.72131147540983,8.417645688419652
B11004700,10,198.24590163934425,8.389407329161427
B11004700,11,192.63934426229508,10.49751381477155
B11004700,12,198.0983606557377,9.539744159254262
B11004700,13,186.39344262295083,11.956586343969848
B11004700,14,182.672131147541,11.355249109704994
B11004700,15,193.04918032786884,12.265406811279044
B11004700,16,190.19672131147541,11.571332116706339
B11004700,17,185.55737704918033,11.950066314602932
B11004700,18,183.70491803278688,10.938493111514878
B11004700,19,183.63934426229508,10.199699106595745
B11004700,20,173.59016393442624,9.206870294995104
B11004700,21,163.88524590163934,8.417581835416026
B11004700,22,156.01639344262296,6.713069717017005
B11004700,23,116.04918032786885,12.049659854403615
B11004700,24,101.31147540983606,9.63521713811244
B11004701,1,89.09836065573771,12.869719089541073
B11004701,2,69.9672131147541,8.212280314929316
B11004701,3,66.60655737704919,4.698373239661456
B11004701,4,70.73770491803279,4.096786582965881
B11004701,5,70.11475409836065,3.7024509412440927
B11004701,6,74.78688524590164,4.004566058226577
B11004701,7,75.19672131147541,6.0076990825602286
B11004701,8,98.0,3.661944301265896
B11004701,9,108.40983606557377,8.530325939192664
B11004701,10,133.1639344262295,7.154455972189301
B11004701,11,130.0655737704918,6.132067959316226
B11004701,12,134.8360655737705,6.296447939230323
B11004701,13,129.19672131147541,6.525661004471772
B11004701,14,125.68852459016394,6.160532720222847
B11004701,15,131.75409836065575,6.123472008015398
B11004701,16,135.7704918032787,6.433502074178371
B11004701,17,133.08196721311475,5.723964812894371
B11004701,18,136.9344262295082,6.530806825005738
B11004701,19,129.72131147540983,6.578980805867022
B11004701,20,125.98360655737704,6.356851997696087
B11004701,21,122.9672131147541,6.27502782467805
B11004701,22,125.78688524590164,6.000313527596241
B11004701,23,115.65573770491804,6.885206869522464
B11004701,24,104.60655737704919,6.905162451109755
B11004702,1,94.95081967213115,12.580789713684148
B11004702,2,93.8688524590164,12.915203151853303
B11004702,3,88.54098360655738,13.552053586433583
B11004702,4,81.26229508196721,12.373824354613582
B11004702,5,73.57377049180327,9.82879512718848
B11004702,6,72.93442622950819,10.191396005437129
B11004702,7,79.27868852459017,8.770537766081494
B11004702,8,98.09836065573771,5.565422871514787
B11004702,9,120.14754098360656,9.411949268626854
B11004702,10,149.95081967213116,21.235159700950188
B11004702,11,188.78688524590163,17.52573260702847
B11004702,12,194.49180327868854,19.419124383713935
B11004702,13,179.88524590163934,19.028967013352826
B11004702,14,178.40983606557376,18.461636828823035
B11004702,15,186.08196721311475,18.90987692478194
B11004702,16,182.62295081967213,17.400926990971552
B11004702,17,187.54098360655738,18.320081045790204
B11004702,18,189.14754098360655,19.172073325349626
B11004702,19,175.68852459016392,16.72589136893639
B11004702,20,171.0983606557377,15.98534668963924
B11004702,21,164.63934426229508,16.31054449934428
B11004702,22,155.65573770491804,16.296318850045516
B11004702,23,120.32786885245902,17.6493359476394
B11004702,24,95.24590163934427,13.128189839019756
B11004703,1,106.09836065573771,10.061621480693216
B11004703,2,97.42622950819673,16.529614770826214
B11004703,3,81.01639344262296,16.391212963126918
B11004703,4,75.54098360655738,7.990924710009645
B11004703,5,80.0327868852459,7.911326624187761
B11004703,6,74.1639344262295,7.769592532871182
B11004703,7,77.45901639344262,7.759866845426386
B11004703,8,110.67213114754098,9.795819301420327
B11004703,9,118.80327868852459,11.055478090411947
B11004703,10,124.08196721311475,11.875439708121132
B11004703,11,164.19672131147541,13.068319435059696
B11004703,12,160.70491803278688,14.104230573670035
B11004703,13,155.01639344262296,12.473567861260273
B11004703,14,157.52459016393442,14.162530288627687
B11004703,15,161.7704918032787,14.54376486606687
B11004703,16,163.39344262295083,15.349778327576079
B11004703,17,167.08196721311475,15.22217437987701
B11004703,18,161.95081967213116,13.359378396146143
B11004703,19,159.59016393442624,11.982743123342448
B11004703,20,157.85245901639345,12.112635410024904
B11004703,21,151.13114754098362,12.321479858209582
B11004703,22,151.27868852459017,12.076438444059034
B11004703,23,124.18032786885246,10.24696387936256
B11004703,24,108.26229508196721,7.238108709008068
B11004704,1,52.90163934426229,5.0722805619795555
B11004704,2,45.31147540983606,5.493784815012108
B11004704,3,42.34426229508197,5.15301995141935
B11004704,4,43.721311475409834,4.574093648610811
B11004704,5,47.01639344262295,5.418522583947019
B11004704,6,44.19672131147541,5.562814690692873
B11004704,7,68.1311475409836,7.808098800596147
B11004704,8,94.42622950819673,8.235188425673233
B11004704,9,111.1639344262295,10.772126033164882
B11004704,10,130.65573770491804,12.272700941122036
B11004704,11,134.54098360655738,8.735782398531075
B11004704,12,131.45901639344262,10.50304213618537
B11004704,13,128.80327868852459,9.598189160036434
B11004704,14,130.72131147540983,9.688815839843015
B11004704,15,135.19672131147541,9.377020520419345
B11004704,16,135.01639344262296,8.215323154552564
B11004704,17,139.24590163934425,11.339262614741001
B11004704,18,133.65573770491804,10.48321882414022
B11004704,19,139.14754098360655,8.755019292137362
B11004704,20,134.49180327868854,9.57219838877609
B11004704,21,128.80327868852459,7.863215193839463
B11004704,22,128.9344262295082,8.311297569798487
B11004704,23,130.65573770491804,8.095506233528756
B11004704,24,78.72131147540983,9.514667103126149
B11004705,1,75.90163934426229,5.036603454882141
B11004705,2,77.70491803278688,4.856444973451941
B11004705,3,75.36065573770492,5.118378287242898
B11004705,4,73.34426229508196,5.069630716662945
B11004705,5,78.75409836065573,4.772378647754
B11004705,6,71.81967213114754,4.960526798840039
B11004705,7,81.49180327868852,6.922576396205442
B11004705,8,104.14754098360656,7.231162221108892
B11004705,9,115.0,9.066240748594502
B11004705,10,152.9016393442623,24.36586225057898
B11004705,11,168.29508196721312,13.339629437052272
B11004705,12,170.672131147541,12.303166740788845
B11004705,13,168.52459016393442,13.232605727528917
B11004705,14,169.55737704918033,12.883493811550505
B11004705,15,171.39344262295083,13.273020445810541
B11004705,16,170.5737704918033,10.251683614457312
B11004705,17,180.0,13.092357926117577
B11004705,18,167.37704918032787,12.856284977543506
B11004705,19,162.01639344262296,9.388677874900464
B11004705,20,160.13114754098362,9.90193789583563
B11004705,21,153.04918032786884,9.21051827364352
B11004705,22,147.9344262295082,8.734459459396248
B11004705,23,97.55737704918033,7.5867109661607275
B11004705,24,76.75409836065573,4.737903450375417
B11004706,1,62.0,4.494076246735853
B11004706,2,59.80327868852459,5.401334601717409
B11004706,3,63.40983606557377,5.148219648276091
B11004706,4,59.9344262295082,5.774076755266201
B11004706,5,54.09836065573771,5.488303264433048
B11004706,6,55.26229508196721,5.300484479385382
B11004706,7,55.77049180327869,5.514194626695757
B11004706,8,76.80327868852459,5.615609603365843
B11004706,9,102.63934426229508,8.200425392574973
B11004706,10,121.60655737704919,19.36049610572577
B11004706,11,137.18032786885246,10.113305951544787
B11004706,12,139.7704918032787,11.305581738533146
B11004706,13,132.7377049180328,11.62797875017692
B11004706,14,132.62295081967213,12.058822951051003
B11004706,15,136.75409836065575,12.321719777912786
B11004706,16,139.8360655737705,9.883220301940238
B11004706,17,146.65573770491804,12.960071399699142
B11004706,18,134.45901639344262,10.860627899747806
B11004706,19,130.2622950819672,8.966059205884067
B11004706,20,129.52459016393442,8.840307385385419
B11004706,21,129.50819672131146,8.189603466890645
B11004706,22,89.22950819672131,22.347768027785307
B11004706,23,60.295081967213115,5.4362000418417935
B11004706,24,59.60655737704918,5.135152681895643
B11004707,1,59.295081967213115,4.71253738444999
B11004707,2,67.80327868852459,4.382602236680356
B11004707,3,66.11475409836065,4.777331584753138
B11004707,4,58.68852459016394,4.685313585763104
B11004707,5,57.0,4.319228832201187
B11004707,6,58.08196721311475,5.258233456294255
B11004707,7,60.73770491803279,4.981610903273674
B11004707,8,94.63934426229508,5.414106610483413
B11004707,9,128.86885245901638,11.977404149420671
B11004707,10,160.68852459016392,10.737617319127102
B11004707,11,155.0,8.99726734470701
B11004707,12,157.13114754098362,10.482577911313431
B11004707,13,153.27868852459017,9.57478099315684
B11004707,14,156.14754098360655,17.529213149065463
B11004707,15,161.01639344262296,10.079181275751775
B11004707,16,161.39344262295083,12.075281198266138
B11004707,17,155.95081967213116,11.257676768027384
B11004707,18,152.672131147541,11.40854053319505
B11004707,19,147.72131147540983,8.349204629913162
B11004707,20,153.0,7.923817592922091
B11004707,21,153.2622950819672,6.970433199944882
B11004707,22,139.49180327868854,6.747490002834381
B11004707,23,70.72131147540983,5.917828432964194
B11004707,24,60.81967213114754,5.158180504985281
B11004708,1,51.68852459016394,5.336361453356654
B11004708,2,48.75409836065574,5.145922268196944
B11004708,3,49.442622950819676,4.205868617188015
B11004708,4,51.65573770491803,3.7235856414969093
B11004708,5,48.967213114754095,4.838260130018811
B11004708,6,46.47540983606557,5.661508104062227
B11004708,7,57.01639344262295,8.499743107552323
B11004708,8,67.72131147540983,8.36489767027252
B11004708,9,85.8360655737705,4.892886532370324
B11004708,10,88.1639344262295,6.3843567216907955
B11004708,11,100.36065573770492,6.193684744766159
B11004708,12,98.93442622950819,5.711274017265817
B11004708,13,100.8688524590164,6.524796108455818
B11004708,14,97.55737704918033,6.65920930215931
B11004708,15,101.77049180327869,7.763710120818316
B11004708,16,98.95081967213115,5.7357842218490935
B11004708,17,102.06557377049181,7.2629056472791405
B11004708,18,96.45901639344262,6.104483089223566
B11004708,19,100.70491803278688,6.683339359428143
B11004708,20,96.85245901639344,6.206385039998228
B11004708,21,91.11475409836065,5.282505493020777
B11004708,22,73.06557377049181,4.837926843824456
B11004708,23,54.59016393442623,4.832869185410406
B11004708,24,50.950819672131146,4.635664415597751
B11004709,1,45.19672131147541,6.0863180937843
B11004709,2,42.032786885245905,5.4711380214416145
B11004709,3,42.90163934426229,5.716541766799818
B11004709,4,40.19672131147541,5.349489548595215
B11004709,5,40.31147540983606,5.487813574017053
B11004709,6,38.34426229508197,4.644352275866768
B11004709,7,44.65573770491803,6.032385945336752
B11004709,8,76.09836065573771,7.515459298013087
B11004709,9,102.01639344262296,9.29743804528208
B11004709,10,108.91803278688525,9.547628805216702
B11004709,11,109.0,11.52189647413375
B11004709,12,103.81967213114754,11.019369231183687
B11004709,13,104.72131147540983,10.977071704150658
B11004709,14,107.55737704918033,10.603934608705522
B11004709,15,114.42622950819673,9.358889902633809
B11004709,16,109.55737704918033,10.1747430630369
B11004709,17,106.70491803278688,9.261845339436523
B11004709,18,103.0,9.273618495495704
B11004709,19,103.04918032786885,8.30450446505418
B11004709,20,102.88524590163935,7.758862432793082
B11004709,21,96.0327868852459,6.8543804663538275
B11004709,22,90.18032786885246,6.377491661499999
B11004709,23,89.98360655737704,6.362007630544351
B11004709,24,86.0,6.93293399438447
B11004710,1,52.34426229508197,4.341508561196096
B11004710,2,47.885245901639344,4.855614835562606
B11004710,3,46.114754098360656,5.134576971595352
B11004710,4,54.40983606557377,4.038247668905485
B11004710,5,50.377049180327866,4.24327407778718
B11004710,6,46.049180327868854,5.129235489347977
B11004710,7,51.34426229508197,4.486355437493685
B11004710,8,64.67213114754098,3.961790088345393
B11004710,9,78.1639344262295,7.7738112851637595
B11004710,10,95.1639344262295,12.942724176557816
B11004710,11,100.85245901639344,6.360317719597188
B11004710,12,102.45901639344262,6.943740595583021
B11004710,13,95.72131147540983,8.779878537456613
B11004710,14,89.29508196721312,8.19304835740178
B11004710,15,103.59016393442623,9.034318991781099
B11004710,16,102.65573770491804,7.800557453601569
B11004710,17,104.57377049180327,6.959976955853699
B11004710,18,95.55737704918033,6.229292489794302
B11004710,19,97.55737704918033,6.120443009155933
B11004710,20,96.55737704918033,6.28431456195277
B11004710,21,89.85245901639344,6.051245815569839
B11004710,22,71.36065573770492,7.531426588320034
B11004710,23,56.18032786885246,7.155207198707557
B11004710,24,52.24590163934426,5.899863120682055
B11004711,1,53.26229508196721,3.8449525753082123
B11004711,2,53.622950819672134,3.378640401817632
B11004711,3,52.59016393442623,3.184887723168759
B11004711,4,48.78688524590164,3.51164224856597
B11004711,5,48.0655737704918,3.5476561297636664
B11004711,6,49.19672131147541,3.4059719593541105
B11004711,7,49.131147540983605,3.8260342428436247
B11004711,8,64.70491803278688,3.205242950281703
B11004711,9,87.72131147540983,5.32895323138863
B11004711,10,105.44262295081967,5.646773604149757
B11004711,11,103.34426229508196,6.124086404669437
B11004711,12,102.68852459016394,6.499788101480649
B11004711,13,102.01639344262296,6.773845079176103
B11004711,14,99.27868852459017,6.03577082298303
B11004711,15,110.1639344262295,7.529570836329694
B11004711,16,108.37704918032787,7.41545557984118
B11004711,17,104.39344262295081,7.225362180551954
B11004711,18,103.47540983606558,7.757823248395511
B11004711,19,101.36065573770492,5.906464329993322
B11004711,20,102.81967213114754,4.632416770801571
B11004711,21,106.08196721311475,4.041972744967012
B11004711,22,94.52459016393442,5.202794196870103
B11004711,23,85.36065573770492,5.878643723600237
B11004711,24,58.01639344262295,3.3313798808866983
B11004712,1,52.80327868852459,6.290298729206793
B11004712,2,57.950819672131146,6.1894310485849005
B11004712,3,49.98360655737705,5.424570099393655
B11004712,4,52.63934426229508,5.359327052462273
B11004712,5,54.557377049180324,4.816381167054629
B11004712,6,45.81967213114754,4.706145952748129
B11004712,7,47.50819672131148,4.615096222358598
B11004712,8,66.06557377049181,7.007885143107308
B11004712,9,84.34426229508196,5.165729586487226
B11004712,10,120.0,6.998828941857134
B11004712,11,123.68852459016394,6.9105312448075145
B11004712,12,120.59016393442623,7.451211914146514
B11004712,13,112.88524590163935,8.124236883519114
B11004712,14,108.26229508196721,7.430335780741404
B11004712,15,112.39344262295081,7.011182376196018
B11004712,16,108.52459016393442,5.117012952235501
B11004712,17,118.73770491803279,7.7011850042901635
B11004712,18,108.31147540983606,6.351819111080474
B11004712,19,103.78688524590164,5.8844467241301945
B11004712,20,103.95081967213115,5.469516805188184
B11004712,21,103.0,5.717387916711961
B11004712,22,58.81967213114754,8.82899135898842
B11004712,23,48.60655737704918,7.060113519090581
B11004712,24,46.032786885245905,6.437511007445001
B11004713,1,45.377049180327866,9.46808952014691
B11004713,2,43.950819672131146,8.82883916307698
B11004713,3,49.49180327868852,8.159522146928627
B11004713,4,49.36065573770492,8.751642069593018
B11004713,5,46.50819672131148,9.17341660222744
B11004713,6,46.52459016393443,8.55954372419819
B11004713,7,51.18032786885246,6.9742105651647845
B11004713,8,83.06557377049181,5.312740185379368
B11004713,9,102.06557377049181,7.815220233220447
B11004713,10,124.26229508196721,9.669796884204915
B11004713,11,124.67213114754098,10.608875516307336
B11004713,12,124.0,15.61105115079657
B11004713,13,119.14754098360656,14.782395450829808
B11004713,14,116.81967213114754,14.143883804416308
B11004713,15,121.26229508196721,14.728027968718447
B11004713,16,122.09836065573771,14.625045795677536
B11004713,17,120.0,13.69216600235571
B11004713,18,117.93442622950819,9.897621592856416
B11004713,19,118.57377049180327,9.554775677241615
B11004713,20,112.63934426229508,9.337098202798158
B11004713,21,110.75409836065573,13.701329046106055
B11004713,22,110.90163934426229,14.861883160725029
B11004713,23,77.8360655737705,21.852846404889686
B11004713,24,50.21311475409836,8.452596369179954
B11004716,1,91.45901639344262,8.937989964543966
B11004716,2,89.29508196721312,8.69396674597773
B11004716,3,89.63934426229508,8.99914893405044
B11004716,4,89.65573770491804,8.609726192599226
B11004716,5,82.77049180327869,8.520743142036132
B11004716,6,85.18032786885246,8.626129190461665
B11004716,7,93.0,9.502372438881414
B11004716,8,123.77049180327869,13.129110994116642
B11004716,9,164.34426229508196,12.630804454867588
B11004716,10,210.49180327868854,15.247276511248854
B11004716,11,214.47540983606558,18.128508983002117
B11004716,12,210.75409836065575,19.333700923521118
B11004716,13,211.45901639344262,19.830076321118145
B11004716,14,214.27868852459017,19.4170207128179
B11004716,15,217.0655737704918,20.878154598165178
B11004716,16,220.672131147541,20.137821289252777
B11004716,17,210.65573770491804,20.100473239597903
B11004716,18,209.86885245901638,17.090382119140337
B11004716,19,206.36065573770492,14.455168440802591
B11004716,20,197.7704918032787,13.20878178151082
B11004716,21,185.36065573770492,13.172291816580575
B11004716,22,117.55737704918033,9.788793509214024
B11004716,23,96.54098360655738,9.196531367665344
B11004716,24,91.54098360655738,8.804942297856568
B11004717,1,21.83606557377049,0.8527742166321279
B11004717,2,17.934426229508198,1.6182246136725333
B11004717,3,13.80327868852459,1.3887094153801554
B11004717,4,13.491803278688524,1.2883201773369508
B11004717,5,13.573770491803279,1.2474106478522493
B11004717,6,13.540983606557377,1.153380924546745
B11004717,7,13.80327868852459,0.9550499451560334
B11004717,8,15.098360655737705,1.4452286452809304
B11004717,9,19.918032786885245,2.8185281705360596
B11004717,10,31.229508196721312,5.249179303918558
B11004717,11,35.442622950819676,6.023246197813375
B11004717,12,35.442622950819676,5.801426026400848
B11004717,13,34.50819672131148,5.418919349106461
B11004717,14,35.540983606557376,6.099109772427833
B11004717,15,35.91803278688525,6.090290800258384
B11004717,16,35.42622950819672,6.042090118204653
B11004717,17,34.52459016393443,5.647011562422443
B11004717,18,31.442622950819672,4.593382946219572
B11004717,19,29.262295081967213,3.5385541149461095
B11004717,20,27.24590163934426,2.6029978788962347
B11004717,21,26.34426229508197,2.18703516580031
B11004717,22,25.295081967213115,1.9698070330313415
B11004717,23,24.147540983606557,1.6677860614242463
B11004717,24,22.983606557377048,1.3966212540163188
B11004719,1,60.60655737704918,7.786660911350077
B11004719,2,61.90163934426229,7.846279097330537
B11004719,3,69.81967213114754,7.689695461196408
B11004719,4,62.114754098360656,11.64938380225835
B11004719,5,58.721311475409834,8.933508751207507
B11004719,6,54.540983606557376,7.582494443343681
B11004719,7,64.06557377049181,6.523271965034405
B11004719,8,92.63934426229508,9.372147062099199
B11004719,9,130.78688524590163,11.996057759685751
B11004719,10,139.40983606557376,12.460267409151045
B11004719,11,156.21311475409837,17.013123915973637
B11004719,12,156.4262295081967,17.14017332237619
B11004719,13,156.68852459016392,18.137490367731672
B11004719,14,159.68852459016392,18.499925550232614
B11004719,15,174.44262295081967,18.569783838501014
B11004719,16,159.4262295081967,17.928326351988115
B11004719,17,155.98360655737704,18.545019925627585
B11004719,18,149.327868852459,17.3448355912565
B11004719,19,149.39344262295083,15.225387220599668
B11004719,20,145.19672131147541,13.229152695977179
B11004719,21,145.19672131147541,10.10732516727778
B11004719,22,124.42622950819673,9.286794813849346
B11004719,23,77.8688524590164,9.753478420855838
B11004719,24,62.967213114754095,7.60924203613068
B11004720,1,53.295081967213115,5.871141599536326
B11004720,2,47.59016393442623,5.357320865728635
B11004720,3,47.114754098360656,5.786072482746648
B11004720,4,44.557377049180324,5.54423224197146
B11004720,5,42.80327868852459,6.832467504571188
B11004720,6,53.32786885245902,14.240005193721895
B11004720,7,69.14754098360656,14.875258438943826
B11004720,8,96.77049180327869,19.456039934222584
B11004720,9,123.81967213114754,20.807870670967635
B11004720,10,144.68852459016392,12.362742790278203
B11004720,11,144.80327868852459,13.985730048442466
B11004720,12,147.36065573770492,13.960169084989031
B11004720,13,151.29508196721312,14.398706980079824
B11004720,14,139.24590163934425,14.8541055071167
B11004720,15,147.55737704918033,16.722934668885156
B11004720,16,145.86885245901638,16.702287474471007
B11004720,17,144.327868852459,16.516977169036483
B11004720,18,144.54098360655738,14.706498809344101
B11004720,19,144.4262295081967,12.406316498545412
B11004720,20,125.88524590163935,10.227090929191869
B11004720,21,128.29508196721312,10.609838091957089
B11004720,22,122.19672131147541,9.221890692191387
B11004720,23,119.90163934426229,8.766001608361492
B11004720,24,67.19672131147541,7.5895088765944845
B11004721,1,71.08196721311475,3.8721158784279943
B11004721,2,71.11475409836065,6.29363029710052
B11004721,3,65.81967213114754,7.264348597654145
B11004721,4,67.68852459016394,7.631988296908573
B11004721,5,63.34426229508197,8.496643977596152
B11004721,6,63.459016393442624,6.962602138619932
B11004721,7,68.19672131147541,8.805400116826872
B11004721,8,104.73770491803279,9.562394993477694
B11004721,9,120.40983606557377,10.235548867982763
B11004721,10,139.29508196721312,11.586233015311088
B11004721,11,173.27868852459017,13.922656553012683
B11004721,12,174.4262295081967,12.653592785195654
B11004721,13,166.88524590163934,12.458584979588602
B11004721,14,166.0655737704918,12.809920403201621
B11004721,15,169.0983606557377,17.73826549824759
B11004721,16,173.45901639344262,13.445181683708405
B11004721,17,172.78688524590163,16.718611160941744
B11004721,18,168.4262295081967,16.232389212740166
B11004721,19,163.21311475409837,13.007078468983993
B11004721,20,163.95081967213116,11.227054895350765
B11004721,21,154.0655737704918,9.662957583522312
B11004721,22,134.88524590163934,23.121275675748485
B11004721,23,88.80327868852459,9.01695974376582
B11004721,24,73.80327868852459,6.419283633315765
B11004722,1,88.85245901639344,9.011533712686077
B11004722,2,83.8688524590164,10.370948404764977
B11004722,3,76.65573770491804,10.189813695270196
B11004722,4,77.77049180327869,8.50726486573884
B11004722,5,68.67213114754098,7.705057550184344
B11004722,6,72.14754098360656,6.908858807271441
B11004722,7,72.1639344262295,7.9448515711436265
B11004722,8,107.91803278688525,10.953396182616205
B11004722,9,145.86885245901638,15.434128045316173
B11004722,10,166.24590163934425,16.46422424302923
B11004722,11,201.1639344262295,18.57918836381167
B11004722,12,206.59016393442624,17.783190671668816
B11004722,13,190.0983606557377,14.712217425488433
B11004722,14,183.81967213114754,14.595651942623425
B11004722,15,182.95081967213116,14.567453313789924
B11004722,16,190.44262295081967,17.322897374515552
B11004722,17,189.0327868852459,21.687774914865305
B11004722,18,180.52459016393442,27.958169313984264
B11004722,19,178.36065573770492,21.654540119031143
B11004722,20,180.72131147540983,16.852427122506022
B11004722,21,171.9016393442623,15.3577074343933
B11004722,22,119.57377049180327,13.343456696188724
B11004722,23,103.9672131147541,10.241297326110361
B11004722,24,99.32786885245902,9.900689347543977
B11004724,1,70.19672131147541,3.4490182596094776
B11004724,2,68.04918032786885,4.392341432830993
B11004724,3,62.26229508196721,4.27689806140861
B11004724,4,54.557377049180324,4.459377998838228
B11004724,5,53.032786885245905,4.551948648168794
B11004724,6,51.98360655737705,4.657065153635163
B11004724,7,70.67213114754098,3.779675202783703
B11004724,8,82.62295081967213,6.46596114956974
B11004724,9,110.8360655737705,6.516512010468894
B11004724,10,135.72131147540983,7.339833266389157
B11004724,11,146.39344262295083,9.064936390008736
B11004724,12,150.14754098360655,9.822750550607903
B11004724,13,148.72131147540983,8.723683887848884
B11004724,14,151.7377049180328,10.948316195629538
B11004724,15,153.60655737704917,11.160936984763216
B11004724,16,148.01639344262296,11.099389738472759
B11004724,17,143.8360655737705,10.005212293843666
B11004724,18,139.11475409836066,8.323575761902006
B11004724,19,137.08196721311475,6.790289793104185
B11004724,20,131.45901639344262,7.014209863992145
B11004724,21,129.62295081967213,6.162190196186315
B11004724,22,85.80327868852459,18.954492241562356
B11004724,23,60.50819672131148,5.16172213865785
B11004724,24,64.27868852459017,4.606236497779382
B11004725,1,64.31147540983606,4.396500037218717
B11004725,2,67.44262295081967,3.931898094855171
B11004725,3,72.67213114754098,4.0558450494030875
B11004725,4,63.31147540983606,3.8434145662527546
B11004725,5,61.31147540983606,3.466660809399747
B11004725,6,60.68852459016394,4.107334437785844
B11004725,7,65.8360655737705,4.281796496986016
B11004725,8,90.63934426229508,4.955648497323479
B11004725,9,106.36065573770492,6.246396434942876
B11004725,10,113.91803278688525,5.669287641280936
B11004725,11,158.24590163934425,10.925463921132344
B11004725,12,155.47540983606558,10.665720418478498
B11004725,13,150.91803278688525,10.532222348843685
B11004725,14,154.52459016393442,11.406938580655813
B11004725,15,169.78688524590163,9.422878948355226
B11004725,16,163.49180327868854,10.24394735460524
B11004725,17,159.36065573770492,10.120637553437078
B11004725,18,156.21311475409837,11.846165256398942
B11004725,19,154.81967213114754,10.777189324149761
B11004725,20,153.34426229508196,11.32802305890152
B11004725,21,155.88524590163934,10.254304750841907
B11004725,22,148.88524590163934,11.305153852471754
B11004725,23,110.57377049180327,5.478599247783852
B11004725,24,70.1639344262295,4.9428880118144916
B11004726,1,71.1639344262295,7.977797731920619
B11004726,2,69.01639344262296,7.116113793169278
B11004726,3,67.40983606557377,7.302317281387022
B11004726,4,65.47540983606558,6.96267933489393
B11004726,5,69.60655737704919,6.661065460298376
B11004726,6,68.37704918032787,8.144522315745698
B11004726,7,73.63934426229508,10.01152252040445
B11004726,8,94.78688524590164,8.916947860718144
B11004726,9,111.70491803278688,11.468194452906474
B11004726,10,147.0,20.03603311413763
B11004726,11,185.65573770491804,14.09904687617029
B11004726,12,189.44262295081967,15.53159085321283
B11004726,13,189.59016393442624,15.817998722331563
B11004726,14,190.0983606557377,15.78929385980383
B11004726,15,196.672131147541,15.812136147800233
B11004726,16,188.34426229508196,15.272266996418372
B11004726,17,196.0983606557377,14.872909598847874
B11004726,18,196.88524590163934,16.22697446689827
B11004726,19,195.14754098360655,13.45647027692976
B11004726,20,190.39344262295083,13.38984039685557
B11004726,21,189.672131147541,12.935807859055688
B11004726,22,184.327868852459,13.02673330901158
B11004726,23,110.55737704918033,9.572029933851818
B11004726,24,78.68852459016394,7.931140086334843
B11004727,1,65.93442622950819,5.266251513045714
B11004727,2,61.57377049180328,4.785425333181695
B11004727,3,58.63934426229508,5.219863659061258
B11004727,4,63.78688524590164,5.06390231854343
B11004727,5,63.98360655737705,5.463715793435124
B11004727,6,60.14754098360656,4.8917329577857736
B11004727,7,61.59016393442623,7.4622043268560025
B11004727,8,96.81967213114754,10.848446586268699
B11004727,9,120.34426229508196,11.133887492035278
B11004727,10,147.9016393442623,23.95467367248348
B11004727,11,159.4262295081967,11.46120901183203
B11004727,12,161.2622950819672,12.63082573179699
B11004727,13,151.08196721311475,13.503241968914583
B11004727,14,154.4262295081967,11.178813416009275
B11004727,15,163.68852459016392,11.65000666095153
B11004727,16,162.70491803278688,10.429064466624947
B11004727,17,166.65573770491804,12.376452053775264
B11004727,18,159.29508196721312,11.761766710015225
B11004727,19,154.672131147541,9.128807423010242
B11004727,20,151.8360655737705,9.939456606628168
B11004727,21,148.70491803278688,10.628363324637265
B11004727,22,105.31147540983606,21.454137881755944
B11004727,23,73.27868852459017,6.493707288260383
B11004727,24,69.11475409836065,5.633908932310246
B11004729,1,65.44262295081967,4.702718398250502
B11004729,2,59.34426229508197,3.9458849530046907
B11004729,3,59.67213114754098,4.02337967171883
B11004729,4,61.967213114754095,4.10903527872361
B11004729,5,60.032786885245905,4.865290964340865
B11004729,6,67.85245901639344,4.27664670834434
B11004729,7,69.95081967213115,5.186445858158842
B11004729,8,95.73770491803279,5.3220901827126745
B11004729,9,127.72131147540983,7.718683204483768
B11004729,10,171.72131147540983,9.131338844863025
B11004729,11,169.2622950819672,11.040761495690862
B11004729,12,172.55737704918033,11.190635121904583
B11004729,13,164.18032786885246,10.005749489334704
B11004729,14,165.65573770491804,9.688399766192658
B11004729,15,165.4262295081967,9.75176993837183
B11004729,16,165.27868852459017,11.837881882345343
B11004729,17,161.0983606557377,11.275542832387691
B11004729,18,158.95081967213116,9.003507931125652
B11004729,19,152.91803278688525,7.738121689248207
B11004729,20,146.9672131147541,6.665219765945651
B11004729,21,129.29508196721312,6.255081245413524
B11004729,22,110.18032786885246,4.775306004172467
B11004729,23,67.37704918032787,4.882769754247187
B11004729,24,76.72131147540983,3.5396172227108034
B11004730,1,97.06557377049181,14.607284116527321
B11004730,2,84.34426229508196,19.94655584379323
B11004730,3,69.70491803278688,13.659014032408916
B11004730,4,68.24590163934427,6.080486762506247
B11004730,5,67.27868852459017,5.961986541911503
B11004730,6,62.98360655737705,6.006804347417495
B11004730,7,70.90163934426229,7.162527528131316
B11004730,8,99.40983606557377,8.774734686905612
B11004730,9,127.52459016393442,10.126424704260176
B11004730,10,143.70491803278688,13.947611890653462
B11004730,11,151.81967213114754,7.978471435674822
B11004730,12,151.34426229508196,8.837114813460513
B11004730,13,145.55737704918033,9.878814208664384
B11004730,14,153.2622950819672,10.73969447216957
B11004730,15,156.52459016393442,11.45569735464475
B11004730,16,161.29508196721312,10.752573862355586
B11004730,17,160.01639344262296,11.870188313556834
B11004730,18,148.44262295081967,11.396756211155981
B11004730,19,147.9016393442623,10.994342685356056
B11004730,20,148.21311475409837,9.998548671892763
B11004730,21,141.54098360655738,9.810622831604197
B11004730,22,139.37704918032787,9.224280032194132
B11004730,23,113.1639344262295,6.448230988491804
B11004730,24,103.44262295081967,5.727485043490528
B11004732,1,53.39344262295082,3.295693606066639
B11004732,2,54.721311475409834,3.3687627126971234
B11004732,3,51.868852459016395,3.726182988898459
B11004732,4,50.60655737704918,4.025650089134735
B11004732,5,50.868852459016395,3.843134862113948
B11004732,6,51.98360655737705,4.768378778271684
B11004732,7,58.40983606557377,6.07434014275187
B11004732,8,81.81967213114754,11.363600498343148
B11004732,9,112.04918032786885,7.81638931675543
B11004732,10,123.59016393442623,8.296507361495859
B11004732,11,152.36065573770492,8.986388225560916
B11004732,12,156.98360655737704,10.234130943713382
B11004732,13,149.91803278688525,10.558649755279447
B11004732,14,152.60655737704917,10.677506138077144
B11004732,15,153.91803278688525,11.138906974613306
B11004732,16,154.21311475409837,9.174295441922718
B11004732,17,162.85245901639345,10.43926394235515
B11004732,18,158.85245901639345,10.993047080640235
B11004732,19,148.0,6.925836636447188
B11004732,20,147.11475409836066,7.375409653875723
B11004732,21,142.65573770491804,7.091637295981702
B11004732,22,135.04918032786884,6.338604670130736
B11004732,23,64.67213114754098,5.5329751030523395
B11004732,24,54.32786885245902,3.80991506929739
B11004733,1,67.39344262295081,6.591794920922127
B11004733,2,64.06557377049181,6.316434075084278
B11004733,3,66.27868852459017,6.343012542640747
B11004733,4,61.08196721311475,6.710146664657941
B11004733,5,62.50819672131148,6.557745891265951
B11004733,6,63.50819672131148,6.3649216723952655
B11004733,7,69.93442622950819,9.148804190352442
B11004733,8,85.18032786885246,6.981258744882173
B11004733,9,116.31147540983606,8.115035597038291
B11004733,10,155.63934426229508,20.37841415577852
B11004733,11,186.54098360655738,25.576996433778177
B11004733,12,201.37704918032787,34.19958965070005
B11004733,13,203.40983606557376,33.86103570946092
B11004733,14,199.80327868852459,32.895671982068414
B11004733,15,211.31147540983608,33.372483503632374
B11004733,16,214.81967213114754,35.00094059472478
B11004733,17,208.37704918032787,30.411475365651267
B11004733,18,206.50819672131146,26.7309748191302
B11004733,19,212.11475409836066,25.256129501539796
B11004733,20,208.14754098360655,23.34336432238645
B11004733,21,189.0327868852459,13.920108362488941
B11004733,22,103.50819672131148,39.5020742144003
B11004733,23,64.77049180327869,6.599536602268899
B11004733,24,66.18032786885246,6.47696598856997
B11004735,1,87.91803278688525,11.545057961880802
B11004735,2,85.18032786885246,11.065391619630129
B11004735,3,83.24590163934427,10.893908265714403
B11004735,4,81.90163934426229,12.075859835025138
B11004735,5,80.57377049180327,12.349366501829408
B11004735,6,72.37704918032787,10.969651031444878
B11004735,7,67.55737704918033,7.9083367304029535
B11004735,8,101.34426229508196,7.334815352759067
B11004735,9,113.78688524590164,6.39957671268855
B11004735,10,155.1639344262295,9.169050450272072
B11004735,11,157.68852459016392,10.017265396298887
B11004735,12,156.81967213114754,10.694733186259903
B11004735,13,147.98360655737704,10.190789482244858
B11004735,14,146.08196721311475,10.018499416394755
B11004735,15,155.4262295081967,10.754273289261013
B11004735,16,152.80327868852459,10.047134282121865
B11004735,17,155.9016393442623,10.743972642008288
B11004735,18,153.672131147541,11.716208908854222
B11004735,19,143.13114754098362,10.022066489299327
B11004735,20,138.9016393442623,9.844204283144885
B11004735,21,133.47540983606558,9.498242386809876
B11004735,22,86.98360655737704,7.385168573674967
B11004735,23,75.78688524590164,5.172800091837127
B11004735,24,83.27868852459017,10.34508063583844
B11004736,1,62.34426229508197,4.62312521470849
B11004736,2,57.81967213114754,4.7958595418299135
B11004736,3,62.36065573770492,5.005023007710651
B11004736,4,55.65573770491803,5.056679549106195
B11004736,5,58.295081967213115,5.1544800259137356
B11004736,6,54.80327868852459,4.700260446676865
B11004736,7,68.11475409836065,6.581390457142659
B11004736,8,78.90163934426229,5.922186453879816
B11004736,9,116.06557377049181,8.638208778461864
B11004736,10,129.08196721311475,16.278614233895162
B11004736,11,146.5737704918033,12.499782314686088
B11004736,12,145.75409836065575,14.487593038731415
B11004736,13,145.18032786885246,12.710532868221591
B11004736,14,143.9016393442623,14.264141580111591
B11004736,15,152.08196721311475,14.9822792395563
B11004736,16,146.50819672131146,15.004505280594863
B11004736,17,146.65573770491804,13.417489499000602
B11004736,18,138.62295081967213,12.100892711177028
B11004736,19,136.40983606557376,8.572500924716955
B11004736,20,128.39344262295083,7.564539118992871
B11004736,21,125.65573770491804,6.894724155258347
B11004736,22,120.80327868852459,6.689408491900688
B11004736,23,70.27868852459017,7.673952424990388
B11004736,24,59.14754098360656,4.419910486348874
B11004741,1,96.08196721311475,8.294369178213541
B11004741,2,92.88524590163935,7.886694253678647
B11004741,3,88.88524590163935,7.890850399133139
B11004741,4,92.31147540983606,8.838331167316928
B11004741,5,83.62295081967213,10.572410638189348
B11004741,6,78.40983606557377,9.871929153869933
B11004741,7,93.75409836065573,9.688011414663643
B11004741,8,111.72131147540983,6.060165954393192
B11004741,9,146.7704918032787,7.3001087856770805
B11004741,10,179.52459016393442,10.323626503138163
B11004741,11,185.5737704918033,9.544475728447978
B11004741,12,187.72131147540983,10.516390248264978
B11004741,13,179.11475409836066,10.968058483922553
B11004741,14,180.55737704918033,11.268008668333424
B11004741,15,185.85245901639345,11.639159545982903
B11004741,16,182.5737704918033,10.702319369265346
B11004741,17,180.14754098360655,9.715352166737457
B11004741,18,179.55737704918033,9.56689063378575
B11004741,19,177.8360655737705,6.204652743532971
B11004741,20,173.95081967213116,7.30915937735301
B11004741,21,168.98360655737704,6.659128587895035
B11004741,22,162.63934426229508,6.892696983123195
B11004741,23,106.32786885245902,7.132749019344803
B11004741,24,99.81967213114754,7.309343216264903
B11004743,1,89.98360655737704,10.310732595934928
B11004743,2,88.95081967213115,11.20659382817888
B11004743,3,81.75409836065573,13.282128678033253
B11004743,4,71.18032786885246,15.956403921999788
B11004743,5,61.59016393442623,10.159993947946319
B11004743,6,58.52459016393443,7.4714902004647605
B11004743,7,62.0,7.114980732206668
B11004743,8,94.19672131147541,6.667316102023357
B11004743,9,116.90163934426229,8.584593363356806
B11004743,10,152.62295081967213,13.135066237486399
B11004743,11,168.65573770491804,10.320892777976136
B11004743,12,169.21311475409837,11.561829162247443
B11004743,13,170.0655737704918,11.123551815794103
B11004743,14,172.08196721311475,12.06851354065165
B11004743,15,178.2295081967213,13.44496181172655
B11004743,16,171.59016393442624,12.56768827182293
B11004743,17,171.72131147540983,13.72938830385626
B11004743,18,169.95081967213116,12.793987098849
B11004743,19,172.27868852459017,9.849908292060363
B11004743,20,173.88524590163934,10.53658475893187
B11004743,21,172.8360655737705,9.710869907292334
B11004743,22,162.47540983606558,10.442043888518153
B11004743,23,98.9672131147541,12.173563419624973
B11004743,24,90.98360655737704,11.468405356411736
B11004744,1,100.73770491803279,12.213807879990583
B11004744,2,93.50819672131148,11.8896882596694
B11004744,3,89.22950819672131,11.721345867197051
B11004744,4,84.39344262295081,13.138953084182438
B11004744,5,85.90163934426229,14.05225017630516
B11004744,6,85.52459016393442,15.144773006625035
B11004744,7,85.40983606557377,14.371393545239163
B11004744,8,106.65573770491804,11.50037097890815
B11004744,9,132.36065573770492,13.742399135385263
B11004744,10,148.24590163934425,15.184823892494206
B11004744,11,213.54098360655738,14.871662756090146
B11004744,12,224.68852459016392,19.359024653326003
B11004744,13,212.81967213114754,19.171792972858366
B11004744,14,205.9672131147541,19.313604491724966
B11004744,15,209.8360655737705,22.432543929372816
B11004744,16,211.49180327868854,21.399113625599092
B11004744,17,220.59016393442624,16.469919972712425
B11004744,18,222.27868852459017,14.524294116806766
B11004744,19,209.29508196721312,14.560607380475698
B11004744,20,189.60655737704917,17.54084571724568
B11004744,21,176.68852459016392,17.249890456869153
B11004744,22,166.1639344262295,18.42323935834077
B11004744,23,107.04918032786885,12.32141442475247
B11004744,24,105.9672131147541,11.546012317245808
B11004745,1,100.27868852459017,19.179164879971886
B11004745,2,82.45901639344262,9.55497256259077
B11004745,3,73.70491803278688,6.481611473110938
B11004745,4,68.62295081967213,6.488739134451188
B11004745,5,69.95081967213115,6.874581905637457
B11004745,6,79.73770491803279,8.411353839966749
B11004745,7,106.63934426229508,6.784825853703986
B11004745,8,118.04918032786885,6.766421989593344
B11004745,9,157.55737704918033,8.696192100830984
B11004745,10,180.52459016393442,11.08625874805183
B11004745,11,206.45901639344262,9.602891932056073
B11004745,12,207.0655737704918,10.212285838529816
B11004745,13,205.27868852459017,11.17393211612501
B11004745,14,202.9672131147541,12.166828342070163
B11004745,15,207.44262295081967,13.008855231403125
B11004745,16,201.88524590163934,10.251106874511022
B11004745,17,204.11475409836066,11.510648470795244
B11004745,18,204.65573770491804,10.130112950516281
B11004745,19,200.0983606557377,7.294068818944692
B11004745,20,196.7704918032787,8.610693775713612
B11004745,21,185.72131147540983,8.21061118218067
B11004745,22,166.27868852459017,8.100052919359584
B11004745,23,122.73770491803279,11.427464241680822
B11004745,24,111.72131147540983,11.223703178279912
B11004746,1,89.90163934426229,12.570724405007404
B11004746,2,72.0327868852459,12.77544675439001
B11004746,3,66.08196721311475,5.634481319219182
B11004746,4,67.88524590163935,6.355837282568143
B11004746,5,72.09836065573771,5.7537013547596905
B11004746,6,70.85245901639344,5.2286601912785775
B11004746,7,84.93442622950819,9.389336212259789
B11004746,8,122.37704918032787,7.391097734362114
B11004746,9,117.91803278688525,6.076817226598346
B11004746,10,151.52459016393442,9.508592416865241
B11004746,11,168.81967213114754,8.815984359126942
B11004746,12,167.80327868852459,9.60160449728756
B11004746,13,162.19672131147541,9.837732099257375
B11004746,14,165.78688524590163,9.949239618525201
B11004746,15,162.62295081967213,9.588524450025083
B11004746,16,163.7377049180328,11.019954537623432
B11004746,17,165.27868852459017,10.606418019202573
B11004746,18,159.18032786885246,10.515419118454782
B11004746,19,160.91803278688525,7.9965055523087925
B11004746,20,161.86885245901638,8.677227421955127
B11004746,21,163.9016393442623,8.85531222993292
B11004746,22,145.88524590163934,9.962385586739586
B11004746,23,126.67213114754098,11.592424478696238
B11004746,24,104.36065573770492,7.846964092669687
B11004747,1,217.19672131147541,39.80807219900282
B11004747,2,164.14754098360655,31.903972755125587
B11004747,3,141.91803278688525,31.871820680769428
B11004747,4,130.9672131147541,29.821307825613417
B11004747,5,123.22950819672131,26.612208120890777
B11004747,6,132.36065573770492,19.185917638611446
B11004747,7,170.13114754098362,16.181830946512523
B11004747,8,229.68852459016392,15.950272091421478
B11004747,9,288.78688524590166,17.930754561667666
B11004747,10,408.7704918032787,22.352168958183427
B11004747,11,474.0,22.55194368418
B11004747,12,475.9672131147541,20.226558756212498
B11004747,13,493.0983606557377,17.392013352688394
B11004747,14,478.672131147541,17.04066622213685
B11004747,15,463.8196721311475,16.750344451287095
B11004747,16,459.9016393442623,21.786373330279662
B11004747,17,460.327868852459,23.56763640296041
B11004747,18,462.3606557377049,21.229451231014146
B11004747,19,484.0655737704918,22.640359184762282
B11004747,20,489.7704918032787,25.206942475009885
B11004747,21,443.75409836065575,25.42340198418264
B11004747,22,371.26229508196724,22.73215505448446
B11004747,23,324.73770491803276,16.674218480807834
B11004747,24,236.54098360655738,35.34540282231711
B11004748,1,62.21311475409836,9.86983274909095
B11004748,2,64.72131147540983,9.841583151900407
B11004748,3,58.78688524590164,10.044352061287666
B11004748,4,59.459016393442624,9.189398329350457
B11004748,5,48.22950819672131,6.831444756641714
B11004748,6,45.49180327868852,5.249896020265145
B11004748,7,49.52459016393443,4.279599174493972
B11004748,8,75.0,4.483119522803034
B11004748,9,91.18032786885246,5.026187802592363
B11004748,10,146.62295081967213,14.499478718076107
B11004748,11,146.1639344262295,17.358496127227696
B11004748,12,146.49180327868854,18.57428413625719
B11004748,13,143.80327868852459,19.138682545516826
B11004748,14,137.9344262295082,17.739341156615353
B11004748,15,135.60655737704917,11.737956769896275
B11004748,16,132.4262295081967,10.023675279619766
B11004748,17,132.1639344262295,9.806622599823664
B11004748,18,135.52459016393442,8.29696084468668
B11004748,19,138.86885245901638,7.155132079604982
B11004748,20,135.88524590163934,5.450517679296094
B11004748,21,123.68852459016394,5.246516357426096
B11004748,22,120.78688524590164,5.115437112865719
B11004748,23,75.8360655737705,9.17798564968719
B11004748,24,62.22950819672131,10.16324693602983
B11004791,1,79.0,6.084109913752623
B11004791,2,68.75409836065573,5.866424994818683
B11004791,3,65.45901639344262,6.405872742249506
B11004791,4,62.50819672131148,6.9674252619581685
B11004791,5,61.49180327868852,6.913097454854598
B11004791,6,69.36065573770492,7.615843681421259
B11004791,7,71.73770491803279,7.8047939016576775
B11004791,8,88.19672131147541,6.171907992395464
B11004791,9,105.95081967213115,6.656504841520569
B11004791,10,114.21311475409836,10.819100829427708
B11004791,11,149.68852459016392,7.797731876214375
B11004791,12,149.1639344262295,9.126039716861465
B11004791,13,141.0655737704918,9.359607761956305
B11004791,14,139.65573770491804,9.056987603822336
B11004791,15,143.0983606557377,10.899999876722493
B11004791,16,136.9344262295082,9.927390247683618
B11004791,17,139.5737704918033,8.990813191751084
B11004791,18,149.5737704918033,8.371417053779462
B11004791,19,152.68852459016392,7.517282783434226
B11004791,20,154.2295081967213,8.090458745272063
B11004791,21,144.91803278688525,8.663651374938054
B11004791,22,143.45901639344262,8.923304854386709
B11004791,23,98.18032786885246,12.754309071545272
B11004791,24,73.1311475409836,9.104989462343116
B11004792,1,92.49180327868852,4.593733974682599
B11004792,2,90.04918032786885,5.730065171454964
B11004792,3,85.49180327868852,5.8073524647489165
B11004792,4,89.67213114754098,5.574300842656383
B11004792,5,97.01639344262296,5.561848387411073
B11004792,6,106.57377049180327,7.309232913472627
B11004792,7,112.49180327868852,8.227548587798156
B11004792,8,154.327868852459,7.608712244236026
B11004792,9,182.24590163934425,9.074655279917886
B11004792,10,172.63934426229508,7.798765742794924
B11004792,11,211.40983606557376,8.746665967492756
B11004792,12,213.34426229508196,10.170489689359368
B11004792,13,204.45901639344262,10.407396125567882
B11004792,14,207.81967213114754,10.809085730011189
B11004792,15,206.327868852459,9.679658088182236
B11004792,16,211.63934426229508,9.59000980680407
B11004792,17,216.37704918032787,8.911521248630587
B11004792,18,203.40983606557376,10.185777691773968
B11004792,19,188.68852459016392,8.750720782690328
B11004792,20,181.91803278688525,7.304377941596336
B11004792,21,172.7377049180328,6.311326376779933
B11004792,22,171.47540983606558,12.565378608945009
B11004792,23,125.8688524590164,6.656625960270937
B11004792,24,91.24590163934427,5.553482846649487
B11005124,1,139.44262295081967,13.2683829671423
B11005124,2,117.90163934426229,27.288203731398678
B11005124,3,71.59016393442623,46.9730920704785
B11005124,4,42.868852459016395,38.861872000772955
B11005124,5,24.524590163934427,23.809081169661084
B11005124,6,19.311475409836067,15.041517389018619
B11005124,7,17.42622950819672,9.023573891945006
B11005124,8,19.40983606557377,21.473107122196414
B11005124,9,32.73770491803279,32.05625262624309
B11005124,10,107.44262295081967,25.52242639048713
B11005124,11,140.9672131147541,20.59760229012404
B11005124,12,147.55737704918033,25.82445441009636
B11005124,13,158.0983606557377,28.225499991524806
B11005124,14,163.7377049180328,26.80708350194291
B11005124,15,167.50819672131146,25.967585690322686
B11005124,16,168.39344262295083,24.13981045501569
B11005124,17,168.59016393442624,22.380741903919244
B11005124,18,172.04918032786884,20.698005154142862
B11005124,19,168.60655737704917,21.752164910929707
B11005124,20,165.49180327868854,20.807173219924028
B11005124,21,163.11475409836066,20.063095850428137
B11005124,22,162.04918032786884,19.325873449188247
B11005124,23,158.47540983606558,17.404169989653507
B11005124,24,155.63934426229508,15.814532419125827
B11005125,1,174.68852459016392,12.925436839631262
B11005125,2,138.2295081967213,34.29256643753692
B11005125,3,85.50819672131148,54.156913171719545
B11005125,4,55.885245901639344,43.9470987351226
B11005125,5,29.131147540983605,27.57610952828438
B11005125,6,22.80327868852459,18.66162861844658
B11005125,7,20.114754098360656,9.338968877431311
B11005125,8,18.18032786885246,1.094070407440235
B11005125,9,63.704918032786885,54.09079927286053
B11005125,10,140.0327868852459,21.494160253895846
B11005125,11,164.9672131147541,15.964065398154359
B11005125,12,173.672131147541,19.511847020380586
B11005125,13,178.40983606557376,19.895116007621873
B11005125,14,183.78688524590163,19.323912608346898
B11005125,15,189.44262295081967,18.652582636776287
B11005125,16,194.36065573770492,19.204706379192356
B11005125,17,202.8360655737705,19.110704517187248
B11005125,18,201.85245901639345,18.374818893340812
B11005125,19,197.7377049180328,17.50868790371363
B11005125,20,195.44262295081967,16.620671101800532
B11005125,21,193.88524590163934,15.764764987257717
B11005125,22,191.9672131147541,15.061586371845076
B11005125,23,190.4262295081967,14.131071469119348
B11005125,24,186.98360655737704,13.511976233950467
B11005126,1,92.98360655737704,7.666173951738746
B11005126,2,72.62295081967213,26.82252780500079
B11005126,3,50.57377049180328,34.782442818271726
B11005126,4,34.77049180327869,30.672459715582498
B11005126,5,23.934426229508198,26.49891358890207
B11005126,6,12.59016393442623,16.6904086024695
B11005126,7,8.540983606557377,12.478931451853525
B11005126,8,7.852459016393443,11.88860325672706
B11005126,9,9.80327868852459,7.666875038551166
B11005126,10,62.42622950819672,9.203454476878871
B11005126,11,93.8688524590164,4.06292880646811
B11005126,12,95.55737704918033,4.940712732031368
B11005126,13,96.80327868852459,5.650532173199751
B11005126,14,97.65573770491804,5.719925615421531
B11005126,15,98.39344262295081,5.729643048203146
B11005126,16,99.08196721311475,5.912740015485909
B11005126,17,99.85245901639344,5.386187756048086
B11005126,18,101.70491803278688,5.015857680593609
B11005126,19,102.09836065573771,4.789691519663244
B11005126,20,102.14754098360656,4.682846498689399
B11005126,21,102.24590163934427,4.470873819695279
B11005126,22,101.77049180327869,4.15831555833846
B11005126,23,101.1311475409836,4.263745024502446
B11005126,24,99.93442622950819,3.9416600166910474
B11005127,1,114.09836065573771,20.15001518775231
B11005127,2,81.90163934426229,25.377610448319373
B11005127,3,55.39344262295082,29.30242461210927
B11005127,4,35.032786885245905,29.050530997722987
B11005127,5,22.21311475409836,25.565162485719856
B11005127,6,16.34426229508197,12.650257880999561
B11005127,7,15.819672131147541,12.431462196842267
B11005127,8,15.557377049180328,10.518562187731654
B11005127,9,20.40983606557377,3.9396140660626826
B11005127,10,89.54098360655738,8.948987982881865
B11005127,11,150.36065573770492,9.345872740141825
B11005127,12,158.31147540983608,11.59216946499373
B11005127,13,162.75409836065575,12.280406542243796
B11005127,14,166.88524590163934,12.207359189528068
B11005127,15,170.19672131147541,12.582605313023068
B11005127,16,171.9344262295082,13.44432216369718
B11005127,17,176.55737704918033,12.52476182184314
B11005127,18,180.31147540983608,10.853028562143693
B11005127,19,181.45901639344262,10.562187072468921
B11005127,20,179.9016393442623,10.00443330914553
B11005127,21,179.70491803278688,9.46147367008305
B11005127,22,178.672131147541,8.943761103211832
B11005127,23,177.49180327868854,8.788261453276
B11005127,24,173.21311475409837,8.319668093352812
B11005128,1,141.04918032786884,25.598684795562523
B11005128,2,75.85245901639344,33.666559789375555
B11005128,3,43.540983606557376,28.819149923465936
B11005128,4,29.59016393442623,25.80658007917673
B11005128,5,19.950819672131146,18.072192414657383
B11005128,6,15.901639344262295,15.458781702927947
B11005128,7,15.39344262295082,14.747357294266001
B11005128,8,13.639344262295081,11.958991112232964
B11005128,9,31.40983606557377,17.037448674909477
B11005128,10,153.62295081967213,16.33678734638056
B11005128,11,175.91803278688525,19.131379323472657
B11005128,12,184.24590163934425,20.092944473861202
B11005128,13,189.55737704918033,21.08726955730457
B11005128,14,192.31147540983608,21.448024085389033
B11005128,15,193.47540983606558,28.03604621067522
B11005128,16,197.37704918032787,25.90218924504463
B11005128,17,207.70491803278688,23.175272479551953
B11005128,18,205.50819672131146,22.87501532800323
B11005128,19,200.7377049180328,21.29488635556746
B11005128,20,197.19672131147541,20.33475557591408
B11005128,21,194.91803278688525,19.808339924292042
B11005128,22,191.85245901639345,18.812130778969234
B11005128,23,189.21311475409837,17.69978674882962
B11005128,24,186.81967213114754,17.420082810893973
B11005129,1,25.65573770491803,2.985677537416055
B11005129,2,24.721311475409838,2.6059902465815465
B11005129,3,12.508196721311476,3.232128420288271
B11005129,4,7.147540983606557,3.2885098801625787
B11005129,5,5.885245901639344,2.4899691265169923
B11005129,6,5.491803278688525,1.9385895736517353
B11005129,7,5.311475409836065,1.954741889854694
B11005129,8,5.295081967213115,1.9446796886999234
B11005129,9,5.344262295081967,1.9492347880822727
B11005129,10,12.426229508196721,3.92745283655852
B11005129,11,22.278688524590162,4.58840715796292
B11005129,12,22.508196721311474,4.57585592036328
B11005129,13,22.885245901639344,4.461486779515847
B11005129,14,22.885245901639344,4.223658427631534
B11005129,15,23.295081967213115,4.38082357065607
B11005129,16,23.19672131147541,4.12834929950533
B11005129,17,23.16393442622951,4.000738980381337
B11005129,18,23.868852459016395,2.8020800812093767
B11005129,19,25.459016393442624,3.000403090361241
B11005129,20,26.049180327868854,3.1851408570041713
B11005129,21,25.852459016393443,2.9299810639670674
B11005129,22,25.868852459016395,2.939138994231471
B11005129,23,26.0327868852459,3.062021260619159
B11005129,24,25.852459016393443,2.8041892874404453
B11005130,1,26.901639344262296,1.6860558109968635
B11005130,2,25.18032786885246,5.3424013656330995
B11005130,3,8.114754098360656,2.247755606688867
B11005130,4,4.114754098360656,2.2109886569522983
B11005130,5,4.229508196721311,2.3980418420374408
B11005130,6,4.409836065573771,2.6138160607347665
B11005130,7,4.262295081967213,2.560107831644586
B11005130,8,4.409836065573771,2.5438904578715835
B11005130,9,4.163934426229508,1.8920049896725915
B11005130,10,8.081967213114755,2.663013712265091
B11005130,11,16.75409836065574,2.273552414282353
B11005130,12,17.0,2.476115413502288
B11005130,13,17.295081967213115,2.818814204212747
B11005130,14,17.688524590163933,3.0864111665070784
B11005130,15,18.0327868852459,3.3435389767443016
B11005130,16,18.327868852459016,3.3813437598304885
B11005130,17,19.770491803278688,3.7521291993508616
B11005130,18,24.360655737704917,3.7853591417860404
B11005130,19,27.311475409836067,2.5320307641059436
B11005130,20,27.60655737704918,1.866694180828949
B11005130,21,27.295081967213115,2.7121116465671746
B11005130,22,27.16393442622951,2.729200494643509
B11005130,23,27.327868852459016,1.636883398867753
B11005130,24,27.098360655737704,1.7714023159659145
B11005131,1,82.06557377049181,11.524555184985276
B11005131,2,30.524590163934427,11.294284870396787
B11005131,3,16.24590163934426,11.522829424995335
B11005131,4,15.80327868852459,11.389986502577168
B11005131,5,15.475409836065573,11.346417875370456
B11005131,6,14.918032786885245,11.413674688747895
B11005131,7,14.081967213114755,9.183547444808907
B11005131,8,13.573770491803279,7.874963474062453
B11005131,9,22.0327868852459,9.354524132283125
B11005131,10,59.81967213114754,12.098649425670986
B11005131,11,70.80327868852459,10.919706463554851
B11005131,12,73.27868852459017,10.81457902978695
B11005131,13,76.06557377049181,11.068888392451969
B11005131,14,77.06557377049181,11.095515047936447
B11005131,15,76.9672131147541,11.557365422619428
B11005131,16,76.95081967213115,11.392298562680507
B11005131,17,76.95081967213115,11.09633853288256
B11005131,18,79.90163934426229,11.360998741066632
B11005131,19,88.52459016393442,11.08773736674898
B11005131,20,86.8688524590164,11.192027914863512
B11005131,21,86.1311475409836,11.46838192288046
B11005131,22,85.80327868852459,11.735918904324878
B11005131,23,85.32786885245902,11.899471418864541
B11005131,24,84.91803278688525,11.624303373405127
B11005132,1,21.704918032786885,4.553306355141633
B11005132,2,11.278688524590164,3.8416660812767494
B11005132,3,7.868852459016393,3.641632717214096
B11005132,4,7.229508196721311,3.6141499811156677
B11005132,5,6.950819672131147,3.6548922053947948
B11005132,6,6.426229508196721,1.911646928727393
B11005132,7,6.098360655737705,1.1832840939422022
B11005132,8,5.885245901639344,1.2426618792293265
B11005132,9,5.967213114754099,1.9160000437622273
B11005132,10,10.163934426229508,3.2652182306946558
B11005132,11,19.721311475409838,5.0151611043896756
B11005132,12,20.491803278688526,5.4940293995634875
B11005132,13,21.39344262295082,5.775240222168863
B11005132,14,21.327868852459016,5.804806689641939
B11005132,15,21.57377049180328,5.907647215216659
B11005132,16,21.16393442622951,5.677624554852497
B11005132,17,20.639344262295083,5.340942346045177
B11005132,18,21.18032786885246,4.98031599735254
B11005132,19,22.081967213114755,4.289885481169395
B11005132,20,21.852459016393443,4.226520739307421
B11005132,21,21.9672131147541,4.676299549769269
B11005132,22,21.852459016393443,4.647707228067247
B11005132,23,21.83606557377049,4.946203471611871
B11005132,24,21.704918032786885,4.653023914687998
B11005133,1,32.90163934426229,1.7339892225806361
B11005133,2,17.721311475409838,4.902763180556696
B11005133,3,10.819672131147541,3.3803103782282697
B11005133,4,9.852459016393443,2.654016847845585
B11005133,5,9.491803278688524,2.4669816350208675
B11005133,6,8.967213114754099,1.7364672363102114
B11005133,7,8.770491803278688,1.4530176922072353
B11005133,8,8.327868852459016,1.0972590511922302
B11005133,9,8.19672131147541,0.9887841868852604
B11005133,10,12.78688524590164,1.7284007020455343
B11005133,11,22.83606557377049,3.290225603251279
B11005133,12,23.278688524590162,3.7771146396877766
B11005133,13,24.0,4.508643793033445
B11005133,14,24.21311475409836,4.620392269552058
B11005133,15,24.75409836065574,4.843977967301485
B11005133,16,24.540983606557376,4.6889258111028305
B11005133,17,34.557377049180324,4.86716866618027
B11005133,18,34.459016393442624,3.2012997897718907
B11005133,19,34.24590163934426,2.0617972241721225
B11005133,20,34.032786885245905,1.546728044326698
B11005133,21,33.91803278688525,1.3705937682674412
B11005133,22,33.90163934426229,1.3514402521655704
B11005133,23,33.98360655737705,1.6545199222347717
B11005133,24,33.721311475409834,1.6998664126971437
B11005955,1,51.91803278688525,4.893270996798088
B11005955,2,47.34426229508197,5.241340229999492
B11005955,3,45.49180327868852,5.888646900770707
B11005955,4,54.60655737704918,5.493002071263454
B11005955,5,49.68852459016394,4.9738364109445685
B11005955,6,45.9344262295082,5.45884408727233
B11005955,7,51.278688524590166,5.313549483734749
B11005955,8,64.68852459016394,5.840898717078206
B11005955,9,77.90163934426229,9.07835638701189
B11005955,10,93.67213114754098,13.507400899683386
B11005955,11,101.24590163934427,8.205667249329492
B11005955,12,101.67213114754098,9.558656383177125
B11005955,13,94.21311475409836,9.881452661008378
B11005955,14,88.29508196721312,7.957560097052324
B11005955,15,103.0,10.738318090363876
B11005955,16,101.78688524590164,9.127718106914266
B11005955,17,103.50819672131148,9.083624160858207
B11005955,18,95.08196721311475,8.365218941148596
B11005955,19,97.21311475409836,7.928191562131171
B11005955,20,96.55737704918033,7.964109224708048
B11005955,21,88.8688524590164,7.27329589040479
B11005955,22,70.90163934426229,7.73263240235351
B11005955,23,55.98360655737705,7.982546130806186
B11005955,24,51.704918032786885,5.943295609188509
B11005956,1,32.34426229508197,4.941909254401812
B11005956,2,29.524590163934427,4.291075593609041
B11005956,3,30.21311475409836,4.22372205563114
B11005956,4,28.40983606557377,3.97688835105187
B11005956,5,28.59016393442623,3.9686354312584893
B11005956,6,27.131147540983605,3.79160163327383
B11005956,7,32.131147540983605,4.986787164511164
B11005956,8,54.09836065573771,6.297813614973361
B11005956,9,73.22950819672131,7.6958439766037285
B11005956,10,78.63934426229508,8.347047749197623
B11005956,11,79.60655737704919,9.732956837677074
B11005956,12,75.0327868852459,9.740850626192522
B11005956,13,75.31147540983606,8.965399762706236
B11005956,14,77.26229508196721,8.630676586407125
B11005956,15,82.04918032786885,8.025423188899415
B11005956,16,79.1311475409836,9.067100336889146
B11005956,17,76.36065573770492,7.938354264107081
B11005956,18,73.90163934426229,7.418861469880112
B11005956,19,75.24590163934427,7.38775179916481
B11005956,20,74.52459016393442,7.194274949232143
B11005956,21,68.62295081967213,5.984033220808958
B11005956,22,65.27868852459017,5.584319814286156
B11005956,23,64.8688524590164,6.069205824396417
B11005956,24,61.049180327868854,6.436133218287781
B11005967,1,33.16393442622951,2.174217989198079
B11005967,2,33.295081967213115,2.681718694646365
B11005967,3,32.65573770491803,3.727985637687979
B11005967,4,29.360655737704917,8.446616912996948
B11005967,5,25.37704918032787,8.541439841815418
B11005967,6,9.62295081967213,3.0684215754674926
B11005967,7,6.491803278688525,1.1253116263429845
B11005967,8,6.081967213114754,1.0757396535424864
B11005967,9,6.262295081967213,1.3416608174170574
B11005967,10,8.147540983606557,2.810029260531224
B11005967,11,20.721311475409838,3.289980554733425
B11005967,12,22.42622950819672,3.370357846416276
B11005967,13,23.016393442622952,3.7569249863950733
B11005967,14,23.295081967213115,3.968499994506253
B11005967,15,23.147540983606557,3.937362292460631
B11005967,16,22.81967213114754,3.6010389972499786
B11005967,17,28.704918032786885,3.3892030220140126
B11005967,18,32.24590163934426,3.0817056045229454
B11005967,19,32.57377049180328,2.145976153698829
B11005967,20,32.81967213114754,2.5957607098871462
B11005967,21,33.34426229508197,1.8632357356521283
B11005967,22,33.459016393442624,1.9800130028700653
B11005967,23,33.42622950819672,2.0681742672669063
B11005967,24,33.459016393442624,2.2070956399000212
B11005968,1,32.0,6.337502222976298
B11005968,2,13.180327868852459,4.943975292796345
B11005968,3,5.704918032786885,3.5544673451918887
B11005968,4,5.409836065573771,3.4469137974750494
B11005968,5,5.409836065573771,3.442154534877533
B11005968,6,5.377049180327869,3.4076285414155425
B11005968,7,5.19672131147541,3.182017465671881
B11005968,8,5.163934426229508,3.199284386525214
B11005968,9,5.672131147540983,3.4342599435467167
B11005968,10,18.327868852459016,5.580179536084074
B11005968,11,27.442622950819672,5.724622086929563
B11005968,12,27.62295081967213,5.46573209718854
B11005968,13,27.78688524590164,5.380946208761578
B11005968,14,28.016393442622952,5.424570099393655
B11005968,15,27.65573770491803,6.005148735962944
B11005968,16,28.147540983606557,5.636055083483309
B11005968,17,28.540983606557376,5.696054920334684
B11005968,18,34.52459016393443,6.1420521944951965
B11005968,19,37.40983606557377,6.263024590587668
B11005968,20,37.49180327868852,6.38292535538747
B11005968,21,37.60655737704918,6.486502223784933
B11005968,22,37.31147540983606,6.555040567346571
B11005968,23,36.52459016393443,6.434045096783533
B11005968,24,35.91803278688525,6.425602177476233
B11005969,1,34.0,6.925836636447188
B11005969,2,18.16393442622951,6.758553361236683
B11005969,3,6.819672131147541,6.351734490675991
B11005969,4,5.950819672131147,5.92971464082212
B11005969,5,5.295081967213115,4.736825603350841
B11005969,6,5.131147540983607,4.324825059803436
B11005969,7,5.639344262295082,5.118378287242897
B11005969,8,6.229508196721311,5.406108999292179
B11005969,9,10.065573770491802,7.694726430141741
B11005969,10,18.0,7.269969670940411
B11005969,11,24.278688524590162,6.493707288260383
B11005969,12,24.950819672131146,6.597133579008776
B11005969,13,26.721311475409838,7.457268755813062
B11005969,14,28.295081967213115,8.516799718925986
B11005969,15,30.098360655737704,9.425645028208748
B11005969,16,31.491803278688526,8.46908157062059
B11005969,17,32.83606557377049,7.6140085043225945
B11005969,18,39.59016393442623,7.118152848395818
B11005969,19,37.98360655737705,6.8340799883982815
B11005969,20,37.032786885245905,6.699564980041258
B11005969,21,36.32786885245902,6.706300711174676
B11005969,22,35.868852459016395,6.756843306606639
B11005969,23,35.0655737704918,6.858927059569328
B11005969,24,34.81967213114754,6.73018207124994
B11005970,1,35.622950819672134,2.1589610010694202
B11005970,2,17.540983606557376,6.993143645665488
B11005970,3,3.8688524590163933,4.042704053006957
B11005970,4,2.459016393442623,0.8603043779279954
B11005970,5,2.360655737704918,0.5131959292622468
B11005970,6,2.3934426229508197,0.5209917567892034
B11005970,7,2.2950819672131146,0.49070916547854976
B11005970,8,2.2131147540983607,0.44775410766385776
B11005970,9,2.2459016393442623,0.5010067799979057
B11005970,10,8.049180327868852,3.4943806388899694
B11005970,11,24.901639344262296,2.820910898301637
B11005970,12,25.65573770491803,2.666644271159205
B11005970,13,25.9672131147541,2.7037752180963452
B11005970,14,26.19672131147541,2.647731303112203
B11005970,15,26.901639344262296,2.533091922848354
B11005970,16,26.59016393442623,2.356553813254611
B11005970,17,26.83606557377049,2.151479307084973
B11005970,18,27.311475409836067,2.028816853036719
B11005970,19,32.278688524590166,2.4234587635016416
B11005970,20,36.08196721311475,1.748958303238246
B11005970,21,35.868852459016395,3.2110230729399887
B11005970,22,36.18032786885246,1.9544669033034492
B11005970,23,36.08196721311475,1.9358150057869523
B11005970,24,35.721311475409834,2.1888776039966578
B11005971,1,35.78688524590164,3.3638129911293393
B11005971,2,19.24590163934426,7.816870653272786
B11005971,3,7.508196721311475,4.934398997800791
B11005971,4,5.377049180327869,1.0427569766419182
B11005971,5,5.327868852459017,1.0822155701048528
B11005971,6,5.327868852459017,0.9871520798245641
B11005971,7,5.360655737704918,1.056328111054886
B11005971,8,5.295081967213115,0.9468543657831902
B11005971,9,5.311475409836065,0.9673520322578316
B11005971,10,13.704918032786885,3.3600559240812506
B11005971,11,24.524590163934427,4.091600982809322
B11005971,12,25.147540983606557,3.9498332215206937
B11005971,13,25.934426229508198,4.555194665574593
B11005971,14,25.868852459016395,4.282926109588966
B11005971,15,26.557377049180328,5.48178680383978
B11005971,16,27.0327868852459,4.855172037318467
B11005971,17,29.147540983606557,4.064383749686265
B11005971,18,32.0,4.725237438738821
B11005971,19,34.91803278688525,3.9724257855718133
B11005971,20,36.114754098360656,3.930120594886632
B11005971,21,36.16393442622951,4.577852341576108
B11005971,22,36.59016393442623,3.7081083029275526
B11005971,23,36.57377049180328,3.503904222404631
B11005971,24,36.32786885245902,3.2528489983015105
B11005972,1,27.524590163934427,1.0017453191771928
B11005972,2,10.639344262295081,3.4405145768641385
B11005972,3,6.80327868852459,1.8888774715847967
B11005972,4,6.39344262295082,2.299527310832653
B11005972,5,6.278688524590164,2.276977775084546
B11005972,6,6.049180327868853,1.683343954490942
B11005972,7,6.016393442622951,1.5836438918994522
B11005972,8,6.147540983606557,1.46920370507594
B11005972,9,6.491803278688525,1.3504455951881293
B11005972,10,11.737704918032787,1.2267729136963743
B11005972,11,18.016393442622952,2.4191300650094054
B11005972,12,18.770491803278688,3.010328899970631
B11005972,13,19.229508196721312,3.3991003757887044
B11005972,14,19.311475409836067,3.476105714433886
B11005972,15,19.24590163934426,3.2119435804658325
B11005972,16,19.049180327868854,3.159301798297808
B11005972,17,18.59016393442623,2.853683550990032
B11005972,18,19.508196721311474,3.2117762350841854
B11005972,19,25.42622950819672,3.6144474053009326
B11005972,20,28.40983606557377,1.5615991087357193
B11005972,21,28.557377049180328,1.4768663120728143
B11005972,22,28.39344262295082,1.2450385276096738
B11005972,23,28.21311475409836,1.1750794057349132
B11005972,24,28.147540983606557,1.113789360751674
B11005973,1,59.39344262295082,3.5170716606830754
B11005973,2,45.721311475409834,9.543912569407333
B11005973,3,33.78688524590164,10.819100829427708
B11005973,4,24.0,9.132898557718342
B11005973,5,20.75409836065574,8.314821326717924
B11005973,6,20.049180327868854,7.889453905987091
B11005973,7,19.34426229508197,7.361586709536265
B11005973,8,18.688524590163933,6.8485752583342085
B11005973,9,19.081967213114755,7.094895606776477
B11005973,10,34.78688524590164,4.746404175098121
B11005973,11,48.40983606557377,5.2272208369308
B11005973,12,48.950819672131146,3.51309601212843
B11005973,13,49.557377049180324,3.7307960305768986
B11005973,14,49.63934426229508,4.032786885245902
B11005973,15,49.47540983606557,5.85509882146182
B11005973,16,53.032786885245905,3.639344262295082
B11005973,17,57.0655737704918,3.515160852411793
B11005973,18,60.01639344262295,4.1862060889274675
B11005973,19,59.90163934426229,4.027385427063589
B11005973,20,60.278688524590166,3.892536564116395
B11005973,21,60.39344262295082,3.716505888223464
B11005973,22,60.26229508196721,3.5708365155973403
B11005973,23,59.442622950819676,3.6011136263157812
B11005973,24,59.26229508196721,3.5708365155973403
B11005974,1,24.459016393442624,5.433876044646558
B11005974,2,24.131147540983605,5.333086978095949
B11005974,3,10.147540983606557,4.064383749686265
B11005974,4,5.950819672131147,3.331057182200333
B11005974,5,5.377049180327869,2.7170616628167474
B11005974,6,5.278688524590164,2.7228911078025657
B11005974,7,5.213114754098361,2.704669635887258
B11005974,8,5.19672131147541,2.7747082087391064
B11005974,9,5.836065573770492,2.9319066021224023
B11005974,10,18.540983606557376,2.814329670016385
B11005974,11,22.852459016393443,2.055269641069189
B11005974,12,22.934426229508198,1.871869867788614
B11005974,13,23.098360655737704,2.0301410597262586
B11005974,14,23.18032786885246,1.9711708821409617
B11005974,15,23.24590163934426,1.9889509361446691
B11005974,16,23.065573770491802,2.0395182045897498
B11005974,17,23.21311475409836,2.049508170495999
B11005974,18,24.40983606557377,1.8675577914145105
B11005974,19,25.131147540983605,1.832989226051758
B11005974,20,25.39344262295082,1.7859073877241074
B11005974,21,25.737704918032787,1.7639527087845275
B11005974,22,25.81967213114754,1.7226380524402483
B11005974,23,25.40983606557377,2.168152867851205
B11005974,24,24.78688524590164,4.319664354365102
B11005975,1,53.63934426229508,9.761135359395151
B11005975,2,24.0,6.47314756082868
B11005975,3,17.0,7.5661021430684015
B11005975,4,12.78688524590164,8.089894027753028
B11005975,5,9.442622950819672,8.316534173627412
B11005975,6,6.737704918032787,6.731140354375602
B11005975,7,4.557377049180328,4.038846573555271
B11005975,8,4.213114754098361,3.950989724930151
B11005975,9,3.9508196721311477,3.195417977268243
B11005975,10,17.557377049180328,5.957567415780676
B11005975,11,44.24590163934426,8.910586331842055
B11005975,12,45.19672131147541,8.59053934857305
B11005975,13,46.049180327868854,8.979806543442113
B11005975,14,46.39344262295082,9.046833860663385
B11005975,15,46.50819672131148,10.24874714585453
B11005975,16,46.85245901639344,9.536532114605944
B11005975,17,52.31147540983606,8.814185629709025
B11005975,18,58.90163934426229,9.276631875411175
B11005975,19,59.540983606557376,9.3134377982935
B11005975,20,59.14754098360656,9.723785381730702
B11005975,21,58.75409836065574,9.895612105430612
B11005975,22,58.47540983606557,9.778877466466463
B11005975,23,53.81967213114754,9.897024220294309
B11005975,24,53.34426229508197,9.993252224854626
B11005993,1,30.78688524590164,3.3344439608149217
B11005993,2,31.62295081967213,3.2247197587032983
B11005993,3,31.34426229508197,2.0951563649275378
B11005993,4,30.0327868852459,2.2467989113458113
B11005993,5,30.0327868852459,2.149854841571403
B11005993,6,29.442622950819672,2.0607542003420396
B11005993,7,29.442622950819672,2.272606578603654
B11005993,8,46.36065573770492,4.821511860318129
B11005993,9,66.81967213114754,4.957220918696715
B11005993,10,65.70491803278688,5.57024961119215
B11005993,11,67.54098360655738,6.377660217680954
B11005993,12,69.1639344262295,6.996908750389264
B11005993,13,69.40983606557377,6.8290052780679265
B11005993,14,67.42622950819673,6.23963801071048
B11005993,15,67.81967213114754,5.7445860377368385
B11005993,16,67.47540983606558,6.3442411148881845
B11005993,17,65.95081967213115,6.096024583413375
B11005993,18,67.67213114754098,6.587920668685886
B11005993,19,64.34426229508196,5.303525724603318
B11005993,20,64.11475409836065,4.020840629241837
B11005993,21,62.032786885245905,3.520279483664144
B11005993,22,60.08196721311475,3.663265057864489
B11005993,23,60.52459016393443,3.560284375163647
B11005993,24,40.19672131147541,3.597903178656764
B11005994,1,195.2622950819672,9.58978561674982
B11005994,2,132.91803278688525,15.243698060388827
B11005994,3,93.78688524590164,16.08799038290992
B11005994,4,86.44262295081967,8.888239771455487
B11005994,5,76.77049180327869,7.4490475628898425
B11005994,6,111.60655737704919,6.135835851045086
B11005994,7,127.24590163934427,6.644745829440443
B11005994,8,207.91803278688525,9.093855035613943
B11005994,9,226.68852459016392,9.041871603017869
B11005994,10,271.44262295081967,16.512811310689166
B11005994,11,268.39344262295083,16.462853056845827
B11005994,12,267.75409836065575,14.512465797765342
B11005994,13,281.6885245901639,13.603930222376803
B11005994,14,266.3114754098361,13.285689310160638
B11005994,15,270.11475409836066,14.569334920355823
B11005994,16,268.37704918032784,11.424971118701135
B11005994,17,271.7704918032787,12.800350203486623
B11005994,18,269.08196721311475,13.667353806223748
B11005994,19,269.0983606557377,12.209516468497743
B11005994,20,260.8196721311475,11.360714876954392
B11005994,21,252.29508196721312,14.196910610936476
B11005994,22,216.2295081967213,10.378719467781968
B11005994,23,197.65573770491804,9.434650550665271
B11005994,24,189.88524590163934,10.099664595397828
B11005995,1,25.983606557377048,1.722482037582124
B11005995,2,24.295081967213115,2.3493582122943324
B11005995,3,22.737704918032787,1.7452665665555127
B11005995,4,22.918032786885245,1.9610559381026444
B11005995,5,24.065573770491802,1.744958569276744
B11005995,6,21.459016393442624,1.7886139930473253
B11005995,7,29.0327868852459,2.4891055284240724
B11005995,8,35.59016393442623,3.0047887963766144
B11005995,9,48.81967213114754,2.8197674402496706
B11005995,10,51.34426229508197,3.293735961934258
B11005995,11,53.22950819672131,3.7608572558810502
B11005995,12,52.540983606557376,4.099475258270731
B11005995,13,53.40983606557377,3.3160170122580075
B11005995,14,52.950819672131146,3.765356445836592
B11005995,15,51.16393442622951,3.6357980063860893
B11005995,16,52.47540983606557,3.9447269529935456
B11005995,17,52.459016393442624,3.4668158513645104
B11005995,18,50.60655737704918,3.6721311475409837
B11005995,19,51.967213114754095,3.1930622185656325
B11005995,20,49.73770491803279,3.130503753230813
B11005995,21,46.24590163934426,2.7260476265935503
B11005995,22,45.34426229508197,2.7032781914523
B11005995,23,44.98360655737705,2.2651443212348688
B11005995,24,26.19672131147541,2.163934426229508
B11005996,1,70.9672131147541,5.004808222901725
B11005996,2,38.868852459016395,2.26502567449036
B11005996,3,36.0,2.6364407203901146
B11005996,4,33.14754098360656,2.3666817440941528
B11005996,5,33.09836065573771,2.447514081962114
B11005996,6,36.60655737704918,3.0097039150959586
B11005996,7,68.36065573770492,5.362385042171055
B11005996,8,71.90163934426229,4.738073614333728
B11005996,9,76.8360655737705,5.150776888303077
B11005996,10,79.59016393442623,4.488152159763646
B11005996,11,85.08196721311475,5.778124609155207
B11005996,12,84.45901639344262,5.910739795842606
B11005996,13,87.90163934426229,5.318402687707651
B11005996,14,84.27868852459017,4.992227229029319
B11005996,15,86.21311475409836,5.8593200357988175
B11005996,16,83.44262295081967,5.155053513464859
B11005996,17,85.81967213114754,6.061185829769108
B11005996,18,85.73770491803279,5.288098729715786
B11005996,19,90.24590163934427,4.990665837192659
B11005996,20,81.9672131147541,4.416686737982144
B11005996,21,78.27868852459017,5.194988592552784
B11005996,22,71.18032786885246,4.244603890539609
B11005996,23,72.95081967213115,4.347323387972535
B11005996,24,69.42622950819673,3.782873469339267
B11005997,1,74.78688524590164,11.064808716722181
B11005997,2,77.34426229508196,10.50040630892504
B11005997,3,73.01639344262296,10.334554172462573
B11005997,4,69.40983606557377,9.205089556523463
B11005997,5,86.52459016393442,8.316695744748806
B11005997,6,100.75409836065573,12.704272855114942
B11005997,7,119.27868852459017,9.51638991259589
B11005997,8,145.9016393442623,20.795416359737676
B11005997,9,194.5737704918033,27.205025461733268
B11005997,10,200.62295081967213,20.631953519886615
B11005997,11,203.78688524590163,16.263319639856526
B11005997,12,204.9344262295082,16.22371149998427
B11005997,13,206.0983606557377,15.399281352225806
B11005997,14,204.4262295081967,16.06794897129211
B11005997,15,203.81967213114754,14.392060876953815
B11005997,16,203.49180327868854,14.93222167961518
B11005997,17,200.31147540983608,16.41824353498222
B11005997,18,198.37704918032787,15.652123864083038
B11005997,19,201.0,14.545575632878998
B11005997,20,197.91803278688525,14.592042612515987
B11005997,21,197.52459016393442,14.422894547458785
B11005997,22,174.18032786885246,13.522910973750342
B11005997,23,157.52459016393442,12.684838707242427
B11005997,24,78.24590163934427,11.355154441211612
B11005998,1,43.52459016393443,3.619648372457071
B11005998,2,42.65573770491803,3.0988376768709154
B11005998,3,41.52459016393443,2.7076488946967316
B11005998,4,43.49180327868852,2.519582002931726
B11005998,5,42.78688524590164,2.6803153356101417
B11005998,6,46.52459016393443,3.8903266219531
B11005998,7,52.114754098360656,5.216928185592623
B11005998,8,75.42622950819673,5.718703901058501
B11005998,9,94.21311475409836,6.493665902684243
B11005998,10,100.60655737704919,6.581839616589814
B11005998,11,101.22950819672131,6.5195631016823565
B11005998,12,101.44262295081967,6.90337192535656
B11005998,13,97.65573770491804,6.113369508779378
B11005998,14,102.81967213114754,7.525929378306451
B11005998,15,103.0,6.7484060048694
B11005998,16,102.22950819672131,6.76391932803477
B11005998,17,99.81967213114754,7.400727028356046
B11005998,18,98.49180327868852,7.060912844017332
B11005998,19,90.11475409836065,5.630998399246733
B11005998,20,90.06557377049181,6.219664353547338
B11005998,21,87.8360655737705,4.946203471611871
B11005998,22,88.26229508196721,4.47177538126275
B11005998,23,52.0,5.118273274403723
B11005998,24,45.0655737704918,3.978915135359635
B11005999,1,38.09836065573771,3.2778687499743775
B11005999,2,37.0,2.897143873360593
B11005999,3,37.60655737704918,2.376653443598828
B11005999,4,36.47540983606557,2.8835688121370504
B11005999,5,35.278688524590166,2.6926198318219328
B11005999,6,35.60655737704918,2.7477483391374227
B11005999,7,45.114754098360656,3.426504028534794
B11005999,8,63.295081967213115,4.999489358498565
B11005999,9,88.04918032786885,5.035696280858848
B11005999,10,89.22950819672131,5.006204159440403
B11005999,11,89.1311475409836,5.993098243146208
B11005999,12,86.98360655737704,6.2292062049320185
B11005999,13,84.19672131147541,5.120897949342343
B11005999,14,81.62295081967213,4.8659537653744325
B11005999,15,88.0,5.9257703379696265
B11005999,16,88.37704918032787,6.506400214533353
B11005999,17,87.0327868852459,6.272414791389186
B11005999,18,85.37704918032787,6.191384639293513
B11005999,19,82.29508196721312,5.987265892052385
B11005999,20,78.8360655737705,5.557981494282078
B11005999,21,78.19672131147541,5.925271446036708
B11005999,22,76.44262295081967,4.657180566077187
B11005999,23,47.9344262295082,5.043641842106076
B11005999,24,37.9344262295082,4.052398004739936
B11006001,1,82.98360655737704,7.067570369453008
B11006001,2,70.27868852459017,6.923779758837273
B11006001,3,82.60655737704919,7.486115428840313
B11006001,4,87.04918032786885,8.316340284138223
B11006001,5,87.49180327868852,5.4940293995634875
B11006001,6,80.75409836065573,7.223948644827984
B11006001,7,105.0327868852459,8.182282364492625
B11006001,8,127.04918032786885,8.50347321423351
B11006001,9,186.7377049180328,9.905953896594271
B11006001,10,201.68852459016392,10.884702731855874
B11006001,11,204.86885245901638,12.601685302118979
B11006001,12,201.55737704918033,12.53653623059865
B11006001,13,203.27868852459017,14.137650171736212
B11006001,14,188.68852459016392,12.507756260641827
B11006001,15,194.80327868852459,12.655355468618287
B11006001,16,194.9344262295082,13.383215390143885
B11006001,17,187.327868852459,12.653932598694704
B11006001,18,178.52459016393442,11.512796241185319
B11006001,19,179.39344262295083,10.214548750734616
B11006001,20,170.91803278688525,8.208941710045517
B11006001,21,171.88524590163934,8.349140253482348
B11006001,22,158.81967213114754,8.108906652910537
B11006001,23,144.91803278688525,7.920289533470792
B11006001,24,79.93442622950819,8.141915133912697
B11006002,1,120.39344262295081,3.563377880444203
B11006002,2,115.88524590163935,3.662384606387777
B11006002,3,106.65573770491804,3.510570669136938
B11006002,4,91.21311475409836,5.06390231854343
B11006002,5,94.90163934426229,4.496646903874503
B11006002,6,96.0,4.988511391351065
B11006002,7,122.01639344262296,6.924633631259499
B11006002,8,139.0327868852459,4.728591836674084
B11006002,9,161.72131147540983,4.41729517246561
B11006002,10,156.2622950819672,5.694120175116112
B11006002,11,149.39344262295083,5.628611594009313
B11006002,12,146.0983606557377,6.03732900998823
B11006002,13,149.327868852459,5.949848631427415
B11006002,14,151.34426229508196,5.3893801033527415
B11006002,15,152.95081967213116,4.812641241727895
B11006002,16,147.11475409836066,7.303936420493702
B11006002,17,146.27868852459017,5.9866823444331
B11006002,18,144.327868852459,6.269157685140882
B11006002,19,149.9672131147541,7.215573351484113
B11006002,20,143.49180327868854,6.24794510696608
B11006002,21,150.24590163934425,6.484927638927704
B11006002,22,131.59016393442624,5.614317321769313
B11006002,23,122.93442622950819,5.191003732685484
B11006002,24,118.40983606557377,3.922934035710433
B11006003,1,186.01639344262296,8.039843003276497
B11006003,2,125.62295081967213,13.248153517397512
B11006003,3,88.14754098360656,14.605002585094443
B11006003,4,82.45901639344262,7.497701878492346
B11006003,5,72.22950819672131,6.270915018397682
B11006003,6,105.1311475409836,4.685084144094751
B11006003,7,120.88524590163935,5.808694333287401
B11006003,8,197.21311475409837,5.700488199105667
B11006003,9,216.0983606557377,5.762242613384237
B11006003,10,259.0983606557377,13.747971436689335
B11006003,11,257.655737704918,13.287347915205874
B11006003,12,256.4590163934426,13.220170592996444
B11006003,13,269.72131147540983,10.942668999718913
B11006003,14,256.6885245901639,11.07580583399448
B11006003,15,259.37704918032784,11.600118617859085
B11006003,16,260.3606557377049,11.024611493671852
B11006003,17,259.27868852459017,10.984536295369713
B11006003,18,259.3606557377049,10.690938076102453
B11006003,19,258.95081967213116,9.997419715480682
B11006003,20,250.9344262295082,9.232637852746512
B11006003,21,242.88524590163934,10.609458138317562
B11006003,22,209.0,8.313528378393896
B11006003,23,188.95081967213116,7.725678344683699
B11006003,24,182.0327868852459,7.905107734803138
B11006004,1,73.73770491803279,5.488890835264555
B11006004,2,40.90163934426229,2.968163963218742
B11006004,3,38.032786885245905,3.172459423010431
B11006004,4,34.98360655737705,2.978016741735238
B11006004,5,34.91803278688525,3.1482239696151613
B11006004,6,38.42622950819672,3.573394475631473
B11006004,7,71.50819672131148,6.208463157736611
B11006004,8,74.39344262295081,5.314004659896001
B11006004,9,80.0,6.1935979638417695
B11006004,10,82.8360655737705,5.153958618219885
B11006004,11,88.8688524590164,7.252982224034889
B11006004,12,87.59016393442623,7.148029762201765
B11006004,13,92.0327868852459,6.424765641231284
B11006004,14,88.08196721311475,6.12250640299075
B11006004,15,90.0,6.782329983125268
B11006004,16,87.11475409836065,6.381577893823927
B11006004,17,89.70491803278688,6.966769513361108
B11006004,18,89.8360655737705,6.589062790315211
B11006004,19,93.8360655737705,5.772121602927191
B11006004,20,85.47540983606558,5.553337668309384
B11006004,21,81.39344262295081,5.726781170481087
B11006004,22,73.72131147540983,5.288810171875202
B11006004,23,75.93442622950819,4.974916928078219
B11006004,24,71.95081967213115,4.571566541089936
B11006005,1,82.06557377049181,5.020838060993587
B11006005,2,76.49180327868852,3.9984544178710517
B11006005,3,53.18032786885246,4.653601449402286
B11006005,4,48.622950819672134,4.581373315567909
B11006005,5,51.26229508196721,4.697057465154053
B11006005,6,56.622950819672134,4.746574034306751
B11006005,7,77.0,5.229174150387609
B11006005,8,89.73770491803279,6.282689304472504
B11006005,9,102.50819672131148,7.5674517676945054
B11006005,10,112.67213114754098,8.205798252845781
B11006005,11,120.27868852459017,8.575854681950592
B11006005,12,116.19672131147541,7.9996304671439225
B11006005,13,119.26229508196721,10.00803224848407
B11006005,14,124.77049180327869,9.021637819069076
B11006005,15,123.44262295081967,8.243277619188513
B11006005,16,121.8688524590164,8.391008868466932
B11006005,17,115.29508196721312,9.46840174214521
B11006005,18,122.57377049180327,9.46686891716934
B11006005,19,120.55737704918033,8.921377145335205
B11006005,20,113.18032786885246,7.342908247543767
B11006005,21,101.67213114754098,7.350078200711255
B11006005,22,91.59016393442623,5.946143671598378
B11006005,23,90.78688524590164,6.159398400733844
B11006005,24,86.0327868852459,4.821288900231984
B11006006,1,79.21311475409836,6.011231984413682
B11006006,2,79.93442622950819,6.563357928205519
B11006006,3,81.55737704918033,5.1391285545758505
B11006006,4,81.08196721311475,3.6944578872809246
B11006006,5,103.39344262295081,4.929930962588442
B11006006,6,92.21311475409836,5.435507891265712
B11006006,7,99.78688524590164,4.985601412653029
B11006006,8,107.67213114754098,6.237699532536828
B11006006,9,158.36065573770492,8.454376666313708
B11006006,10,201.9672131147541,13.409034406275513
B11006006,11,205.47540983606558,17.995998241300395
B11006006,12,201.72131147540983,17.16184401756731
B11006006,13,197.78688524590163,17.458254428073733
B11006006,14,196.9344262295082,17.493669911309905
B11006006,15,197.9672131147541,16.522183014890402
B11006006,16,198.72131147540983,16.884497834774102
B11006006,17,197.70491803278688,17.062416047756074
B11006006,18,192.14754098360655,16.207502882644917
B11006006,19,184.81967213114754,14.455707587652537
B11006006,20,174.47540983606558,13.186687968786277
B11006006,21,163.13114754098362,9.820479454483705
B11006006,22,148.49180327868854,8.352133232598197
B11006006,23,95.0,7.714155606501043
B11006006,24,82.39344262295081,6.628994158858739
B11006007,1,45.78688524590164,4.033120071535394
B11006007,2,45.16393442622951,4.013012963457807
B11006007,3,47.68852459016394,3.6283988412293744
B11006007,4,47.77049180327869,3.645763059048092
B11006007,5,46.442622950819676,3.659815413082184
B11006007,6,45.34426229508197,3.5477318817762686
B11006007,7,50.22950819672131,3.730219712348299
B11006007,8,64.1311475409836,4.328613944803775
B11006007,9,97.32786885245902,5.556627445939152
B11006007,10,98.34426229508196,5.235081053443139
B11006007,11,97.78688524590164,5.14738435597566
B11006007,12,100.26229508196721,5.470941535967627
B11006007,13,98.24590163934427,5.52388476306042
B11006007,14,96.54098360655738,4.970647516917306
B11006007,15,97.67213114754098,4.678942403533859
B11006007,16,99.77049180327869,4.8498553050004505
B11006007,17,98.77049180327869,4.502798556464275
B11006007,18,97.88524590163935,5.584223563610688
B11006007,19,94.88524590163935,5.356468008837196
B11006007,20,92.44262295081967,4.499634193379209
B11006007,21,92.50819672131148,4.411694410071725
B11006007,22,90.91803278688525,4.017564232166146
B11006007,23,89.44262295081967,3.70876052011165
B11006007,24,52.60655737704918,4.090287129785013
B11006008,1,124.06557377049181,13.81596706648734
B11006008,2,114.27868852459017,14.12140701151802
B11006008,3,95.34426229508196,14.536427105048256
B11006008,4,84.11475409836065,12.467792422492126
B11006008,5,81.75409836065573,13.210348325292982
B11006008,6,124.98360655737704,15.772451396606607
B11006008,7,134.27868852459017,16.41284098197824
B11006008,8,145.18032786885246,17.085616802791943
B11006008,9,152.24590163934425,18.476086216836197
B11006008,10,190.0327868852459,23.107707331860293
B11006008,11,213.95081967213116,13.488825040287308
B11006008,12,216.08196721311475,14.913186025847997
B11006008,13,210.36065573770492,13.428661282209152
B11006008,14,211.60655737704917,12.797641545689336
B11006008,15,211.63934426229508,12.838253273362058
B11006008,16,208.55737704918033,13.47678585770937
B11006008,17,207.8360655737705,13.977945541797999
B11006008,18,207.04918032786884,15.360611998468093
B11006008,19,209.18032786885246,15.21270844567652
B11006008,20,203.40983606557376,17.239277541041556
B11006008,21,184.54098360655738,15.711094305566998
B11006008,22,146.0327868852459,14.042053015460679
B11006008,23,130.47540983606558,12.273664405823897
B11006008,24,126.75409836065573,12.727478647070543
B11006009,1,127.8688524590164,7.918592791519449
B11006009,2,109.39344262295081,8.871170267717728
B11006009,3,95.11475409836065,7.9384896789096695
B11006009,4,95.59016393442623,8.246960789782346
B11006009,5,96.0,7.323888602531792
B11006009,6,115.57377049180327,7.56926272779641
B11006009,7,124.55737704918033,7.664105371986733
B11006009,8,150.55737704918033,8.412567862321337
B11006009,9,164.52459016393442,9.480967228407277
B11006009,10,196.78688524590163,11.170973443498829
B11006009,11,211.98360655737704,11.111199199388048
B11006009,12,216.2622950819672,10.892773419354029
B11006009,13,212.18032786885246,11.895044011000948
B11006009,14,221.34426229508196,12.043480306722572
B11006009,15,214.1639344262295,11.679013443441766
B11006009,16,215.7704918032787,10.419706176630408
B11006009,17,212.80327868852459,11.524485226768475
B11006009,18,219.91803278688525,10.98478095018354
B11006009,19,213.63934426229508,8.506569856149365
B11006009,20,212.2295081967213,9.414661469102416
B11006009,21,203.47540983606558,8.965519665073591
B11006009,22,156.18032786885246,10.275720543075666
B11006009,23,131.11475409836066,8.693503058683289
B11006009,24,131.75409836065575,8.11324708642644
B11006010,1,106.1311475409836,6.869928316699695
B11006010,2,100.45901639344262,6.467000141935736
B11006010,3,92.95081967213115,6.071773526274438
B11006010,4,79.22950819672131,6.133470235941373
B11006010,5,83.98360655737704,6.754456460346095
B11006010,6,84.0,6.692300444981654
B11006010,7,107.90163934426229,8.259529852123796
B11006010,8,121.37704918032787,8.652042181798127
B11006010,9,141.19672131147541,8.064940665542812
B11006010,10,135.36065573770492,7.899020040662953
B11006010,11,130.39344262295083,8.716441386450619
B11006010,12,126.47540983606558,9.448057407026093
B11006010,13,130.98360655737704,8.776817084814112
B11006010,14,132.60655737704917,8.010809681605512
B11006010,15,133.11475409836066,8.65381250323646
B11006010,16,129.80327868852459,9.684904041826222
B11006010,17,127.57377049180327,9.113957979148612
B11006010,18,127.04918032786885,9.444273535154842
B11006010,19,131.7704918032787,10.10663382630998
B11006010,20,125.65573770491804,7.621981253341106
B11006010,21,132.88524590163934,8.489334409129151
B11006010,22,115.24590163934427,7.160125783547858
B11006010,23,107.54098360655738,7.358665618728429
B11006010,24,102.68852459016394,6.872470583533004
B11006011,1,82.14754098360656,6.444812542451234
B11006011,2,82.57377049180327,7.08139797347963
B11006011,3,84.34426229508196,5.82218832697877
B11006011,4,84.26229508196721,4.211232596105374
B11006011,5,108.27868852459017,5.950977733528355
B11006011,6,95.81967213114754,5.761682918769171
B11006011,7,103.52459016393442,5.406755208183068
B11006011,8,111.08196721311475,6.601775920947365
B11006011,9,162.9016393442623,9.628688210593003
B11006011,10,209.65573770491804,15.127745918904738
B11006011,11,211.63934426229508,20.289731543994982
B11006011,12,208.49180327868854,19.07072509802864
B11006011,13,203.88524590163934,19.324747033023538
B11006011,14,202.7377049180328,19.12847130339301
B11006011,15,203.62295081967213,17.830866527702145
B11006011,16,205.04918032786884,18.862249774119004
B11006011,17,204.11475409836066,18.58970132711485
B11006011,18,197.13114754098362,17.7860466675481
B11006011,19,189.40983606557376,15.385086507991153
B11006011,20,178.9344262295082,14.504797230694896
B11006011,21,167.04918032786884,10.789226912106562
B11006011,22,152.59016393442624,8.644864009550256
B11006011,23,98.52459016393442,8.119207256338433
B11006011,24,84.9672131147541,6.672594336844575
B11006012,1,54.36065573770492,4.304145111840278
B11006012,2,55.26229508196721,4.598294906166217
B11006012,3,56.91803278688525,3.5124839744910106
B11006012,4,59.49180327868852,3.6825817334576305
B11006012,5,55.50819672131148,3.903016701365342
B11006012,6,53.131147540983605,5.145347762900237
B11006012,7,62.26229508196721,7.100915755637743
B11006012,8,79.81967213114754,7.939335969097601
B11006012,9,101.06557377049181,6.927892903374263
B11006012,10,106.73770491803279,7.692665528236626
B11006012,11,110.75409836065573,8.32270396182796
B11006012,12,113.40983606557377,8.587785930392085
B11006012,13,110.14754098360656,8.636248551032189
B11006012,14,112.34426229508196,8.621142988200843
B11006012,15,114.88524590163935,8.716102228306324
B11006012,16,118.81967213114754,9.313322375124454
B11006012,17,114.9672131147541,8.071336073027961
B11006012,18,112.47540983606558,7.949856287755699
B11006012,19,104.75409836065573,6.903683354498354
B11006012,20,103.54098360655738,6.846259647695644
B11006012,21,99.19672131147541,6.918304710684092
B11006012,22,99.68852459016394,6.612310881999953
B11006012,23,67.65573770491804,4.242197257382729
B11006012,24,58.868852459016395,4.771759169152985
B11006013,1,110.63934426229508,10.945517514871954
B11006013,2,112.14754098360656,11.765239249967511
B11006013,3,68.32786885245902,7.026230273173003
B11006013,4,62.67213114754098,7.047197586194522
B11006013,5,64.09836065573771,6.261265042745053
B11006013,6,84.98360655737704,9.086996299484348
B11006013,7,119.42622950819673,11.422524506923171
B11006013,8,125.8360655737705,11.406326009933277
B11006013,9,130.08196721311475,9.35334617421288
B11006013,10,132.9016393442623,8.769741043399634
B11006013,11,138.5737704918033,9.265587692725608
B11006013,12,137.4262295081967,9.337846517622266
B11006013,13,133.45901639344262,9.018330641371955
B11006013,14,135.27868852459017,8.764928525123526
B11006013,15,136.63934426229508,9.59513672390008
B11006013,16,136.14754098360655,9.477905394893423
B11006013,17,134.81967213114754,9.805498953575366
B11006013,18,130.39344262295083,9.442281414588408
B11006013,19,130.7377049180328,10.282727263644622
B11006013,20,126.8360655737705,9.461189624484552
B11006013,21,120.18032786885246,9.135605351502639
B11006013,22,117.27868852459017,10.769007058876442
B11006013,23,120.63934426229508,10.008247069595834
B11006013,24,109.14754098360656,10.888158804405807
B11006014,1,74.24590163934427,7.732528137689591
B11006014,2,73.62295081967213,7.691093282676216
B11006014,3,78.60655737704919,6.041600831515072
B11006014,4,91.85245901639344,6.32931266973525
B11006014,5,82.06557377049181,4.6442944106103745
B11006014,6,81.1311475409836,4.31723731423372
B11006014,7,124.63934426229508,6.027349652401389
B11006014,8,175.98360655737704,6.884270032326579
B11006014,9,227.2295081967213,5.561558463687565
B11006014,10,243.44262295081967,8.282956212122112
B11006014,11,235.672131147541,9.74043677526651
B11006014,12,236.80327868852459,9.52962537259492
B11006014,13,231.24590163934425,9.827455247726284
B11006014,14,227.13114754098362,9.37641864210436
B11006014,15,228.68852459016392,9.434052349060035
B11006014,16,235.81967213114754,10.589986295013208
B11006014,17,225.52459016393442,9.128601346151143
B11006014,18,216.86885245901638,7.992774215925047
B11006014,19,212.44262295081967,8.363708860727652
B11006014,20,202.91803278688525,8.049631051451911
B11006014,21,199.44262295081967,5.529428245911721
B11006014,22,182.55737704918033,6.00962231202958
B11006014,23,104.8688524590164,9.535912121796482
B11006014,24,75.27868852459017,7.971529559998751
B11006015,1,71.14754098360656,7.679728618783115
B11006015,2,69.34426229508196,6.0078780135987495
B11006015,3,67.40983606557377,4.7919914378407045
B11006015,4,75.08196721311475,5.721100094737637
B11006015,5,71.73770491803279,5.275683902039442
B11006015,6,74.98360655737704,5.735971635154872
B11006015,7,99.72131147540983,8.78174549948569
B11006015,8,131.13114754098362,7.273295890404789
B11006015,9,156.63934426229508,6.068010144272311
B11006015,10,176.54098360655738,8.551816546537518
B11006015,11,180.65573770491804,8.958712667147706
B11006015,12,175.78688524590163,10.257527830016002
B11006015,13,171.31147540983608,9.895421997655806
B11006015,14,168.98360655737704,11.401023542314789
B11006015,15,166.80327868852459,9.094800662261221
B11006015,16,178.63934426229508,9.382636189530638
B11006015,17,171.21311475409837,9.636193306791219
B11006015,18,165.5737704918033,9.09234773987092
B11006015,19,157.63934426229508,9.455734294353764
B11006015,20,150.2295081967213,9.21223961773265
B11006015,21,140.04918032786884,7.770111355423331
B11006015,22,140.95081967213116,8.334062496093567
B11006015,23,91.59016393442623,9.551202909702308
B11006015,24,75.78688524590164,8.898544279729517
B11006016,1,61.85245901639344,3.745318676164321
B11006016,2,58.49180327868852,3.1185481637815555
B11006016,3,60.49180327868852,2.9732300193873282
B11006016,4,57.885245901639344,2.5994851990707937
B11006016,5,57.59016393442623,2.7183471905802135
B11006016,6,61.09836065573771,4.103996125460682
B11006016,7,70.55737704918033,4.260087700797913
B11006016,8,83.37704918032787,3.5536355636014187
B11006016,9,126.01639344262296,6.120355189732177
B11006016,10,134.0983606557377,9.116198729720821
B11006016,11,155.37704918032787,5.047849515911326
B11006016,12,158.34426229508196,6.8613558997956305
B11006016,13,156.13114754098362,6.163018767008094
B11006016,14,152.2622950819672,6.2381734383834555
B11006016,15,160.08196721311475,7.302133265589804
B11006016,16,157.68852459016392,8.395043392435248
B11006016,17,156.49180327868854,7.060912844017332
B11006016,18,158.327868852459,7.2195574803659905
B11006016,19,151.88524590163934,5.834039066099772
B11006016,20,145.9344262295082,4.807333375061911
B11006016,21,146.63934426229508,5.6103907899458925
B11006016,22,123.39344262295081,5.267527147220779
B11006016,23,105.88524590163935,7.2792054165897415
B11006016,24,65.40983606557377,4.102686241885309
B11006017,1,59.42622950819672,3.9357921126354434
B11006017,2,65.29508196721312,4.3770798795509664
B11006017,3,50.049180327868854,4.585887938076619
B11006017,4,47.19672131147541,3.028929758134011
B11006017,5,47.967213114754095,2.232158501883977
B11006017,6,63.14754098360656,3.7321644296959318
B11006017,7,61.39344262295082,3.9806033339740825
B11006017,8,96.93442622950819,4.218883592746792
B11006017,9,123.47540983606558,4.990504286017166
B11006017,10,153.80327868852459,5.250510270693753
B11006017,11,149.91803278688525,4.388117644040713
B11006017,12,146.11475409836066,5.884401053565649
B11006017,13,153.81967213114754,4.890634062352885
B11006017,14,153.75409836065575,5.699168008606622
B11006017,15,143.9672131147541,6.0974792241555305
B11006017,16,145.29508196721312,5.706896208758634
B11006017,17,143.86885245901638,4.897223736209522
B11006017,18,146.63934426229508,5.4231827412892795
B11006017,19,137.47540983606558,4.6043691202996335
B11006017,20,134.63934426229508,4.4169301218329915
B11006017,21,124.52459016393442,4.433873181475926
B11006017,22,122.0,3.9629431023908084
B11006017,23,60.31147540983606,4.840203842091971
B11006017,24,47.967213114754095,4.569920231447724
B11006018,1,51.131147540983605,3.4426229508196715
B11006018,2,51.16393442622951,3.558321246607835
B11006018,3,53.721311475409834,2.4901849792438955
B11006018,4,55.78688524590164,2.6986016664273764
B11006018,5,52.18032786885246,2.802271892831685
B11006018,6,49.57377049180328,4.2405498266818995
B11006018,7,58.36065573770492,5.850690829001771
B11006018,8,75.21311475409836,6.753541278951631
B11006018,9,96.47540983606558,5.721992537790153
B11006018,10,101.50819672131148,6.497472272238939
B11006018,11,106.1311475409836,7.0069647081211
B11006018,12,108.14754098360656,7.548392653946694
B11006018,13,105.06557377049181,7.498347036337062
B11006018,14,106.0,7.172351284677827
B11006018,15,108.88524590163935,6.72918371454685
B11006018,16,112.54098360655738,7.1001587848598895
B11006018,17,108.95081967213115,6.549749662362143
B11006018,18,106.9672131147541,6.32187773805457
B11006018,19,99.8360655737705,5.40242910716977
B11006018,20,98.31147540983606,5.5442807146498225
B11006018,21,94.68852459016394,5.4758515577197855
B11006018,22,94.90163934426229,5.500238200602777
B11006018,23,63.83606557377049,3.2652182306946553
B11006018,24,55.295081967213115,3.6320263156006733
B11006019,1,73.55737704918033,9.276313198828076
B11006019,2,71.68852459016394,8.513327995611983
B11006019,3,74.32786885245902,8.797766690296958
B11006019,4,71.37704918032787,7.375555404318475
B11006019,5,72.80327868852459,5.972120122569395
B11006019,6,101.93442622950819,9.129072372136472
B11006019,7,111.90163934426229,8.747280454251898
B11006019,8,141.85245901639345,8.115631679653516
B11006019,9,187.13114754098362,10.662444295530028
B11006019,10,196.11475409836066,10.908108520587309
B11006019,11,206.327868852459,13.54376187113996
B11006019,12,198.13114754098362,15.056696576537092
B11006019,13,193.60655737704917,17.133304437125737
B11006019,14,196.11475409836066,15.080220853989713
B11006019,15,200.52459016393442,14.530472849342413
B11006019,16,195.49180327868854,14.966216547003205
B11006019,17,189.9016393442623,16.039607654365895
B11006019,18,181.63934426229508,13.282594042130507
B11006019,19,184.19672131147541,11.242220876401962
B11006019,20,182.31147540983608,9.915282100608193
B11006019,21,168.1639344262295,9.47677113143856
B11006019,22,158.1639344262295,9.580000218811135
B11006019,23,152.04918032786884,9.208738240599267
B11006019,24,90.65573770491804,9.322782329188577
B11006020,1,38.60655737704918,2.129255149720088
B11006020,2,40.32786885245902,2.1326602449769725
B11006020,3,39.377049180327866,1.8744523521637235
B11006020,4,44.52459016393443,2.1007926480419683
B11006020,5,39.21311475409836,2.3755224039670786
B11006020,6,39.39344262295082,2.7537080129306313
B11006020,7,43.47540983606557,3.3022920871351933
B11006020,8,54.295081967213115,3.3453871460887457
B11006020,9,75.60655737704919,5.14472095668149
B11006020,10,87.49180327868852,5.529719854225778
B11006020,11,88.68852459016394,5.14236975290817
B11006020,12,89.1639344262295,5.492708513599844
B11006020,13,91.42622950819673,4.877042292321903
B11006020,14,89.62295081967213,4.942833641487175
B11006020,15,87.95081967213115,5.161097321078706
B11006020,16,89.98360655737704,5.695819010981532
B11006020,17,90.14754098360656,5.615657459936168
B11006020,18,88.72131147540983,5.557836433452846
B11006020,19,87.98360655737704,4.403768145348911
B11006020,20,85.60655737704919,4.251436357181758
B11006020,21,81.55737704918033,4.415043546056101
B11006020,22,75.42622950819673,3.9607045920339443
B11006020,23,47.98360655737705,2.731070787892835
B11006020,24,40.81967213114754,2.4260079650735644
B11006021,1,75.9672131147541,3.228800787963326
B11006021,2,52.77049180327869,3.133078110525514
B11006021,3,47.90163934426229,2.7021844110346938
B11006021,4,46.032786885245905,2.775579768794757
B11006021,5,51.78688524590164,2.9427028620593823
B11006021,6,53.131147540983605,2.836965648890687
B11006021,7,73.08196721311475,3.9641635752556974
B11006021,8,78.8688524590164,4.336181782817862
B11006021,9,92.8688524590164,3.596334244008071
B11006021,10,91.55737704918033,4.042903477695834
B11006021,11,88.36065573770492,4.0772571416966406
B11006021,12,88.29508196721312,4.154177286504225
B11006021,13,91.93442622950819,3.827719658692564
B11006021,14,86.42622950819673,6.872275057935047
B11006021,15,88.18032786885246,9.309801281042576
B11006021,16,88.24590163934427,3.8778722309412816
B11006021,17,90.24590163934427,3.9366114150304616
B11006021,18,89.06557377049181,4.43853783507704
B11006021,19,83.88524590163935,4.057368769655405
B11006021,20,79.98360655737704,3.690891772283644
B11006021,21,83.42622950819673,3.623507115513705
B11006021,22,77.63934426229508,3.0029099924018836
B11006021,23,74.70491803278688,2.712111646567175
B11006021,24,73.98360655737704,2.350387504002988
B11006022,1,47.0,6.005461994758755
B11006022,2,42.377049180327866,5.42357916553215
B11006022,3,46.81967213114754,5.620536689622021
B11006022,4,43.50819672131148,5.215434064954795
B11006022,5,42.295081967213115,4.082526790271116
B11006022,6,41.868852459016395,3.7481160725070612
B11006022,7,46.59016393442623,5.338929250973082
B11006022,8,56.278688524590166,6.379092765397008
B11006022,9,95.77049180327869,10.383456960312117
B11006022,10,94.1311475409836,9.53419283995133
B11006022,11,103.85245901639344,6.686997575608144
B11006022,12,104.0,6.697197848084931
B11006022,13,104.77049180327869,6.597052105254361
B11006022,14,95.98360655737704,5.508538240778667
B11006022,15,105.34426229508196,6.2276097193423405
B11006022,16,105.18032786885246,5.952016318287254
B11006022,17,103.60655737704919,5.956890729629062
B11006022,18,101.55737704918033,5.055510190283807
B11006022,19,100.95081967213115,4.286563947461718
B11006022,20,97.49180327868852,4.7030612661091435
B11006022,21,90.36065573770492,4.246629471132374
B11006022,22,93.75409836065573,4.2567429159652415
B11006022,23,53.67213114754098,5.026882850824662
B11006022,24,45.91803278688525,6.082210237732185
B11006023,1,71.1639344262295,5.584464187188879
B11006023,2,68.67213114754098,6.029222040116769
B11006023,3,67.72131147540983,4.541723322599984
B11006023,4,70.1639344262295,5.853905317914692
B11006023,5,80.50819672131148,6.783835538767021
B11006023,6,76.75409836065573,7.369978396447012
B11006023,7,107.81967213114754,9.473878144963484
B11006023,8,119.8688524590164,8.100749631039651
B11006023,9,165.60655737704917,14.392938487754392
B11006023,10,172.11475409836066,16.81831394509943
B11006023,11,168.52459016393442,16.987562043339143
B11006023,12,175.01639344262296,13.73936763676981
B11006023,13,175.47540983606558,12.86831992215455
B11006023,14,167.9344262295082,11.54729242617963
B11006023,15,171.14754098360655,9.819412131537003
B11006023,16,169.63934426229508,12.971637138843011
B11006023,17,165.91803278688525,11.403616167858468
B11006023,18,165.21311475409837,11.033651587189402
B11006023,19,159.52459016393442,11.895179568345403
B11006023,20,150.75409836065575,13.703721808332261
B11006023,21,143.14754098360655,12.201633948058706
B11006023,22,136.40983606557376,12.598955263973966
B11006023,23,116.52459016393442,9.725084276051119
B11006023,24,72.42622950819673,7.020949952991258
B11006024,1,38.459016393442624,3.3219279928823244
B11006024,2,36.09836065573771,3.606482860631089
B11006024,3,35.80327868852459,3.1509544332416954
B11006024,4,34.278688524590166,1.590248434462659
B11006024,5,34.950819672131146,2.9776557481292403
B11006024,6,38.0,4.133033657389539
B11006024,7,42.08196721311475,3.8037732860989197
B11006024,8,48.09836065573771,4.12392029797204
B11006024,9,66.24590163934427,3.79238122221217
B11006024,10,68.08196721311475,4.4658818891799354
B11006024,11,70.75409836065573,5.033187360581625
B11006024,12,72.81967213114754,6.644381816886173
B11006024,13,76.55737704918033,6.532452631471895
B11006024,14,72.44262295081967,6.874816456957256
B11006024,15,73.34426229508196,6.925565008380157
B11006024,16,73.0,7.202003364274165
B11006024,17,73.39344262295081,7.225362180551955
B11006024,18,73.49180327868852,7.334229095161748
B11006024,19,72.14754098360656,6.991414091757025
B11006024,20,69.0327868852459,6.282860404005603
B11006024,21,67.54098360655738,6.06406715892296
B11006024,22,52.442622950819676,5.493735896795144
B11006024,23,39.67213114754098,3.140018332803378
B11006024,24,36.459016393442624,3.4997600409161698
B11006025,1,74.39344262295081,5.97063494035351
B11006025,2,71.60655737704919,6.551882944281005
B11006025,3,70.50819672131148,5.0232996497458515
B11006025,4,73.29508196721312,6.516924403566914
B11006025,5,84.62295081967213,7.624730974939658
B11006025,6,80.34426229508196,8.063041052429815
B11006025,7,111.19672131147541,9.842729982707878
B11006025,8,122.50819672131148,8.939914091382574
B11006025,9,169.01639344262296,14.924390646625135
B11006025,10,175.49180327868854,17.781573581752205
B11006025,11,171.36065573770492,17.987274907178172
B11006025,12,178.13114754098362,14.747575971792973
B11006025,13,178.63934426229508,13.914295970579802
B11006025,14,170.7704918032787,12.637951487124662
B11006025,15,174.1639344262295,10.654300029117548
B11006025,16,172.47540983606558,13.9796181347235
B11006025,17,168.40983606557376,12.487865650210834
B11006025,18,167.40983606557376,12.163337884713869
B11006025,19,160.9016393442623,12.794344188515087
B11006025,20,151.672131147541,14.201963973483098
B11006025,21,144.18032786885246,12.256156962892542
B11006025,22,137.80327868852459,13.05325745681162
B11006025,23,117.36065573770492,9.978719630876869
B11006025,24,75.62295081967213,7.555616593788716
B11006026,1,115.55737704918033,12.011639969607533
B11006026,2,116.81967213114754,13.254764929455558
B11006026,3,71.91803278688525,8.351489671707075
B11006026,4,66.01639344262296,7.782898030094075
B11006026,5,67.45901639344262,7.002514233466091
B11006026,6,89.32786885245902,10.194375356088921
B11006026,7,125.04918032786885,12.359938231990865
B11006026,8,132.18032786885246,12.436735901855519
B11006026,9,136.54098360655738,11.09064554950023
B11006026,10,139.52459016393442,10.34583397168828
B11006026,11,145.4262295081967,10.919165007999291
B11006026,12,144.47540983606558,11.227318202151494
B11006026,13,139.2622950819672,10.459761523382902
B11006026,14,142.36065573770492,10.278152520863816
B11006026,15,143.21311475409837,10.83121589847098
B11006026,16,143.0327868852459,10.83855778488178
B11006026,17,140.65573770491804,11.939581844425117
B11006026,18,136.45901639344262,10.965779513741536
B11006026,19,137.21311475409837,11.95773260224661
B11006026,20,133.21311475409837,11.26450213418657
B11006026,21,125.49180327868852,9.83907057922343
B11006026,22,122.21311475409836,11.4478357237219
B11006026,23,125.90163934426229,10.644331852739228
B11006026,24,113.42622950819673,11.053460279208828
B11006087,1,21.80327868852459,3.077254855698967
B11006087,2,21.327868852459016,3.186659237752669
B11006087,3,20.80327868852459,3.2483018117221842
B11006087,4,15.540983606557377,5.255984163248726
B11006087,5,10.704918032786885,6.130665361946175
B11006087,6,7.672131147540983,3.3374247040092855
B11006087,7,5.491803278688525,1.5850009134782714
B11006087,8,6.114754098360656,1.4383319192815638
B11006087,9,6.590163934426229,1.6632680568276443
B11006087,10,6.491803278688525,1.5216788702783335
B11006087,11,6.016393442622951,1.3243223231882433
B11006087,12,5.295081967213115,1.013745890737069
B11006087,13,4.819672131147541,1.5524512264592412
B11006087,14,4.508196721311475,1.3504455951881296
B11006087,15,5.819672131147541,2.357465968819351
B11006087,16,18.131147540983605,3.9978494622101457
B11006087,17,22.131147540983605,3.6145217575232147
B11006087,18,21.37704918032787,3.693875899582405
B11006087,19,21.311475409836067,3.752773765885697
B11006087,20,22.049180327868854,3.808645168122411
B11006087,21,22.688524590163933,3.804832921544747
B11006087,22,22.78688524590164,3.6264725854555975
B11006087,23,22.59016393442623,3.413459613134825
B11006087,24,22.34426229508197,3.0400886845435635
B11006089,1,27.83606557377049,3.0146110200583855
B11006089,2,26.704918032786885,2.9216224007044045
B11006089,3,25.459016393442624,3.102477965162914
B11006089,4,24.852459016393443,3.109140757238299
B11006089,5,23.39344262295082,3.210018581860267
B11006089,6,15.229508196721312,4.209253828283158
B11006089,7,9.491803278688524,2.38590774435631
B11006089,8,8.868852459016393,1.945784934420694
B11006089,9,8.721311475409836,1.65094257767687
B11006089,10,9.360655737704919,1.7181078697146102
B11006089,11,9.442622950819672,3.30684630190024
B11006089,12,9.426229508196721,3.7872045852154343
B11006089,13,10.819672131147541,3.29185879386275
B11006089,14,11.360655737704919,3.2087625258122867
B11006089,15,11.098360655737705,3.0065770419651154
B11006089,16,11.655737704918034,3.119926680000404
B11006089,17,24.34426229508197,5.386337439593671
B11006089,18,26.229508196721312,3.9438411941515743
B11006089,19,26.39344262295082,3.1792291494028535
B11006089,20,27.049180327868854,3.1436964225239774
B11006089,21,28.704918032786885,3.6365370948832223
B11006089,22,29.704918032786885,3.6002926215093254
B11006089,23,29.639344262295083,3.883689250308125
B11006089,24,29.049180327868854,3.4661181079088554
B11006090,1,15.0,1.3305982877182312
B11006090,2,14.524590163934427,1.374314223943258
B11006090,3,13.081967213114755,2.0429413219245087
B11006090,4,9.40983606557377,3.9520778895736166
B11006090,5,6.311475409836065,3.7396457428722054
B11006090,6,4.311475409836065,2.2068520983114284
B11006090,7,3.0655737704918034,0.9385872267737468
B11006090,8,2.9836065573770494,0.4956136543551139
B11006090,9,2.8360655737704916,0.5486295255961151
B11006090,10,2.622950819672131,0.5481394589278847
B11006090,11,3.557377049180328,0.7360637482178246
B11006090,12,4.508196721311475,1.3625308036183705
B11006090,13,5.065573770491803,1.4583715650022444
B11006090,14,4.885245901639344,1.5160167897307397
B11006090,15,3.19672131147541,0.9020863273572199
B11006090,16,5.327868852459017,1.6268375383679052
B11006090,17,12.229508196721312,1.683024625273521
B11006090,18,14.360655737704919,1.3061366745601368
B11006090,19,14.459016393442623,1.5636628970046451
B11006090,20,14.950819672131148,1.6538700714939787
B11006090,21,15.491803278688524,1.761360789319776
B11006090,22,15.770491803278688,1.805215055740949
B11006090,23,15.475409836065573,1.7424926311865188
B11006090,24,15.278688524590164,1.5271439918473726
B11006092,1,11.032786885245901,1.9074247776651516
B11006092,2,9.147540983606557,2.4683974065204866
B11006092,3,7.065573770491803,2.3037307764709736
B11006092,4,5.360655737704918,1.7651711186751227
B11006092,5,4.639344262295082,1.0869235707705427
B11006092,6,4.262295081967213,0.6989837903386178
B11006092,7,4.360655737704918,0.6783003562484329
B11006092,8,4.573770491803279,0.777954788046208
B11006092,9,5.147540983606557,1.2653783931411744
B11006092,10,5.885245901639344,1.7377049180327866
B11006092,11,10.39344262295082,1.5500257906325001
B11006092,12,12.672131147540984,1.4679227151163037
B11006092,13,13.950819672131148,1.6439280179307114
B11006092,14,13.688524590163935,1.9294183580071471
B11006092,15,13.360655737704919,1.8019369076603071
B11006092,16,13.098360655737705,1.6266723352663501
B11006092,17,13.327868852459016,1.636883398867753
B11006092,18,13.754098360655737,1.6462151095912383
B11006092,19,14.344262295081966,1.754481343206677
B11006092,20,14.459016393442623,1.7421841435092875
B11006092,21,14.21311475409836,1.5693243204949927
B11006092,22,13.754098360655737,1.5112229083923296
B11006092,23,13.327868852459016,1.3875478012786115
B11006092,24,12.62295081967213,1.3927674352629142
B11006093,1,15.918032786885245,2.1293813614596084
B11006093,2,15.049180327868852,1.8503542373144213
B11006093,3,14.147540983606557,2.2016094379278086
B11006093,4,10.918032786885245,3.9475872771099603
B11006093,5,8.081967213114755,3.690017912645727
B11006093,6,5.754098360655738,2.5327736219080808
B11006093,7,4.557377049180328,1.9207630840494179
B11006093,8,4.163934426229508,1.2698306053139072
B11006093,9,4.721311475409836,1.0578534954033887
B11006093,10,4.868852459016393,0.8584280302679376
B11006093,11,4.983606557377049,0.7786453827565847
B11006093,12,3.5245901639344264,0.7810576557096128
B11006093,13,3.2950819672131146,0.7755328637714668
B11006093,14,3.3278688524590163,1.0357750163233648
B11006093,15,3.4754098360655736,1.0496924979398112
B11006093,16,4.442622950819672,1.8688524590163935
B11006093,17,11.754098360655737,2.5456857603257284
B11006093,18,15.524590163934427,2.2875755465590046
B11006093,19,15.573770491803279,2.2210543677954027
B11006093,20,16.459016393442624,2.364864190408303
B11006093,21,17.24590163934426,2.3929934453878983
B11006093,22,16.9672131147541,2.5153118837660844
B11006093,23,16.672131147540984,2.1631891414041555
B11006093,24,16.721311475409838,2.233362146351003
B11006094,1,18.147540983606557,2.935570799768163
B11006094,2,17.39344262295082,2.9713312605333364
B11006094,3,15.721311475409836,3.0252009690238877
B11006094,4,9.688524590163935,3.6866661985093505
B11006094,5,4.704918032786885,1.8407434554253377
B11006094,6,3.557377049180328,1.079231514139855
B11006094,7,3.360655737704918,0.8876712374216973
B11006094,8,3.180327868852459,0.7130676449485754
B11006094,9,3.2131147540983607,0.5466666229682974
B11006094,10,3.622950819672131,1.2566405178188067
B11006094,11,6.180327868852459,3.1179448712847484
B11006094,12,6.524590163934426,3.033185618449491
B11006094,13,6.147540983606557,2.924380643821814
B11006094,14,4.672131147540983,2.447623882732989
B11006094,15,4.229508196721311,2.44542693059589
B11006094,16,7.508196721311475,3.0708729512326296
B11006094,17,15.459016393442623,2.5387086590369052
B11006094,18,18.80327868852459,2.5143501075459462
B11006094,19,18.62295081967213,2.631236911816548
B11006094,20,18.59016393442623,2.5759101474778974
B11006094,21,18.918032786885245,2.6070213011210304
B11006094,22,19.19672131147541,2.572360478340745
B11006094,23,18.721311475409838,2.643464862023621
B11006094,24,18.508196721311474,3.0494447267705307
B11006110,1,17.75409836065574,2.7618937296593686
B11006110,2,17.42622950819672,2.8426437498057324
B11006110,3,16.885245901639344,2.7645197054511055
B11006110,4,14.737704918032787,3.1409596494517418
B11006110,5,12.885245901639344,3.7112958306784267
B11006110,6,11.229508196721312,2.524590163934426
B11006110,7,10.295081967213115,1.9863820171033415
B11006110,8,9.737704918032787,1.735848064517908
B11006110,9,9.655737704918034,1.773070374844752
B11006110,10,9.59016393442623,1.508196721311475
B11006110,11,9.278688524590164,1.5055215047762436
B11006110,12,9.147540983606557,1.60772791081252
B11006110,13,8.950819672131148,1.220403447241623
B11006110,14,9.770491803278688,1.8589036308935456
B11006110,15,12.37704918032787,2.483809438231957
B11006110,16,16.19672131147541,3.463248130131206
B11006110,17,16.40983606557377,2.8421710079971043
B11006110,18,17.57377049180328,3.064653144834772
B11006110,19,18.147540983606557,3.4252488988119016
B11006110,20,19.0,3.8411063979868794
B11006110,21,19.081967213114755,3.905838764969877
B11006110,22,18.885245901639344,3.5946151012893757
B11006110,23,18.934426229508198,3.6925660918822523
B11006110,24,18.721311475409838,3.4647221994521447
B11006111,1,30.62295081967213,6.579062503412685
B11006111,2,29.81967213114754,6.281662609405543
B11006111,3,27.934426229508198,5.900455254619852
B11006111,4,22.16393442622951,7.006274302527517
B11006111,5,17.901639344262296,8.179752928315628
B11006111,6,14.01639344262295,4.863688822278519
B11006111,7,11.62295081967213,2.457267137383834
B11006111,8,11.426229508196721,2.718841462488326
B11006111,9,12.688524590163935,2.576953237274639
B11006111,10,16.18032786885246,1.806256855192042
B11006111,11,16.0,1.8642451115841967
B11006111,12,15.80327868852459,1.8538367138658596
B11006111,13,15.295081967213115,2.4181300341656224
B11006111,14,14.40983606557377,3.3845214165413613
B11006111,15,15.885245901639344,4.296771035670275
B11006111,16,19.934426229508198,4.565978438080597
B11006111,17,27.131147540983605,6.517254299256895
B11006111,18,29.721311475409838,6.775392185227274
B11006111,19,31.16393442622951,7.742114608984479
B11006111,20,32.18032786885246,8.324382902784695
B11006111,21,32.721311475409834,8.17659824962496
B11006111,22,32.40983606557377,8.03960901337121
B11006111,23,32.31147540983606,7.747111537045798
B11006111,24,31.21311475409836,7.324145458123393
B11006115,1,10.704918032786885,1.310040198295544
B11006115,2,10.655737704918034,1.424438294834653
B11006115,3,10.672131147540984,1.2376777762738933
B11006115,4,10.62295081967213,1.2033278231804962
B11006115,5,10.60655737704918,1.3216815980817294
B11006115,6,10.688524590163935,1.1810107314313358
B11006115,7,10.885245901639344,1.3318095745304857
B11006115,8,11.163934426229508,1.5489851555433072
B11006115,9,25.147540983606557,8.176006611859655
B11006115,10,54.90163934426229,7.873393498447975
B11006115,11,81.22950819672131,13.744022179106409
B11006115,12,83.01639344262296,15.113224914643887
B11006115,13,84.90163934426229,16.594197008645242
B11006115,14,86.40983606557377,14.355414868219562
B11006115,15,85.19672131147541,15.671650997514796
B11006115,16,85.44262295081967,16.233465323177843
B11006115,17,89.9672131147541,14.961115954163525
B11006115,18,91.55737704918033,12.489371993509527
B11006115,19,89.73770491803279,9.914224983713085
B11006115,20,88.72131147540983,8.337415465279872
B11006115,21,32.557377049180324,9.155352443572593
B11006115,22,12.311475409836065,5.110391161463652
B11006115,23,10.80327868852459,1.198628617077437
B11006115,24,10.639344262295081,1.391222918641123
B11006116,1,7.885245901639344,4.5524209399990925
B11006116,2,7.655737704918033,4.382847513277631
B11006116,3,7.836065573770492,4.338845989464277
B11006116,4,7.754098360655738,4.374500393787067
B11006116,5,7.491803278688525,4.441322173612865
B11006116,6,7.540983606557377,4.321406004090598
B11006116,7,7.39344262295082,4.376834279737085
B11006116,8,8.163934426229508,4.8558915639608315
B11006116,9,11.918032786885245,7.071751891759011
B11006116,10,29.098360655737704,8.332643526049974
B11006116,11,57.57377049180328,10.17785931370743
B11006116,12,58.049180327868854,11.526770308909912
B11006116,13,58.967213114754095,10.862731011129561
B11006116,14,59.85245901639344,11.202804194579626
B11006116,15,60.78688524590164,11.708361526813613
B11006116,16,61.32786885245902,12.08809373773667
B11006116,17,61.19672131147541,10.759394937176346
B11006116,18,61.63934426229508,9.218713659574266
B11006116,19,65.57377049180327,8.363580330655406
B11006116,20,66.63934426229508,8.248264172848128
B11006116,21,42.42622950819672,10.056331528752343
B11006116,22,22.262295081967213,10.912320663982632
B11006116,23,12.295081967213115,8.656172368619318
B11006116,24,9.01639344262295,5.457711654250397
B11006117,1,12.754098360655737,11.977650961173573
B11006117,2,12.688524590163935,12.983647954893433
B11006117,3,11.885245901639344,11.888964935376602
B11006117,4,10.852459016393443,7.3726033962559185
B11006117,5,9.540983606557377,2.3439756789134596
B11006117,6,9.508196721311476,2.251578323067462
B11006117,7,9.360655737704919,2.2618198598042203
B11006117,8,11.37704918032787,4.077784412998407
B11006117,9,21.42622950819672,8.11082865810248
B11006117,10,61.19672131147541,9.01695974376582
B11006117,11,109.36065573770492,12.362068884737361
B11006117,12,111.9672131147541,14.749234170854882
B11006117,13,113.70491803278688,15.946986212309097
B11006117,14,114.77049180327869,16.42708024366777
B11006117,15,116.0327868852459,17.116732502949645
B11006117,16,117.27868852459017,17.861150393017788
B11006117,17,118.54098360655738,17.664982282258823
B11006117,18,121.47540983606558,16.969216639451115
B11006117,19,128.34426229508196,14.433437096651808
B11006117,20,129.29508196721312,15.267391869650758
B11006117,21,81.59016393442623,17.17353763949329
B11006117,22,34.22950819672131,18.224819540920375
B11006117,23,17.737704918032787,16.97529703677367
B11006117,24,14.62295081967213,15.236027121274242
B11006118,1,9.21311475409836,8.789178805144353
B11006118,2,9.836065573770492,11.54489501527549
B11006118,3,9.098360655737705,10.248878256144508
B11006118,4,8.262295081967213,6.9610194263419665
B11006118,5,7.032786885245901,2.172610525512041
B11006118,6,6.786885245901639,1.8207794592675175
B11006118,7,6.819672131147541,1.971170882140962
B11006118,8,8.278688524590164,3.431441639115432
B11006118,9,16.262295081967213,7.206330639789977
B11006118,10,49.16393442622951,9.093648166676926
B11006118,11,89.78688524590164,16.225980739358857
B11006118,12,92.8360655737705,16.46474656963348
B11006118,13,92.68852459016394,16.314070145381002
B11006118,14,94.93442622950819,17.251152351587205
B11006118,15,94.0327868852459,15.013619186782702
B11006118,16,95.37704918032787,15.948856718803563
B11006118,17,97.9672131147541,16.434636767385324
B11006118,18,98.70491803278688,18.164407876885818
B11006118,19,103.27868852459017,17.79494415906649
B11006118,20,106.88524590163935,19.672814195792
B11006118,21,66.8360655737705,16.29259142493797
B11006118,22,27.34426229508197,15.354697306486516
B11006118,23,13.639344262295081,13.106165220350412
B11006118,24,11.114754098360656,11.864119153994878
B11006119,1,5.377049180327869,1.917682467657673
B11006119,2,5.311475409836065,1.9123497142842865
B11006119,3,5.344262295081967,1.915298597630807
B11006119,4,5.360655737704918,1.9250955853232365
B11006119,5,5.377049180327869,1.917682467657673
B11006119,6,5.360655737704918,2.0408354676635834
B11006119,7,6.704918032786885,2.129759951801557
B11006119,8,6.19672131147541,1.8360655737704914
B11006119,9,8.508196721311476,2.323246391876311
B11006119,10,19.098360655737704,9.051229276231547
B11006119,11,35.557377049180324,9.200008179190831
B11006119,12,38.39344262295082,8.090226219302817
B11006119,13,38.0655737704918,7.844532088479265
B11006119,14,38.08196721311475,7.652911332805149
B11006119,15,38.24590163934426,7.7790296872791975
B11006119,16,38.14754098360656,8.101479455202885
B11006119,17,38.31147540983606,8.106951042174549
B11006119,18,40.98360655737705,8.123012853148518
B11006119,19,45.40983606557377,7.661650400427534
B11006119,20,40.47540983606557,7.552236792483358
B11006119,21,9.491803278688524,5.7220395046214305
B11006119,22,6.19672131147541,3.7452469205785612
B11006119,23,5.704918032786885,2.504712033414332
B11006119,24,5.426229508196721,1.9790626726003615
B11006120,1,4.540983606557377,0.5301954632392206
B11006120,2,4.377049180327869,0.5481394589278848
B11006120,3,4.39344262295082,0.5209917567892034
B11006120,4,4.409836065573771,0.5240776184637961
B11006120,5,4.459016393442623,0.5602625406765595
B11006120,6,4.39344262295082,0.5209917567892034
B11006120,7,4.442622950819672,0.6146994511230385
B11006120,8,5.409836065573771,0.7327703815943283
B11006120,9,7.573770491803279,2.293676384576092
B11006120,10,12.573770491803279,5.074717197622994
B11006120,11,38.885245901639344,5.156877822283423
B11006120,12,41.67213114754098,3.410308920555438
B11006120,13,41.57377049180328,3.301559573816159
B11006120,14,42.22950819672131,4.778344053045687
B11006120,15,42.75409836065574,4.532779474099417
B11006120,16,43.049180327868854,5.019392653182865
B11006120,17,42.60655737704918,4.5889342615191095
B11006120,18,48.557377049180324,3.2163750605246686
B11006120,19,55.21311475409836,2.1356824386211484
B11006120,20,45.80327868852459,7.206144172882297
B11006120,21,16.16393442622951,5.086724373126492
B11006120,22,4.786885245901639,1.1889484829159833
B11006120,23,4.819672131147541,1.1805555335992677
B11006120,24,4.688524590163935,1.2084536061627615
B11006121,1,3.8688524590163933,0.46076948598541634
B11006121,2,3.901639344262295,0.43248871994337446
B11006121,3,3.80327868852459,0.5063424659501803
B11006121,4,3.901639344262295,0.4324887199433744
B11006121,5,4.049180327868853,0.3809491815941723
B11006121,6,3.9836065573770494,0.4613523698186979
B11006121,7,3.7704918032786887,0.5245901639344263
B11006121,8,3.918032786885246,0.416664427119306
B11006121,9,10.78688524590164,6.695030586980315
B11006121,10,24.770491803278688,6.033766848419017
B11006121,11,29.16393442622951,4.798156503467312
B11006121,12,29.37704918032787,5.319817371530132
B11006121,13,30.918032786885245,6.052489210091108
B11006121,14,31.016393442622952,6.392854113309278
B11006121,15,31.39344262295082,6.802310814028002
B11006121,16,31.704918032786885,7.198233531699839
B11006121,17,31.672131147540984,7.233168843859787
B11006121,18,31.508196721311474,6.860729184635354
B11006121,19,32.24590163934426,5.559383553823382
B11006121,20,26.16393442622951,3.5721157245809434
B11006121,21,11.459016393442623,5.5473336394999695
B11006121,22,6.426229508196721,4.747593061936987
B11006121,23,4.262295081967213,1.726378179265675
B11006121,24,3.8688524590163933,0.4607694859854163
B11006122,1,34.39344262295082,11.047258674165322
B11006122,2,32.557377049180324,9.466982468271251
B11006122,3,30.983606557377048,3.216207945721317
B11006122,4,30.852459016393443,2.9744048341093055
B11006122,5,30.81967213114754,2.888690194541983
B11006122,6,30.80327868852459,2.907422226698406
B11006122,7,30.885245901639344,2.8347860280413197
B11006122,8,33.91803278688525,3.613703798938978
B11006122,9,47.967213114754095,9.586478204451213
B11006122,10,99.67213114754098,10.632029110155491
B11006122,11,132.70491803278688,10.68681470784624
B11006122,12,135.0655737704918,11.043682048817667
B11006122,13,136.44262295081967,11.127465046722484
B11006122,14,137.672131147541,10.997348877954908
B11006122,15,138.55737704918033,10.899728662834121
B11006122,16,138.75409836065575,10.859242097915713
B11006122,17,139.59016393442624,10.757196674830965
B11006122,18,144.75409836065575,8.808817746365616
B11006122,19,160.95081967213116,6.919741844678171
B11006122,20,163.24590163934425,8.332546769293067
B11006122,21,100.81967213114754,15.6911880843695
B11006122,22,48.26229508196721,17.96253080068022
B11006122,23,38.68852459016394,12.194517692700765
B11006122,24,35.967213114754095,11.764028546510193
B11006123,1,37.868852459016395,7.155132079604981
B11006123,2,38.442622950819676,4.5250653112357035
B11006123,3,38.868852459016395,4.4333882606912445
B11006123,4,38.98360655737705,4.358868116270435
B11006123,5,39.08196721311475,4.2784058696914515
B11006123,6,38.59016393442623,4.469851830090295
B11006123,7,37.9344262295082,4.401448541213603
B11006123,8,41.59016393442623,7.032423850922748
B11006123,9,57.622950819672134,9.337328459900782
B11006123,10,81.01639344262296,10.56826645411644
B11006123,11,108.11475409836065,13.24807237528705
B11006123,12,110.1311475409836,13.469425499007507
B11006123,13,109.90163934426229,13.712151985251941
B11006123,14,111.77049180327869,14.825093307005128
B11006123,15,110.75409836065573,13.886726458313712
B11006123,16,109.37704918032787,17.23431949169574
B11006123,17,110.04918032786885,12.752918315336524
B11006123,18,111.11475409836065,12.027425437077147
B11006123,19,117.22950819672131,11.100721350985614
B11006123,20,115.52459016393442,11.368069399911963
B11006123,21,66.36065573770492,12.76269254042749
B11006123,22,45.40983606557377,11.370622269374604
B11006123,23,40.24590163934426,8.881101204990065
B11006123,24,38.32786885245902,8.764161956654638
B11006124,1,4.967213114754099,4.932219974069982
B11006124,2,4.377049180327869,0.48464739341293395
B11006124,3,4.295081967213115,0.45607959813913307
B11006124,4,4.278688524590164,0.44835391249761786
B11006124,5,4.344262295081967,0.4751271064324406
B11006124,6,4.39344262295082,0.48851358772955217
B11006124,7,4.442622950819672,0.49669696418174153
B11006124,8,4.754098360655738,0.5327238298121941
B11006124,9,11.770491803278688,7.3560356452281574
B11006124,10,61.63934426229508,7.624448997850778
B11006124,11,66.0327868852459,12.38318163135944
B11006124,12,70.32786885245902,16.556630400305142
B11006124,13,73.32786885245902,19.18736034731079
B11006124,14,74.50819672131148,20.31443236524113
B11006124,15,75.31147540983606,21.362247213715303
B11006124,16,75.36065573770492,21.78059956940568
B11006124,17,75.62295081967213,18.387597329584917
B11006124,18,72.8360655737705,10.737066681069503
B11006124,19,72.91803278688525,5.1415857793869275
B11006124,20,72.65573770491804,3.62995391697994
B11006124,21,33.24590163934426,9.494874782632268
B11006124,22,10.508196721311476,8.879194600198035
B11006124,23,5.098360655737705,6.459723685997381
B11006124,24,5.229508196721311,6.57215547799822
B11006125,1,9.557377049180328,9.32917965954826
B11006125,2,8.721311475409836,6.804364914273016
B11006125,3,7.836065573770492,2.62510157723126
B11006125,4,7.80327868852459,2.407772061342578
B11006125,5,7.852459016393443,2.5274627047159726
B11006125,6,8.098360655737705,2.4873774327347786
B11006125,7,8.180327868852459,2.466218959880851
B11006125,8,8.39344262295082,3.036816109476082
B11006125,9,9.885245901639344,4.9492452170225825
B11006125,10,26.950819672131146,11.372134810483463
B11006125,11,85.93442622950819,26.935788157898422
B11006125,12,103.85245901639344,10.687569101414066
B11006125,13,104.39344262295081,11.237056216404824
B11006125,14,104.59016393442623,11.374946656953401
B11006125,15,105.04918032786885,11.712997165833608
B11006125,16,104.9672131147541,11.854261477801572
B11006125,17,105.21311475409836,12.370131602860068
B11006125,18,106.72131147540983,11.006899695326704
B11006125,19,118.09836065573771,5.927720149012552
B11006125,20,80.09836065573771,33.49367687721331
B11006125,21,24.491803278688526,22.42117189638406
B11006125,22,11.573770491803279,11.611835421197
B11006125,23,10.655737704918034,10.273131030854369
B11006125,24,9.80327868852459,9.436274049577309
B11006126,1,10.59016393442623,7.232388556723192
B11006126,2,9.672131147540984,3.8569558686824847
B11006126,3,9.0,0.8493005801304012
B11006126,4,8.950819672131148,0.6120706459867039
B11006126,5,8.852459016393443,0.5960543922196013
B11006126,6,9.01639344262295,0.5865096334425679
B11006126,7,8.950819672131148,0.6120706459867039
B11006126,8,12.147540983606557,2.4214618642042978
B11006126,9,25.0,6.169730445529351
B11006126,10,54.73770491803279,3.95425332050979
B11006126,11,62.540983606557376,2.426451031092248
B11006126,12,63.0655737704918,2.9855875246773014
B11006126,13,64.32786885245902,3.5562058962105874
B11006126,14,64.8688524590164,3.6281025607535424
B11006126,15,64.77049180327869,3.365170897289705
B11006126,16,64.95081967213115,3.596110054608856
B11006126,17,65.8688524590164,3.4521336231383266
B11006126,18,69.0327868852459,2.9418808142196893
B11006126,19,78.0327868852459,2.415572518871326
B11006126,20,79.45901639344262,2.2801622784628064
B11006126,21,52.75409836065574,8.819976836713419
B11006126,22,16.42622950819672,12.025190794837478
B11006126,23,11.065573770491802,8.054870947585867
B11006126,24,10.885245901639344,8.024753426896256
B11006127,1,5.344262295081967,1.3042835594043336
B11006127,2,5.245901639344262,1.1826025440571433
B11006127,3,5.311475409836065,1.2219439444973264
B11006127,4,5.295081967213115,1.2847690651079768
B11006127,5,5.295081967213115,1.2459016393442621
B11006127,6,5.508196721311475,1.2363742711452328
B11006127,7,5.245901639344262,0.9348575363530002
B11006127,8,6.180327868852459,2.357465968819351
B11006127,9,17.40983606557377,7.776334526089402
B11006127,10,36.68852459016394,7.8730521579742
B11006127,11,50.90163934426229,8.181756831728379
B11006127,12,52.91803278688525,10.262609328452157
B11006127,13,53.540983606557376,12.226782977682143
B11006127,14,54.704918032786885,12.672862787183865
B11006127,15,55.40983606557377,13.27931591312845
B11006127,16,56.39344262295082,13.34077773008115
B11006127,17,60.22950819672131,13.408332915072188
B11006127,18,63.90163934426229,11.641791476742753
B11006127,19,65.98360655737704,9.760226756433797
B11006127,20,59.91803278688525,8.667434967564382
B11006127,21,27.278688524590162,13.042341069574672
B11006127,22,8.836065573770492,9.838333071971306
B11006127,23,7.163934426229508,8.556811739382903
B11006127,24,6.0,4.6834203558412515
B11006128,1,14.344262295081966,9.647704638081551
B11006128,2,15.540983606557377,10.189312579158461
B11006128,3,14.327868852459016,7.81281274568857
B11006128,4,12.114754098360656,1.4268888620976359
B11006128,5,12.032786885245901,0.767521305620959
B11006128,6,12.426229508196721,0.9136311339732966
B11006128,7,15.639344262295081,0.8499332063485717
B11006128,8,20.0327868852459,5.911830908634567
B11006128,9,56.967213114754095,24.44328813511434
B11006128,10,94.85245901639344,13.826603088598148
B11006128,11,123.55737704918033,18.20423711276674
B11006128,12,128.11475409836066,23.09715642185414
B11006128,13,129.45901639344262,26.259470591651876
B11006128,14,133.72131147540983,29.596815927294113
B11006128,15,136.47540983606558,31.648482499231548
B11006128,16,138.40983606557376,32.80762458820612
B11006128,17,140.672131147541,33.00458056211532
B11006128,18,142.11475409836066,31.777968634154433
B11006128,19,150.9016393442623,28.8942134532685
B11006128,20,148.54098360655738,26.015489566663433
B11006128,21,99.80327868852459,23.919139515288606
B11006128,22,27.704918032786885,17.34258878163866
B11006128,23,14.557377049180328,10.040123750403064
B11006128,24,13.901639344262295,9.171775876153237
B11006129,1,26.131147540983605,28.607276049030688
B11006129,2,24.737704918032787,26.616216946979232
B11006129,3,25.081967213114755,26.56590634133588
B11006129,4,24.78688524590164,26.044171025330556
B11006129,5,23.639344262295083,25.68857166765226
B11006129,6,23.852459016393443,25.68078701718643
B11006129,7,23.81967213114754,25.648000718888564
B11006129,8,24.737704918032787,25.15649486865889
B11006129,9,51.09836065573771,24.73578738670793
B11006129,10,128.0,23.59285804686817
B11006129,11,203.40983606557376,30.104940528681013
B11006129,12,206.85245901639345,33.5831905970018
B11006129,13,209.0655737704918,35.76648713139114
B11006129,14,211.81967213114754,37.88572472049888
B11006129,15,215.60655737704917,39.32599302614759
B11006129,16,217.0655737704918,39.28077528051095
B11006129,17,218.08196721311475,38.11212753156837
B11006129,18,218.29508196721312,33.84503947588818
B11006129,19,221.70491803278688,27.81457588299089
B11006129,20,213.63934426229508,24.90574546057711
B11006129,21,142.7377049180328,25.657198931833552
B11006129,22,57.16393442622951,41.10369945771857
B11006129,23,35.31147540983606,33.489191299413896
B11006129,24,29.770491803278688,31.724941546858236
B11006130,1,16.918032786885245,11.539376751029657
B11006130,2,14.639344262295081,2.0647929827978735
B11006130,3,14.557377049180328,2.0447821653505183
B11006130,4,14.524590163934427,2.147102946191122
B11006130,5,14.459016393442623,1.9126307562013427
B11006130,6,14.639344262295081,1.8110117350349477
B11006130,7,14.524590163934427,1.7797269764553563
B11006130,8,15.01639344262295,2.378122990923094
B11006130,9,27.885245901639344,9.095302986428885
B11006130,10,117.27868852459017,24.002138666692066
B11006130,11,212.9344262295082,13.625998357117341
B11006130,12,218.4262295081967,20.273910406244788
B11006130,13,219.72131147540983,18.717162412391346
B11006130,14,221.36065573770492,19.8072952174774
B11006130,15,222.60655737704917,22.65875048175095
B11006130,16,223.80327868852459,25.0165975541165
B11006130,17,223.0983606557377,24.39275955327781
B11006130,18,222.5737704918033,21.112857566796837
B11006130,19,236.65573770491804,19.7707228869403
B11006130,20,238.2622950819672,19.04343752491618
B11006130,21,134.19672131147541,27.116518268772882
B11006130,22,53.73770491803279,27.238414074427606
B11006130,23,29.639344262295083,24.76713368650918
B11006130,24,23.114754098360656,22.995436725259946
B11006131,1,13.098360655737705,4.031453864720525
B11006131,2,12.918032786885245,3.9765504532347804
B11006131,3,12.967213114754099,3.767711020186033
B11006131,4,13.098360655737705,4.1713500508800045
B11006131,5,13.01639344262295,3.8687135290420596
B11006131,6,12.770491803278688,3.939682281535024
B11006131,7,12.80327868852459,3.933128201180692
B11006131,8,12.721311475409836,3.820270128381336
B11006131,9,13.573770491803279,3.906526763912165
B11006131,10,37.83606557377049,34.29150844937278
B11006131,11,97.09836065573771,50.00514888834285
B11006131,12,166.39344262295083,12.382270096331737
B11006131,13,170.75409836065575,16.32121794887218
B11006131,14,174.47540983606558,18.592794794614854
B11006131,15,175.86885245901638,19.96839749912721
B11006131,16,176.9672131147541,19.59756359322882
B11006131,17,178.0655737704918,19.735853080166944
B11006131,18,181.29508196721312,18.05850624897035
B11006131,19,182.2622950819672,16.8005675541761
B11006131,20,179.2295081967213,13.846220343144783
B11006131,21,55.80327868852459,32.55452912114353
B11006131,22,15.950819672131148,10.39770817986884
B11006131,23,13.278688524590164,4.652273012374874
B11006131,24,12.918032786885245,4.009395040288366
B11006132,1,15.967213114754099,13.117335811461396
B11006132,2,15.147540983606557,11.664484509453093
B11006132,3,13.032786885245901,1.3786095765002386
B11006132,4,12.688524590163935,1.2484873944039194
B11006132,5,12.540983606557377,1.1099220249056232
B11006132,6,12.59016393442623,1.0616573677830938
B11006132,7,12.311475409836065,1.1094376600451559
B11006132,8,13.836065573770492,1.7290225407783881
B11006132,9,25.0,4.319228832201187
B11006132,10,85.14754098360656,37.5424725884111
B11006132,11,161.81967213114754,29.271206798379282
B11006132,12,167.7377049180328,31.69004686242093
B11006132,13,166.85245901639345,27.577512854946036
B11006132,14,168.9016393442623,27.70317193061958
B11006132,15,177.327868852459,32.138900034976466
B11006132,16,185.65573770491804,33.56856709165494
B11006132,17,177.45901639344262,28.490765700136226
B11006132,18,175.13114754098362,30.945470501913345
B11006132,19,181.0655737704918,26.410919781165912
B11006132,20,176.8360655737705,23.19636795189356
B11006132,21,78.57377049180327,19.520026720279887
B11006132,22,27.78688524590164,15.97345621376479
B11006132,23,20.081967213114755,15.669009909369152
B11006132,24,17.78688524590164,15.02360411027398
B11006133,1,18.295081967213115,12.31065680193062
B11006133,2,15.688524590163935,2.0449135907557605
B11006133,3,15.524590163934427,2.236849052684024
B11006133,4,15.524590163934427,2.7076488946967316
B11006133,5,15.344262295081966,2.07155003264673
B11006133,6,15.540983606557377,1.8954109420058536
B11006133,7,15.459016393442623,2.406097244616461
B11006133,8,16.081967213114755,2.7298896991301356
B11006133,9,30.39344262295082,10.461919531304702
B11006133,10,127.1311475409836,27.18755465633764
B11006133,11,232.7704918032787,18.474078820951256
B11006133,12,237.88524590163934,25.65988025006604
B11006133,13,242.91803278688525,21.934548751158705
B11006133,14,244.80327868852459,25.84621586414737
B11006133,15,244.95081967213116,26.262499743374782
B11006133,16,244.75409836065575,32.878642097177
B11006133,17,249.54098360655738,31.04231578868306
B11006133,18,243.54098360655738,28.044212032801255
B11006133,19,259.62295081967216,24.042424207730523
B11006133,20,261.39344262295083,26.669979862258337
B11006133,21,145.68852459016392,30.400356438595548
B11006133,22,58.49180327868852,31.22872939091722
B11006133,23,32.42622950819672,28.349377080728935
B11006133,24,25.327868852459016,26.25269466979387
B11006134,1,18.311475409836067,13.223849522125604
B11006134,2,18.508196721311474,13.60523398660064
B11006134,3,16.80327868852459,5.638915347775837
B11006134,4,15.360655737704919,1.3310021724711107
B11006134,5,15.262295081967213,1.2662276404804929
B11006134,6,15.37704918032787,1.2302729861831945
B11006134,7,15.0,1.2803687993289599
B11006134,8,18.18032786885246,2.265262961765066
B11006134,9,40.704918032786885,8.541785935066185
B11006134,10,100.18032786885246,11.78844696555552
B11006134,11,170.37704918032787,17.47050341728363
B11006134,12,173.65573770491804,18.696791384147943
B11006134,13,176.672131147541,20.595814720054175
B11006134,14,178.50819672131146,20.71636950820884
B11006134,15,179.60655737704917,21.498210896604967
B11006134,16,180.50819672131146,22.691533013850737
B11006134,17,181.21311475409837,22.52147591041832
B11006134,18,186.86885245901638,19.588785190524874
B11006134,19,195.327868852459,17.55153658349652
B11006134,20,196.8360655737705,19.299350475665893
B11006134,21,128.36065573770492,26.667984604178404
B11006134,22,42.67213114754098,20.056249842712173
B11006134,23,19.278688524590162,13.758015425342663
B11006134,24,18.57377049180328,13.577294228611116
B11006135,1,27.131147540983605,28.607276049030688
B11006135,2,25.737704918032787,26.616216946979232
B11006135,3,26.081967213114755,26.56590634133588
B11006135,4,25.78688524590164,26.044171025330556
B11006135,5,24.639344262295083,25.68857166765226
B11006135,6,24.852459016393443,25.68078701718643
B11006135,7,24.81967213114754,25.648000718888564
B11006135,8,25.737704918032787,25.15649486865889
B11006135,9,52.14754098360656,24.754424056048666
B11006135,10,129.50819672131146,25.00925923668788
B11006135,11,205.49180327868854,32.33767682827301
B11006135,12,209.13114754098362,35.87934033141602
B11006135,13,211.54098360655738,38.144923719807004
B11006135,14,214.9344262295082,41.746647593867046
B11006135,15,218.70491803278688,43.132029201349525
B11006135,16,220.52459016393442,42.87939875915693
B11006135,17,221.50819672131146,42.04237633892256
B11006135,18,221.1639344262295,36.49845284296482
B11006135,19,224.52459016393442,29.77875056962216
B11006135,20,215.95081967213116,26.730854174565916
B11006135,21,143.91803278688525,25.728274350373855
B11006135,22,58.18032786885246,41.09784733572073
B11006135,23,36.31147540983606,33.489191299413896
B11006135,24,30.770491803278688,31.724941546858236
B11006136,1,27.442622950819672,25.313460807210095
B11006136,2,26.16393442622951,22.944823572705573
B11006136,3,25.508196721311474,22.883613545053006
B11006136,4,24.40983606557377,20.54932255209827
B11006136,5,23.327868852459016,18.58495893826238
B11006136,6,23.295081967213115,18.559027905484704
B11006136,7,23.327868852459016,18.361329027467796
B11006136,8,32.295081967213115,17.41428117746201
B11006136,9,83.04918032786885,18.806544230280977
B11006136,10,138.72131147540983,10.800927627953746
B11006136,11,194.81967213114754,10.240562543336056
B11006136,12,197.95081967213116,11.802231283217756
B11006136,13,199.8360655737705,12.322417699579624
B11006136,14,200.70491803278688,12.939131476027946
B11006136,15,201.34426229508196,13.39915001696387
B11006136,16,202.40983606557376,13.591676634750304
B11006136,17,202.70491803278688,13.013667799027502
B11006136,18,207.52459016393442,10.881788903947143
B11006136,19,215.95081967213116,9.908476631864414
B11006136,20,214.21311475409837,10.376699551254022
B11006136,21,209.14754098360655,9.623802570733227
B11006136,22,107.0,22.532308315678332
B11006136,23,32.22950819672131,26.42427686720775
B11006136,24,28.34426229508197,25.28907315773164
B11006137,1,30.278688524590162,15.542781939253338
B11006137,2,29.934426229508198,11.543032604994572
B11006137,3,28.098360655737704,7.875475354964216
B11006137,4,27.16393442622951,1.631456433393407
B11006137,5,26.852459016393443,1.4467155064203414
B11006137,6,24.311475409836067,1.868996255612537
B11006137,7,21.65573770491803,1.4918933498299618
B11006137,8,24.229508196721312,2.083451129877673
B11006137,9,37.295081967213115,6.876770740176926
B11006137,10,89.37704918032787,7.2114752235045945
B11006137,11,151.50819672131146,4.260466190221679
B11006137,12,153.08196721311475,5.220687354931477
B11006137,13,154.37704918032787,6.2046094299245915
B11006137,14,156.19672131147541,6.972591944931916
B11006137,15,157.8360655737705,7.140694570314555
B11006137,16,158.9672131147541,7.853092140532725
B11006137,17,162.4262295081967,7.959856280919886
B11006137,18,167.95081967213116,7.3001824129650235
B11006137,19,173.68852459016392,4.674805101947952
B11006137,20,174.5737704918033,5.119743258142268
B11006137,21,85.19672131147541,14.8156094823051
B11006137,22,32.78688524590164,18.81063071784742
B11006137,23,27.78688524590164,18.82544036808715
B11006137,24,28.57377049180328,19.16490903298025
B11006138,1,38.52459016393443,12.079798279415872
B11006138,2,36.77049180327869,11.301230808673736
B11006138,3,34.721311475409834,4.125614301167701
B11006138,4,34.73770491803279,3.6345412110149438
B11006138,5,33.63934426229508,3.483134008450972
B11006138,6,33.98360655737705,3.399574724023476
B11006138,7,34.68852459016394,3.843414566252755
B11006138,8,38.09836065573771,4.675379946102695
B11006138,9,53.442622950819676,11.502707578858082
B11006138,10,109.80327868852459,13.445481503343752
B11006138,11,146.04918032786884,16.541479139273576
B11006138,12,148.65573770491804,14.501424741650686
B11006138,13,150.54098360655738,16.701402484047783
B11006138,14,150.9016393442623,14.364921890463163
B11006138,15,153.19672131147541,14.432226771294525
B11006138,16,156.59016393442624,14.365688915116895
B11006138,17,153.47540983606558,13.145598973535515
B11006138,18,161.21311475409837,14.577227641363875
B11006138,19,178.08196721311475,11.918156808158006
B11006138,20,180.47540983606558,13.873676640334349
B11006138,21,111.59016393442623,18.545802449549484
B11006138,22,53.868852459016395,20.337702539490273
B11006138,23,42.81967213114754,13.385223314206998
B11006138,24,40.18032786885246,12.638100340651311
B11006139,1,29.737704918032787,27.581118297412765
B11006139,2,29.60655737704918,29.91697730004317
B11006139,3,27.75409836065574,27.403874165325853
B11006139,4,25.327868852459016,16.907386407435695
B11006139,5,22.34426229508197,5.395460283322101
B11006139,6,22.262295081967213,5.203723885217428
B11006139,7,21.9672131147541,5.1849947851271
B11006139,8,26.59016393442623,9.404179484484768
B11006139,9,49.75409836065574,18.60165314150553
B11006139,10,141.24590163934425,20.742492805678005
B11006139,11,251.91803278688525,28.45260371960982
B11006139,12,257.9016393442623,33.860710303101776
B11006139,13,261.91803278688525,36.72775119178252
B11006139,14,264.37704918032784,37.81064293504562
B11006139,15,267.2295081967213,39.39143347106919
B11006139,16,270.1967213114754,41.10355561666373
B11006139,17,273.0983606557377,40.68701203249291
B11006139,18,279.8524590163934,38.955138580450345
B11006139,19,295.6393442622951,33.226018240147255
B11006139,20,297.88524590163934,35.07981455016486
B11006139,21,188.0327868852459,39.52420599387653
B11006139,22,79.1311475409836,41.951758168606574
B11006139,23,41.24590163934426,39.074815056862775
B11006139,24,34.032786885245905,35.03720140646517
B11006140,1,41.39344262295082,15.656432908777008
B11006140,2,42.950819672131146,13.195163333347239
B11006140,3,41.52459016393443,6.3880178751329435
B11006140,4,41.868852459016395,6.364541655644056
B11006140,5,39.59016393442623,3.1434399512673794
B11006140,6,48.131147540983605,6.594770431471093
B11006140,7,87.40983606557377,15.554638809619323
B11006140,8,97.21311475409836,15.928235321662012
B11006140,9,147.18032786885246,7.184930031992876
B11006140,10,189.65573770491804,5.260073071553905
B11006140,11,206.31147540983608,6.208246719595037
B11006140,12,206.19672131147541,7.5938276750528315
B11006140,13,207.9672131147541,8.113876422150287
B11006140,14,210.31147540983608,10.263002123027364
B11006140,15,210.2295081967213,11.364877506675384
B11006140,16,211.01639344262296,10.911704955025625
B11006140,17,209.36065573770492,10.877910821122923
B11006140,18,209.47540983606558,10.041890223372485
B11006140,19,218.44262295081967,9.27277805149353
B11006140,20,217.68852459016392,8.37157756566347
B11006140,21,161.36065573770492,13.203368654714717
B11006140,22,84.78688524590164,18.954747451602845
B11006140,23,56.131147540983605,12.233353238995225
B11006140,24,44.59016393442623,13.966443448354212
B11006141,1,29.704918032786885,18.69982402152235
B11006141,2,29.83606557377049,19.036789514308694
B11006141,3,30.57377049180328,15.764100132786087
B11006141,4,29.229508196721312,10.257973216587569
B11006141,5,29.065573770491802,9.942241150616743
B11006141,6,28.327868852459016,10.298370572173868
B11006141,7,27.24590163934426,9.50005304162055
B11006141,8,27.114754098360656,9.07545484685133
B11006141,9,49.0655737704918,13.094697778745756
B11006141,10,124.70491803278688,22.36313144316111
B11006141,11,180.21311475409837,36.37424541681338
B11006141,12,186.86885245901638,37.37075011632654
B11006141,13,190.78688524590163,40.500603012753615
B11006141,14,194.01639344262296,40.03829797862955
B11006141,15,197.8360655737705,38.67993097111377
B11006141,16,199.63934426229508,37.89200910044714
B11006141,17,196.49180327868854,34.5251739710576
B11006141,18,196.27868852459017,26.85243899997252
B11006141,19,205.98360655737704,21.562331912029993
B11006141,20,202.7704918032787,18.343170831444933
B11006141,21,108.65573770491804,21.685445179947603
B11006141,22,36.24590163934426,20.720351710497546
B11006141,23,28.39344262295082,19.528271803305
B11006141,24,28.442622950819672,18.92047601917722
B11006142,1,33.08196721311475,12.617052060106975
B11006142,2,34.57377049180328,10.562008962521057
B11006142,3,33.32786885245902,5.00400269776044
B11006142,4,33.60655737704918,5.0966999561902
B11006142,5,31.918032786885245,2.444767459974721
B11006142,6,38.57377049180328,5.2556262324167395
B11006142,7,69.98360655737704,12.60170662821364
B11006142,8,77.85245901639344,12.849489452859208
B11006142,9,117.72131147540983,5.800314145084867
B11006142,10,151.81967213114754,4.194094977392293
B11006142,11,165.04918032786884,4.983336921092252
B11006142,12,164.95081967213116,6.033855928088148
B11006142,13,166.2622950819672,6.518326344941325
B11006142,14,168.29508196721312,8.185040857915151
B11006142,15,168.1639344262295,9.111657688465128
B11006142,16,168.8360655737705,8.669109145278382
B11006142,17,167.52459016393442,8.760205397279575
B11006142,18,167.50819672131146,8.00127643673423
B11006142,19,174.75409836065575,7.482560571865533
B11006142,20,174.08196721311475,6.770948263896841
B11006142,21,129.18032786885246,10.538778037109086
B11006142,22,67.81967213114754,15.104562546746186
B11006142,23,44.967213114754095,9.752624217025721
B11006142,24,35.704918032786885,11.226935208399896
B11006145,1,36.59016393442623,24.62131360386124
B11006145,2,31.37704918032787,4.089827181511521
B11006145,3,31.049180327868854,4.473698105368048
B11006145,4,31.049180327868854,5.415297789393463
B11006145,5,30.688524590163933,4.14310006529346
B11006145,6,31.081967213114755,3.790821884011707
B11006145,7,30.918032786885245,4.812194489232922
B11006145,8,32.16393442622951,5.459779398260271
B11006145,9,60.78688524590164,20.923839062609403
B11006145,10,254.2622950819672,54.37510931267528
B11006145,11,465.5409836065574,36.94815764190251
B11006145,12,475.7704918032787,51.31976050013208
B11006145,13,485.8360655737705,43.86909750231741
B11006145,14,489.60655737704917,51.69243172829474
B11006145,15,489.9016393442623,52.524999486749564
B11006145,16,489.5081967213115,65.757284194354
B11006145,17,499.08196721311475,62.08463157736612
B11006145,18,487.08196721311475,56.08842406560251
B11006145,19,519.2459016393443,48.084848415461046
B11006145,20,522.7868852459017,53.339959724516675
B11006145,21,291.37704918032784,60.800712877191096
B11006145,22,116.98360655737704,62.45745878183444
B11006145,23,64.85245901639344,56.69875416145787
B11006145,24,50.65573770491803,52.50538933958774
B11006147,1,32.85245901639344,24.09668779740688
B11006147,2,32.57377049180328,19.124663516931495
B11006147,3,34.77049180327869,15.463752903370196
B11006147,4,35.131147540983605,8.729966123600667
B11006147,5,29.114754098360656,5.156877822283423
B11006147,6,25.721311475409838,4.4799412596448525
B11006147,7,26.459016393442624,3.4478492725594356
B11006147,8,44.24590163934426,4.833814424651046
B11006147,9,66.63934426229508,11.818341936472523
B11006147,10,131.1639344262295,19.482804800155083
B11006147,11,253.68852459016392,18.341515198869992
B11006147,12,261.9344262295082,25.189686187893606
B11006147,13,267.4754098360656,27.080696989224602
B11006147,14,267.55737704918033,27.99913616358573
B11006147,15,268.57377049180326,29.46932777017512
B11006147,16,268.73770491803276,30.1672396621063
B11006147,17,267.27868852459017,29.79389922562868
B11006147,18,272.11475409836066,27.67143189233834
B11006147,19,283.39344262295083,24.682428002179474
B11006147,20,284.11475409836066,23.470314952209865
B11006147,21,201.0327868852459,25.491861261860155
B11006147,22,100.8360655737705,39.39841901124795
B11006147,23,55.81967213114754,33.47448658831855
B11006147,24,37.91803278688525,24.09631975298862
B11006148,1,144.44262295081967,31.726042769961722
B11006148,2,135.31147540983608,34.24096912582389
B11006148,3,135.04918032786884,27.267602965044162
B11006148,4,131.24590163934425,24.839587479550854
B11006148,5,125.18032786885246,20.02662833617913
B11006148,6,132.88524590163934,18.587937531120655
B11006148,7,165.13114754098362,16.107706545581202
B11006148,8,210.9016393442623,18.93189252794341
B11006148,9,291.0163934426229,22.272891560553013
B11006148,10,433.3606557377049,38.126206634766234
B11006148,11,592.688524590164,30.54292383161477
B11006148,12,600.7540983606557,34.912844992903715
B11006148,13,611.7377049180328,37.87031435685077
B11006148,14,608.8852459016393,42.24949252218487
B11006148,15,609.5409836065573,43.407173906780685
B11006148,16,603.8360655737705,43.314019359150684
B11006148,17,595.2622950819672,41.54748483809752
B11006148,18,592.6065573770492,37.21460963271764
B11006148,19,617.8032786885246,34.13465124297756
B11006148,20,607.4918032786885,36.09578466412218
B11006148,21,562.4098360655738,30.0935029474014
B11006148,22,307.4918032786885,32.62937575746672
B11006148,23,158.8360655737705,32.64874176164605
B11006148,24,134.24590163934425,30.653887907721877
B11006149,1,23.16393442622951,13.940365176049072
B11006149,2,20.081967213114755,2.34901501483252
B11006149,3,20.21311475409836,2.483484820908708
B11006149,4,20.114754098360656,2.8405630973495706
B11006149,5,19.868852459016395,2.6825202844698706
B11006149,6,20.131147540983605,2.3848937828089616
B11006149,7,19.901639344262296,3.0065770419651154
B11006149,8,20.78688524590164,2.692520021986598
B11006149,9,36.459016393442624,11.355036104484983
B11006149,10,143.21311475409837,28.80011085708307
B11006149,11,256.7049180327869,21.00924407180542
B11006149,12,265.8032786885246,34.14953599863888
B11006149,13,271.95081967213116,25.13467086826494
B11006149,14,271.8196721311475,32.62831325891687
B11006149,15,272.91803278688525,32.96858667892032
B11006149,16,271.78688524590166,39.9097813533895
B11006149,17,278.26229508196724,37.719370002972255
B11006149,18,270.04918032786884,31.70738458203476
B11006149,19,291.04918032786884,31.285269266839133
B11006149,20,289.55737704918033,33.768510207658245
B11006149,21,162.39344262295083,33.574130697350505
B11006149,22,66.67213114754098,33.21599521437166
B11006149,23,38.47540983606557,31.55043142641143
B11006149,24,31.081967213114755,29.600229884999653
B11006150,1,154.0655737704918,40.72734967507748
B11006150,2,159.0327868852459,34.60027821982084
B11006150,3,153.95081967213116,15.114238460675761
B11006150,4,155.75409836065575,18.798025478543337
B11006150,5,149.75409836065575,10.017453191771928
B11006150,6,171.21311475409837,18.19305826371233
B11006150,7,269.1475409836066,39.817961210198156
B11006150,8,292.8032786885246,42.11024550077389
B11006150,9,416.27868852459017,25.76828088793229
B11006150,10,527.2459016393443,23.973794256902526
B11006150,11,565.8852459016393,27.77904526953857
B11006150,12,563.6065573770492,27.94800716583903
B11006150,13,572.0983606557377,27.612485248069316
B11006150,14,578.4262295081967,37.65218693336894
B11006150,15,579.4098360655738,46.62489908543743
B11006150,16,576.5409836065573,38.292478296846824
B11006150,17,580.6065573770492,38.48707625902517
B11006150,18,573.1147540983607,30.496491795365223
B11006150,19,599.2295081967213,42.151714059084064
B11006150,20,600.8032786885246,38.16908871734426
B11006150,21,456.0,42.45074291187955
B11006150,22,260.91803278688525,46.68284870638453
B11006150,23,190.9344262295082,32.016834123531616
B11006150,24,162.04918032786884,36.01203179153277
B11006151,1,26.540983606557376,16.443219510940587
B11006151,2,23.16393442622951,2.649963364230844
B11006151,3,23.114754098360656,3.0893702507290643
B11006151,4,23.0,3.131018794022896
B11006151,5,22.770491803278688,3.1120782293622566
B11006151,6,23.229508196721312,2.893709642627341
B11006151,7,22.81967213114754,3.2968350283229864
B11006151,8,24.049180327868854,2.994126652315298
B11006151,9,41.78688524590164,12.799993281374212
B11006151,10,159.9344262295082,33.921736757878236
B11006151,11,284.42622950819674,29.159515510374735
B11006151,12,288.75409836065575,38.335300573866455
B11006151,13,296.57377049180326,30.790917873429976
B11006151,14,299.26229508196724,39.03126180398588
B11006151,15,300.8032786885246,41.101960254848976
B11006151,16,298.27868852459017,46.02213692131888
B11006151,17,306.4754098360656,42.158407969667834
B11006151,18,299.1311475409836,39.22172173758056
B11006151,19,320.0655737704918,39.787084506448146
B11006151,20,319.95081967213116,42.829599933640274
B11006151,21,180.672131147541,36.87716487070058
B11006151,22,74.90163934426229,37.081525123830495
B11006151,23,43.9344262295082,35.69720972356014
B11006151,24,35.26229508196721,32.841348207856015
B11006152,1,213.24590163934425,34.72640406003974
B11006152,2,200.75409836065575,27.758121385921832
B11006152,3,188.88524590163934,25.751077240338763
B11006152,4,217.98360655737704,25.260928038245144
B11006152,5,203.47540983606558,21.21521767264263
B11006152,6,200.14754098360655,27.15519215852381
B11006152,7,228.27868852459017,23.95701830672767
B11006152,8,305.5245901639344,14.257131154845306
B11006152,9,333.72131147540983,19.39505695649296
B11006152,10,433.27868852459017,32.731461351648484
B11006152,11,539.8524590163935,39.357060759896136
B11006152,12,544.9180327868852,47.55059258459843
B11006152,13,563.1967213114754,53.93098798149388
B11006152,14,557.3770491803278,54.866802628155085
B11006152,15,547.1475409836065,55.14595717107369
B11006152,16,544.344262295082,57.51945793250519
B11006152,17,551.0491803278688,56.488915561332476
B11006152,18,537.2131147540983,51.27588982342045
B11006152,19,532.4918032786885,47.22482778203926
B11006152,20,518.7377049180328,44.32070220464615
B11006152,21,391.4590163934426,41.648243530747514
B11006152,22,265.57377049180326,36.620991479354196
B11006152,23,283.0327868852459,40.75394669135488
B11006152,24,221.78688524590163,40.7757219449806
B11006153,1,21.852459016393443,21.45054247896223
B11006153,2,23.983606557377048,22.03238436400463
B11006153,3,33.59016393442623,20.938142345756425
B11006153,4,28.147540983606557,10.808066304012337
B11006153,5,22.62295081967213,4.4617277195592
B11006153,6,18.114754098360656,2.402855955485279
B11006153,7,17.770491803278688,1.7119966544987117
B11006153,8,19.918032786885245,7.097205827387429
B11006153,9,41.24590163934426,18.886768495087942
B11006153,10,77.47540983606558,18.327267651947817
B11006153,11,134.47540983606558,7.726060980516355
B11006153,12,136.0,8.120001615117339
B11006153,13,136.60655737704917,8.43738497388424
B11006153,14,137.70491803278688,8.928393210491473
B11006153,15,137.81967213114754,9.44788673868015
B11006153,16,138.327868852459,8.921738622509297
B11006153,17,138.59016393442624,8.729781416489356
B11006153,18,141.0655737704918,9.322753502453486
B11006153,19,147.47540983606558,8.480656016569633
B11006153,20,146.81967213114754,7.994892215148762
B11006153,21,95.91803278688525,19.214317648239543
B11006153,22,35.91803278688525,22.107260940559936
B11006153,23,21.442622950819672,18.58390330292826
B11006153,24,20.918032786885245,17.06717209566914
B11006154,1,52.049180327868854,16.88187138013291
B11006154,2,49.80327868852459,15.618210967981113
B11006154,3,47.032786885245905,5.340741070683946
B11006154,4,47.14754098360656,4.874947887317162
B11006154,5,46.68852459016394,4.846972973258019
B11006154,6,46.57377049180328,4.822960849640193
B11006154,7,47.09836065573771,5.535888626618213
B11006154,8,51.63934426229508,6.455478768254537
B11006154,9,72.75409836065573,15.245161272345838
B11006154,10,152.70491803278688,17.690735059925988
B11006154,11,205.8360655737705,19.221044075178707
B11006154,12,209.18032786885246,21.496098156597533
B11006154,13,207.75409836065575,19.2946571537006
B11006154,14,211.75409836065575,18.159273237520143
B11006154,15,214.7377049180328,18.350773101456063
B11006154,16,214.11475409836066,20.320464013560755
B11006154,17,215.65573770491804,20.97921316712162
B11006154,18,221.39344262295083,17.807052101394827
B11006154,19,248.47540983606558,17.04247976778359
B11006154,20,252.9344262295082,20.5672578027127
B11006154,21,156.4262295081967,24.1175121847199
B11006154,22,75.1639344262295,28.97210661255875
B11006154,23,58.868852459016395,18.65781197952958
B11006154,24,54.67213114754098,17.775209584870694
B11006155,1,59.47540983606557,22.653199070125233
B11006155,2,58.704918032786885,18.439394981624623
B11006155,3,61.295081967213115,17.13432396624292
B11006155,4,61.50819672131148,8.818057015866433
B11006155,5,55.622950819672134,5.316734898524455
B11006155,6,52.22950819672131,4.653197182628802
B11006155,7,52.81967213114754,4.1151786078454995
B11006155,8,71.60655737704919,5.84016249640477
B11006155,9,93.77049180327869,12.98724903368868
B11006155,10,161.01639344262296,22.511557544033188
B11006155,11,285.655737704918,25.429997289828986
B11006155,12,294.344262295082,28.995129747010193
B11006155,13,300.91803278688525,33.34385930733156
B11006155,14,301.44262295081967,35.88621571531374
B11006155,15,301.8196721311475,36.4523080277263
B11006155,16,301.5245901639344,36.22317280116216
B11006155,17,299.59016393442624,38.827224287537796
B11006155,18,302.44262295081967,38.02222153984492
B11006155,19,313.42622950819674,35.423183580301185
B11006155,20,314.7704918032787,30.400816125058302
B11006155,21,232.65573770491804,29.501256014329368
B11006155,22,130.65573770491804,41.50089283886558
B11006155,23,83.0,33.68659800641646
B11006155,24,64.85245901639344,24.872023961078266
B11006302,1,153.75409836065575,11.871795668043136
B11006302,2,112.34426229508196,16.122365328947662
B11006302,3,95.29508196721312,28.26939738077149
B11006302,4,84.27868852459017,34.657164540939256
B11006302,5,72.06557377049181,37.88414991569326
B11006302,6,57.0,38.00388245912795
B11006302,7,27.80327868852459,26.436326021451933
B11006302,8,12.98360655737705,10.181132989994628
B11006302,9,40.52459016393443,26.13433553171945
B11006302,10,153.65573770491804,26.178382550883114
B11006302,11,175.2622950819672,30.79434780974718
B11006302,12,184.72131147540983,35.00310578610811
B11006302,13,196.36065573770492,33.881196868017405
B11006302,14,202.14754098360655,33.5895358732857
B11006302,15,205.0655737704918,30.31845666973703
B11006302,16,205.44262295081967,28.467712277252925
B11006302,17,203.1639344262295,28.081369080554513
B11006302,18,197.13114754098362,25.32896703014746
B11006302,19,194.63934426229508,21.2618590144497
B11006302,20,190.91803278688525,19.75696190387217
B11006302,21,184.9016393442623,18.20530000115962
B11006302,22,180.63934426229508,16.387753111059016
B11006302,23,177.54098360655738,14.901395875303702
B11006302,24,174.27868852459017,13.32338157678778
B11006303,1,42.19672131147541,5.841680849878817
B11006303,2,21.147540983606557,6.830107085961201
B11006303,3,9.78688524590164,7.415346855463438
B11006303,4,8.114754098360656,7.2634236624465265
B11006303,5,7.213114754098361,6.046580808906368
B11006303,6,6.868852459016393,5.151715963800244
B11006303,7,6.655737704918033,4.8345927182001
B11006303,8,6.672131147540983,4.786323793707457
B11006303,9,6.491803278688525,3.990246102848886
B11006303,10,15.19672131147541,3.629657763441308
B11006303,11,32.885245901639344,5.263852483905611
B11006303,12,33.57377049180328,5.167550126315343
B11006303,13,34.16393442622951,5.450764205313745
B11006303,14,34.47540983606557,5.212238301413598
B11006303,15,34.557377049180324,5.320928644956552
B11006303,16,34.52459016393443,5.391573745668811
B11006303,17,34.49180327868852,5.412865520371681
B11006303,18,39.52459016393443,5.644107786079821
B11006303,19,42.32786885245902,6.112929890948593
B11006303,20,43.77049180327869,5.582153772670195
B11006303,21,43.77049180327869,5.505268542527481
B11006303,22,43.540983606557376,5.5473336394999695
B11006303,23,43.295081967213115,5.329608795335185
B11006303,24,43.0655737704918,5.524517195607044
B11006304,1,24.491803278688526,3.564961319173374
B11006304,2,23.75409836065574,3.0710479746263046
B11006304,3,21.19672131147541,3.696784921847399
B11006304,4,12.59016393442623,7.223316184027734
B11006304,5,9.62295081967213,6.59896647254538
B11006304,6,6.491803278688525,3.118548163781556
B11006304,7,5.786885245901639,1.8652539412959357
B11006304,8,6.327868852459017,1.8529667083206285
B11006304,9,6.19672131147541,1.156870738647695
B11006304,10,5.836065573770492,1.2437427369436498
B11006304,11,4.967213114754099,0.8486674823308055
B11006304,12,4.950819672131147,0.8183596048753236
B11006304,13,5.426229508196721,1.298915264887889
B11006304,14,6.39344262295082,2.129255149720088
B11006304,15,11.032786885245901,4.569920231447724
B11006304,16,13.885245901639344,5.578349131946927
B11006304,17,21.295081967213115,4.062399607012075
B11006304,18,24.75409836065574,4.221940109168669
B11006304,19,25.934426229508198,4.679459309031951
B11006304,20,26.295081967213115,5.192504883049653
B11006304,21,26.065573770491802,4.921911039153877
B11006304,22,26.0,5.143832850457198
B11006304,23,25.901639344262296,4.884585718402252
B11006304,24,25.147540983606557,4.272811742020303
B11006306,1,73.39344262295081,9.254646486547726
B11006306,2,64.54098360655738,10.583893997356183
B11006306,3,60.885245901639344,8.548987785267162
B11006306,4,64.88524590163935,6.568924259202487
B11006306,5,69.98360655737704,6.597296523499106
B11006306,6,74.0327868852459,6.677506192777518
B11006306,7,72.55737704918033,7.309379983492432
B11006306,8,98.19672131147541,9.78091093704458
B11006306,9,146.14754098360655,13.185730073067466
B11006306,10,222.44262295081967,15.498836117237367
B11006306,11,221.85245901639345,19.60330857452365
B11006306,12,229.1639344262295,20.370486789992867
B11006306,13,230.80327868852459,23.720240835956435
B11006306,14,223.39344262295083,24.97295500318235
B11006306,15,228.36065573770492,24.655683205380996
B11006306,16,218.52459016393442,19.249531871997583
B11006306,17,210.72131147540983,18.089151850583676
B11006306,18,202.54098360655738,14.894793644795577
B11006306,19,212.72131147540983,12.862617263613041
B11006306,20,209.68852459016392,11.95146055085217
B11006306,21,204.50819672131146,10.213496295796633
B11006306,22,193.9016393442623,9.152093584786027
B11006306,23,172.54098360655738,9.65906313634311
B11006306,24,86.68852459016394,9.65900749000736
B11006307,1,32.85245901639344,3.130160345621922
B11006307,2,22.262295081967213,6.868559014037812
B11006307,3,11.032786885245901,3.1827774916163207
B11006307,4,9.245901639344263,0.9348575363530002
B11006307,5,8.950819672131148,0.7772635797462099
B11006307,6,8.672131147540984,0.7404321174187684
B11006307,7,8.918032786885245,0.7953776702103741
B11006307,8,8.836065573770492,0.7283560620171495
B11006307,9,8.639344262295081,1.0248196464319856
B11006307,10,8.573770491803279,0.7346018525379698
B11006307,11,12.704918032786885,2.2495483138248433
B11006307,12,22.37704918032787,6.044002404297591
B11006307,13,30.18032786885246,7.396295476638822
B11006307,14,31.278688524590162,7.845080211567877
B11006307,15,30.59016393442623,7.514744084907356
B11006307,16,28.80327868852459,6.75525216947172
B11006307,17,28.37704918032787,5.953822121128604
B11006307,18,32.77049180327869,5.264771390185563
B11006307,19,34.950819672131146,4.328427683741926
B11006307,20,36.21311475409836,3.950989724930151
B11006307,21,36.40983606557377,3.6725702313601905
B11006307,22,36.57377049180328,3.3849184138820045
B11006307,23,35.442622950819676,3.185647064332402
B11006307,24,34.52459016393443,3.191210045319154
