計測日,計測時間,全体,空調,照明,動力,電灯,冷凍・冷熱,その他
2013/07/01,01,58,,,32,26,,
2013/07/01,02,54,,,30,25,,
2013/07/01,03,50,,,26,24,,
2013/07/01,04,40,,,19,21,,
2013/07/01,05,39,,,20,20,,
2013/07/01,06,23,,,7,16,,
2013/07/01,07,15,,,2,13,,
2013/07/01,08,16,,,2,12,,
2013/07/01,09,22,,,7,15,,
2013/07/01,10,42,,,24,18,,
2013/07/01,11,56,,,31,24,,
2013/07/01,12,54,,,28,26,,
2013/07/01,13,60,,,33,27,,
2013/07/01,14,57,,,32,25,,
2013/07/01,15,57,,,31,26,,
2013/07/01,16,59,,,33,27,,
2013/07/01,17,69,,,39,30,,
2013/07/01,18,70,,,39,32,,
2013/07/01,19,69,,,37,30,,
2013/07/01,20,67,,,37,31,,
2013/07/01,21,66,,,35,30,,
2013/07/01,22,70,,,38,32,,
2013/07/01,23,68,,,36,30,,
2013/07/01,24,66,,,37,30,,
2013/07/02,01,57,,,30,26,,
2013/07/02,02,54,,,30,24,,
2013/07/02,03,40,,,18,22,,
2013/07/02,04,36,,,16,20,,
2013/07/02,05,33,,,13,20,,
2013/07/02,06,28,,,12,16,,
2013/07/02,07,26,,,12,14,,
2013/07/02,08,24,,,10,14,,
2013/07/02,09,27,,,13,15,,
2013/07/02,10,30,,,13,16,,
2013/07/02,11,46,,,23,23,,
2013/07/02,12,52,,,26,25,,
2013/07/02,13,55,,,28,27,,
2013/07/02,14,56,,,30,26,,
2013/07/02,15,58,,,30,28,,
2013/07/02,16,60,,,33,27,,
2013/07/02,17,71,,,40,31,,
2013/07/02,18,67,,,36,29,,
2013/07/02,19,68,,,37,31,,
2013/07/02,20,63,,,33,30,,
2013/07/02,21,65,,,35,30,,
2013/07/02,22,61,,,32,29,,
2013/07/02,23,62,,,33,29,,
2013/07/02,24,57,,,30,27,,
2013/07/03,01,54,,,28,25,,
2013/07/03,02,54,,,30,23,,
2013/07/03,03,46,,,25,22,,
2013/07/03,04,43,,,23,22,,
2013/07/03,05,34,,,16,19,,
2013/07/03,06,25,,,9,17,,
2013/07/03,07,24,,,8,16,,
2013/07/03,08,22,,,5,16,,
2013/07/03,09,16,,,4,13,,
2013/07/03,10,36,,,17,19,,
2013/07/03,11,53,,,30,24,,
2013/07/03,12,56,,,30,25,,
2013/07/03,13,59,,,33,27,,
2013/07/03,14,57,,,31,26,,
2013/07/03,15,56,,,30,26,,
2013/07/03,16,59,,,31,28,,
2013/07/03,17,68,,,38,31,,
2013/07/03,18,82,,,51,30,,
2013/07/03,19,73,,,42,32,,
2013/07/03,20,76,,,44,32,,
2013/07/03,21,77,,,47,30,,
2013/07/03,22,79,,,47,32,,
2013/07/03,23,73,,,43,31,,
2013/07/03,24,66,,,36,30,,
2013/07/04,01,64,,,36,28,,
2013/07/04,02,57,,,33,24,,
2013/07/04,03,47,,,24,24,,
2013/07/04,04,40,,,19,21,,
2013/07/04,05,30,,,12,18,,
2013/07/04,06,24,,,9,16,,
2013/07/04,07,16,,,2,14,,
2013/07/04,08,15,,,3,12,,
2013/07/04,09,15,,,2,14,,
2013/07/04,10,25,,,9,17,,
2013/07/04,11,49,,,26,22,,
2013/07/04,12,59,,,32,26,,
2013/07/04,13,69,,,40,29,,
2013/07/04,14,67,,,41,26,,
2013/07/04,15,63,,,36,28,,
2013/07/04,16,64,,,34,30,,
2013/07/04,17,71,,,40,31,,
2013/07/04,18,73,,,41,32,,
2013/07/04,19,72,,,40,32,,
2013/07/04,20,78,,,44,33,,
2013/07/04,21,77,,,45,32,,
2013/07/04,22,74,,,43,32,,
2013/07/04,23,70,,,40,31,,
2013/07/04,24,73,,,43,29,,
2013/07/05,01,62,,,35,27,,
2013/07/05,02,58,,,32,26,,
2013/07/05,03,44,,,21,23,,
2013/07/05,04,37,,,18,19,,
2013/07/05,05,27,,,10,17,,
2013/07/05,06,18,,,4,15,,
2013/07/05,07,17,,,3,14,,
2013/07/05,08,17,,,3,15,,
2013/07/05,09,18,,,4,15,,
2013/07/05,10,39,,,21,19,,
2013/07/05,11,54,,,31,24,,
2013/07/05,12,65,,,38,26,,
2013/07/05,13,67,,,39,28,,
2013/07/05,14,71,,,43,27,,
2013/07/05,15,69,,,42,28,,
2013/07/05,16,65,,,36,29,,
2013/07/05,17,71,,,39,31,,
2013/07/05,18,79,,,47,32,,
2013/07/05,19,78,,,45,33,,
2013/07/05,20,99,,,64,35,,
2013/07/05,21,102,,,68,34,,
2013/07/05,22,101,,,67,35,,
2013/07/05,23,99,,,64,34,,
2013/07/05,24,89,,,57,32,,
2013/07/06,01,76,,,46,30,,
2013/07/06,02,73,,,44,28,,
2013/07/06,03,69,,,42,27,,
2013/07/06,04,61,,,36,26,,
2013/07/06,05,56,,,33,24,,
2013/07/06,06,44,,,23,20,,
2013/07/06,07,32,,,15,17,,
2013/07/06,08,28,,,12,16,,
2013/07/06,09,26,,,11,14,,
2013/07/06,10,39,,,22,17,,
2013/07/06,11,53,,,31,22,,
2013/07/06,12,57,,,31,26,,
2013/07/06,13,64,,,38,26,,
2013/07/06,14,65,,,39,27,,
2013/07/06,15,66,,,37,28,,
2013/07/06,16,75,,,45,31,,
2013/07/06,17,86,,,53,33,,
2013/07/06,18,95,,,62,34,,
2013/07/06,19,95,,,61,35,,
2013/07/06,20,112,,,77,35,,
2013/07/06,21,107,,,71,36,,
2013/07/06,22,101,,,67,35,,
2013/07/06,23,95,,,61,34,,
2013/07/06,24,91,,,58,33,,
2013/07/07,01,86,,,54,32,,
2013/07/07,02,80,,,50,30,,
2013/07/07,03,73,,,45,28,,
2013/07/07,04,69,,,44,25,,
2013/07/07,05,53,,,30,23,,
2013/07/07,06,40,,,21,19,,
2013/07/07,07,37,,,19,19,,
2013/07/07,08,31,,,13,18,,
2013/07/07,09,31,,,14,17,,
2013/07/07,10,39,,,20,18,,
2013/07/07,11,60,,,35,25,,
2013/07/07,12,74,,,45,29,,
2013/07/07,13,80,,,52,29,,
2013/07/07,14,85,,,56,29,,
2013/07/07,15,82,,,53,29,,
2013/07/07,16,90,,,59,32,,
2013/07/07,17,108,,,75,34,,
2013/07/07,18,111,,,76,34,,
2013/07/07,19,102,,,69,33,,
2013/07/07,20,102,,,67,34,,
2013/07/07,21,88,,,58,31,,
2013/07/07,22,79,,,51,28,,
2013/07/07,23,84,,,53,31,,
2013/07/07,24,78,,,48,30,,
2013/07/08,01,74,,,46,28,,
2013/07/08,02,66,,,41,25,,
2013/07/08,03,61,,,37,23,,
2013/07/08,04,63,,,40,23,,
2013/07/08,05,55,,,34,21,,
2013/07/08,06,39,,,19,20,,
2013/07/08,07,26,,,10,16,,
2013/07/08,08,22,,,8,15,,
2013/07/08,09,31,,,15,16,,
2013/07/08,10,41,,,23,18,,
2013/07/08,11,62,,,38,23,,
2013/07/08,12,71,,,47,24,,
2013/07/08,13,81,,,55,26,,
2013/07/08,14,83,,,54,28,,
2013/07/08,15,80,,,53,26,,
2013/07/08,16,75,,,47,28,,
2013/07/08,17,106,,,74,31,,
2013/07/08,18,102,,,70,32,,
2013/07/08,19,99,,,67,33,,
2013/07/08,20,97,,,65,32,,
2013/07/08,21,100,,,68,32,,
2013/07/08,22,89,,,58,32,,
2013/07/08,23,87,,,56,31,,
2013/07/08,24,83,,,53,30,,
2013/07/09,01,73,,,47,27,,
2013/07/09,02,62,,,37,24,,
2013/07/09,03,49,,,27,23,,
2013/07/09,04,47,,,25,21,,
2013/07/09,05,44,,,24,21,,
2013/07/09,06,40,,,21,21,,
2013/07/09,07,25,,,9,16,,
2013/07/09,08,18,,,5,14,,
2013/07/09,09,18,,,3,15,,
2013/07/09,10,22,,,5,17,,
2013/07/09,11,63,,,40,23,,
2013/07/09,12,74,,,45,29,,
2013/07/09,13,83,,,54,29,,
2013/07/09,14,85,,,57,28,,
2013/07/09,15,81,,,52,28,,
2013/07/09,16,93,,,62,30,,
2013/07/09,17,98,,,66,31,,
2013/07/09,18,102,,,71,32,,
2013/07/09,19,96,,,64,33,,
2013/07/09,20,92,,,61,31,,
2013/07/09,21,97,,,66,31,,
2013/07/09,22,91,,,60,31,,
2013/07/09,23,94,,,62,32,,
2013/07/09,24,80,,,50,31,,
2013/07/10,01,71,,,44,27,,
2013/07/10,02,60,,,35,24,,
2013/07/10,03,52,,,30,22,,
2013/07/10,04,49,,,28,21,,
2013/07/10,05,46,,,24,21,,
2013/07/10,06,39,,,22,17,,
2013/07/10,07,21,,,8,13,,
2013/07/10,08,16,,,3,13,,
2013/07/10,09,19,,,5,14,,
2013/07/10,10,67,,,48,19,,
2013/07/10,11,63,,,39,24,,
2013/07/10,12,83,,,56,28,,
2013/07/10,13,96,,,68,28,,
2013/07/10,14,92,,,63,29,,
2013/07/10,15,85,,,58,27,,
2013/07/10,16,87,,,57,30,,
2013/07/10,17,99,,,68,31,,
2013/07/10,18,102,,,72,32,,
2013/07/10,19,98,,,66,32,,
2013/07/10,20,101,,,68,32,,
2013/07/10,21,102,,,70,32,,
2013/07/10,22,98,,,65,32,,
2013/07/10,23,92,,,61,32,,
2013/07/10,24,84,,,55,30,,
2013/07/11,01,77,,,49,28,,
2013/07/11,02,63,,,37,25,,
2013/07/11,03,52,,,27,25,,
2013/07/11,04,49,,,27,22,,
2013/07/11,05,45,,,24,20,,
2013/07/11,06,37,,,20,17,,
2013/07/11,07,30,,,15,16,,
2013/07/11,08,24,,,9,15,,
2013/07/11,09,17,,,3,14,,
2013/07/11,10,31,,,15,17,,
2013/07/11,11,76,,,52,24,,
2013/07/11,12,80,,,53,26,,
2013/07/11,13,90,,,62,28,,
2013/07/11,14,88,,,58,29,,
2013/07/11,15,84,,,55,29,,
2013/07/11,16,95,,,65,31,,
2013/07/11,17,114,,,82,31,,
2013/07/11,18,101,,,69,32,,
2013/07/11,19,97,,,64,33,,
2013/07/11,20,99,,,64,34,,
2013/07/11,21,99,,,66,32,,
2013/07/11,22,93,,,62,32,,
2013/07/11,23,90,,,59,31,,
2013/07/11,24,85,,,56,29,,
2013/07/12,01,87,,,61,27,,
2013/07/12,02,80,,,56,24,,
2013/07/12,03,54,,,31,23,,
2013/07/12,04,36,,,17,19,,
2013/07/12,05,25,,,7,16,,
2013/07/12,06,19,,,4,15,,
2013/07/12,07,17,,,3,15,,
2013/07/12,08,19,,,4,15,,
2013/07/12,09,26,,,10,16,,
2013/07/12,10,41,,,22,18,,
2013/07/12,11,87,,,62,24,,
2013/07/12,12,92,,,64,28,,
2013/07/12,13,99,,,72,27,,
2013/07/12,14,94,,,67,27,,
2013/07/12,15,93,,,66,28,,
2013/07/12,16,90,,,60,30,,
2013/07/12,17,101,,,69,31,,
2013/07/12,18,103,,,70,33,,
2013/07/12,19,109,,,75,34,,
2013/07/12,20,118,,,85,34,,
2013/07/12,21,128,,,94,34,,
2013/07/12,22,116,,,82,35,,
2013/07/12,23,105,,,71,34,,
2013/07/12,24,97,,,66,32,,
2013/07/13,01,90,,,61,29,,
2013/07/13,02,76,,,48,28,,
2013/07/13,03,77,,,49,28,,
2013/07/13,04,77,,,48,28,,
2013/07/13,05,71,,,45,26,,
2013/07/13,06,46,,,24,22,,
2013/07/13,07,33,,,14,19,,
2013/07/13,08,20,,,5,15,,
2013/07/13,09,22,,,7,14,,
2013/07/13,10,45,,,27,18,,
2013/07/13,11,66,,,43,24,,
2013/07/13,12,74,,,47,27,,
2013/07/13,13,85,,,56,27,,
2013/07/13,14,76,,,49,28,,
2013/07/13,15,91,,,63,28,,
2013/07/13,16,92,,,61,32,,
2013/07/13,17,108,,,77,32,,
2013/07/13,18,107,,,74,34,,
2013/07/13,19,110,,,77,34,,
2013/07/13,20,116,,,82,34,,
2013/07/13,21,115,,,80,35,,
2013/07/13,22,117,,,83,35,,
2013/07/13,23,112,,,79,34,,
2013/07/13,24,95,,,63,32,,
2013/07/14,01,89,,,59,30,,
2013/07/14,02,86,,,58,28,,
2013/07/14,03,83,,,55,28,,
2013/07/14,04,76,,,50,26,,
2013/07/14,05,67,,,43,24,,
2013/07/14,06,36,,,19,17,,
2013/07/14,07,16,,,7,8,,
2013/07/14,08,10,,,2,8,,
2013/07/14,09,9,,,2,7,,
2013/07/14,10,18,,,10,8,,
2013/07/14,11,63,,,47,15,,
2013/07/14,12,62,,,45,17,,
2013/07/14,13,68,,,50,19,,
2013/07/14,14,71,,,51,19,,
2013/07/14,15,68,,,48,20,,
2013/07/14,16,62,,,43,19,,
2013/07/14,17,58,,,38,20,,
2013/07/14,18,61,,,41,20,,
2013/07/14,19,65,,,45,21,,
2013/07/14,20,57,,,36,20,,
2013/07/14,21,57,,,38,19,,
2013/07/14,22,56,,,37,19,,
2013/07/14,23,59,,,41,18,,
2013/07/14,24,54,,,36,18,,
2013/07/15,01,55,,,39,16,,
2013/07/15,02,45,,,30,15,,
2013/07/15,03,44,,,30,14,,
2013/07/15,04,38,,,24,14,,
2013/07/15,05,32,,,18,13,,
2013/07/15,06,33,,,20,12,,
2013/07/15,07,26,,,15,11,,
2013/07/15,08,25,,,14,11,,
2013/07/15,09,24,,,14,10,,
2013/07/15,10,34,,,25,10,,
2013/07/15,11,47,,,33,14,,
2013/07/15,12,55,,,38,18,,
2013/07/15,13,59,,,41,18,,
2013/07/15,14,63,,,44,19,,
2013/07/15,15,55,,,36,19,,
2013/07/15,16,55,,,36,19,,
2013/07/15,17,53,,,35,19,,
2013/07/15,18,52,,,34,18,,
2013/07/15,19,54,,,35,19,,
2013/07/15,20,56,,,37,19,,
2013/07/15,21,52,,,34,18,,
2013/07/15,22,54,,,37,18,,
2013/07/15,23,52,,,35,18,,
2013/07/15,24,45,,,28,17,,
2013/07/16,01,44,,,28,16,,
2013/07/16,02,39,,,25,14,,
2013/07/16,03,31,,,18,13,,
2013/07/16,04,31,,,18,13,,
2013/07/16,05,19,,,8,11,,
2013/07/16,06,10,,,2,8,,
2013/07/16,07,10,,,3,8,,
2013/07/16,08,9,,,2,8,,
2013/07/16,09,10,,,2,8,,
2013/07/16,10,17,,,9,8,,
2013/07/16,11,36,,,22,14,,
2013/07/16,12,45,,,30,16,,
2013/07/16,13,44,,,26,18,,
2013/07/16,14,51,,,31,20,,
2013/07/16,15,49,,,31,18,,
2013/07/16,16,45,,,27,18,,
2013/07/16,17,47,,,29,18,,
2013/07/16,18,47,,,29,18,,
2013/07/16,19,48,,,31,18,,
2013/07/16,20,45,,,27,18,,
2013/07/16,21,48,,,31,18,,
2013/07/16,22,49,,,32,17,,
2013/07/16,23,43,,,27,17,,
2013/07/16,24,40,,,24,16,,
2013/07/17,01,40,,,25,15,,
2013/07/17,02,36,,,22,14,,
2013/07/17,03,33,,,20,13,,
2013/07/17,04,28,,,18,10,,
2013/07/17,05,23,,,13,10,,
2013/07/17,06,12,,,4,9,,
2013/07/17,07,7,,,1,7,,
2013/07/17,08,8,,,2,6,,
2013/07/17,09,12,,,5,7,,
2013/07/17,10,32,,,23,10,,
2013/07/17,11,47,,,32,15,,
2013/07/17,12,44,,,29,15,,
2013/07/17,13,48,,,31,18,,
2013/07/17,14,52,,,35,18,,
2013/07/17,15,54,,,37,17,,
2013/07/17,16,46,,,28,18,,
2013/07/17,17,47,,,30,17,,
2013/07/17,18,47,,,30,17,,
2013/07/17,19,44,,,27,17,,
2013/07/17,20,44,,,27,18,,
2013/07/17,21,45,,,27,18,,
2013/07/17,22,43,,,26,17,,
2013/07/17,23,39,,,23,17,,
2013/07/17,24,44,,,27,16,,
2013/07/18,01,37,,,22,15,,
2013/07/18,02,34,,,20,14,,
2013/07/18,03,29,,,16,13,,
2013/07/18,04,28,,,16,12,,
2013/07/18,05,22,,,13,9,,
2013/07/18,06,10,,,2,7,,
2013/07/18,07,7,,,1,6,,
2013/07/18,08,8,,,1,6,,
2013/07/18,09,8,,,2,7,,
2013/07/18,10,20,,,10,9,,
2013/07/18,11,39,,,24,15,,
2013/07/18,12,48,,,31,18,,
2013/07/18,13,55,,,37,18,,
2013/07/18,14,54,,,35,19,,
2013/07/18,15,55,,,37,18,,
2013/07/18,16,56,,,38,18,,
2013/07/18,17,49,,,31,18,,
2013/07/18,18,54,,,36,18,,
2013/07/18,19,52,,,34,18,,
2013/07/18,20,52,,,33,19,,
2013/07/18,21,49,,,31,18,,
2013/07/18,22,53,,,35,18,,
2013/07/18,23,48,,,30,18,,
2013/07/18,24,49,,,32,17,,
2013/07/19,01,46,,,32,15,,
2013/07/19,02,43,,,29,14,,
2013/07/19,03,30,,,18,13,,
2013/07/19,04,28,,,16,12,,
2013/07/19,05,23,,,13,11,,
2013/07/19,06,8,,,1,7,,
2013/07/19,07,7,,,1,6,,
2013/07/19,08,8,,,2,7,,
2013/07/19,09,8,,,1,7,,
2013/07/19,10,27,,,17,10,,
2013/07/19,11,38,,,25,13,,
2013/07/19,12,44,,,28,16,,
2013/07/19,13,48,,,31,17,,
2013/07/19,14,48,,,31,17,,
2013/07/19,15,47,,,31,16,,
2013/07/19,16,49,,,33,16,,
2013/07/19,17,48,,,32,17,,
2013/07/19,18,50,,,32,18,,
2013/07/19,19,50,,,31,19,,
2013/07/19,20,49,,,30,19,,
2013/07/19,21,54,,,35,19,,
2013/07/19,22,45,,,26,18,,
2013/07/19,23,44,,,27,18,,
2013/07/19,24,42,,,25,16,,
2013/07/20,01,38,,,24,14,,
2013/07/20,02,34,,,20,15,,
2013/07/20,03,32,,,17,14,,
2013/07/20,04,30,,,16,13,,
2013/07/20,05,29,,,17,12,,
2013/07/20,06,19,,,10,9,,
2013/07/20,07,10,,,4,6,,
2013/07/20,08,10,,,4,6,,
2013/07/20,09,11,,,5,6,,
2013/07/20,10,23,,,14,9,,
2013/07/20,11,37,,,23,14,,
2013/07/20,12,41,,,25,16,,
2013/07/20,13,41,,,25,16,,
2013/07/20,14,43,,,27,16,,
2013/07/20,15,42,,,26,16,,
2013/07/20,16,43,,,28,16,,
2013/07/20,17,41,,,25,16,,
2013/07/20,18,39,,,25,15,,
2013/07/20,19,44,,,28,16,,
2013/07/20,20,48,,,29,19,,
2013/07/20,21,48,,,29,19,,
2013/07/20,22,46,,,28,18,,
2013/07/20,23,46,,,28,18,,
2013/07/20,24,43,,,27,17,,
2013/07/21,01,38,,,23,15,,
2013/07/21,02,40,,,25,15,,
2013/07/21,03,36,,,22,14,,
2013/07/21,04,35,,,20,15,,
2013/07/21,05,32,,,19,14,,
2013/07/21,06,28,,,15,13,,
2013/07/21,07,15,,,5,10,,
2013/07/21,08,8,,,1,7,,
2013/07/21,09,9,,,2,7,,
2013/07/21,10,13,,,5,8,,
2013/07/21,11,33,,,20,14,,
2013/07/21,12,45,,,27,18,,
2013/07/21,13,49,,,29,20,,
2013/07/21,14,49,,,30,19,,
2013/07/21,15,50,,,31,19,,
2013/07/21,16,52,,,34,18,,
2013/07/21,17,50,,,30,19,,
2013/07/21,18,51,,,32,19,,
2013/07/21,19,49,,,30,19,,
2013/07/21,20,48,,,29,19,,
2013/07/21,21,50,,,31,19,,
2013/07/21,22,47,,,28,18,,
2013/07/21,23,44,,,26,18,,
2013/07/21,24,41,,,24,17,,
2013/07/22,01,42,,,26,15,,
2013/07/22,02,41,,,27,14,,
2013/07/22,03,33,,,20,13,,
2013/07/22,04,24,,,13,12,,
2013/07/22,05,23,,,12,11,,
2013/07/22,06,22,,,11,11,,
2013/07/22,07,21,,,10,11,,
2013/07/22,08,20,,,10,10,,
2013/07/22,09,11,,,4,7,,
2013/07/22,10,27,,,18,9,,
2013/07/22,11,48,,,32,15,,
2013/07/22,12,40,,,23,17,,
2013/07/22,13,47,,,29,18,,
2013/07/22,14,50,,,30,20,,
2013/07/22,15,54,,,35,19,,
2013/07/22,16,50,,,32,18,,
2013/07/22,17,50,,,31,19,,
2013/07/22,18,53,,,35,18,,
2013/07/22,19,50,,,33,18,,
2013/07/22,20,46,,,28,18,,
2013/07/22,21,54,,,38,17,,
2013/07/22,22,51,,,34,17,,
2013/07/22,23,43,,,26,17,,
2013/07/22,24,49,,,33,16,,
2013/07/23,01,51,,,37,14,,
2013/07/23,02,46,,,32,14,,
2013/07/23,03,46,,,32,14,,
2013/07/23,04,44,,,31,13,,
2013/07/23,05,33,,,23,10,,
2013/07/23,06,24,,,15,8,,
2013/07/23,07,17,,,9,8,,
2013/07/23,08,10,,,3,7,,
2013/07/23,09,7,,,1,6,,
2013/07/23,10,18,,,10,8,,
2013/07/23,11,44,,,30,14,,
2013/07/23,12,55,,,37,18,,
2013/07/23,13,55,,,36,19,,
2013/07/23,14,57,,,38,19,,
2013/07/23,15,59,,,40,19,,
2013/07/23,16,48,,,30,18,,
2013/07/23,17,45,,,27,18,,
2013/07/23,18,49,,,31,18,,
2013/07/23,19,43,,,26,17,,
2013/07/23,20,46,,,29,18,,
2013/07/23,21,52,,,34,18,,
2013/07/23,22,51,,,33,18,,
2013/07/23,23,46,,,29,17,,
2013/07/23,24,40,,,24,16,,
2013/07/24,01,38,,,24,14,,
2013/07/24,02,38,,,23,15,,
2013/07/24,03,35,,,22,13,,
2013/07/24,04,26,,,15,11,,
2013/07/24,05,20,,,11,8,,
2013/07/24,06,17,,,10,8,,
2013/07/24,07,8,,,2,6,,
2013/07/24,08,8,,,2,6,,
2013/07/24,09,12,,,5,7,,
2013/07/24,10,32,,,23,10,,
2013/07/24,11,36,,,22,14,,
2013/07/24,12,42,,,26,16,,
2013/07/24,13,51,,,30,21,,
2013/07/24,14,53,,,33,20,,
2013/07/24,15,49,,,32,18,,
2013/07/24,16,49,,,30,18,,
2013/07/24,17,49,,,31,18,,
2013/07/24,18,49,,,31,18,,
2013/07/24,19,50,,,31,18,,
2013/07/24,20,53,,,34,19,,
2013/07/24,21,52,,,34,18,,
2013/07/24,22,48,,,30,19,,
2013/07/24,23,46,,,29,17,,
2013/07/24,24,42,,,27,15,,
2013/07/25,01,35,,,21,14,,
2013/07/25,02,39,,,26,14,,
2013/07/25,03,36,,,23,13,,
2013/07/25,04,33,,,21,12,,
2013/07/25,05,23,,,13,10,,
2013/07/25,06,19,,,11,8,,
2013/07/25,07,11,,,5,7,,
2013/07/25,08,7,,,1,7,,
2013/07/25,09,7,,,1,6,,
2013/07/25,10,18,,,8,10,,
2013/07/25,11,41,,,26,15,,
2013/07/25,12,40,,,23,18,,
2013/07/25,13,52,,,33,19,,
2013/07/25,14,60,,,40,19,,
2013/07/25,15,53,,,35,18,,
2013/07/25,16,49,,,30,18,,
2013/07/25,17,47,,,29,18,,
2013/07/25,18,51,,,33,18,,
2013/07/25,19,49,,,31,18,,
2013/07/25,20,59,,,41,19,,
2013/07/25,21,52,,,34,18,,
2013/07/25,22,51,,,32,19,,
2013/07/25,23,49,,,32,18,,
2013/07/25,24,47,,,31,16,,
2013/07/26,01,42,,,28,14,,
2013/07/26,02,37,,,23,14,,
2013/07/26,03,31,,,18,13,,
2013/07/26,04,27,,,15,12,,
2013/07/26,05,19,,,11,9,,
2013/07/26,06,11,,,4,7,,
2013/07/26,07,8,,,1,6,,
2013/07/26,08,8,,,1,7,,
2013/07/26,09,12,,,5,7,,
2013/07/26,10,39,,,29,10,,
2013/07/26,11,43,,,29,15,,
2013/07/26,12,47,,,30,17,,
2013/07/26,13,66,,,45,20,,
2013/07/26,14,60,,,41,19,,
2013/07/26,15,55,,,37,18,,
2013/07/26,16,53,,,35,19,,
2013/07/26,17,51,,,32,19,,
2013/07/26,18,50,,,31,19,,
2013/07/26,19,55,,,36,19,,
2013/07/26,20,57,,,38,19,,
2013/07/26,21,62,,,44,18,,
2013/07/26,22,63,,,44,18,,
2013/07/26,23,57,,,40,17,,
2013/07/26,24,62,,,44,18,,
2013/07/27,01,45,,,29,16,,
2013/07/27,02,36,,,21,15,,
2013/07/27,03,35,,,20,15,,
2013/07/27,04,38,,,23,15,,
2013/07/27,05,33,,,18,14,,
2013/07/27,06,24,,,12,12,,
2013/07/27,07,18,,,10,8,,
2013/07/27,08,18,,,10,8,,
2013/07/27,09,29,,,20,9,,
2013/07/27,10,32,,,23,9,,
2013/07/27,11,43,,,30,13,,
2013/07/27,12,49,,,33,16,,
2013/07/27,13,52,,,34,18,,
2013/07/27,14,58,,,39,19,,
2013/07/27,15,52,,,33,19,,
2013/07/27,16,50,,,31,19,,
2013/07/27,17,57,,,37,20,,
2013/07/27,18,60,,,40,20,,
2013/07/27,19,63,,,43,20,,
2013/07/27,20,60,,,40,20,,
2013/07/27,21,52,,,33,19,,
2013/07/27,22,51,,,33,18,,
2013/07/27,23,48,,,30,18,,
2013/07/27,24,44,,,27,16,,
2013/07/28,01,39,,,24,15,,
2013/07/28,02,38,,,23,15,,
2013/07/28,03,37,,,23,14,,
2013/07/28,04,40,,,26,14,,
2013/07/28,05,29,,,16,13,,
2013/07/28,06,21,,,11,10,,
2013/07/28,07,16,,,8,7,,
2013/07/28,08,13,,,7,6,,
2013/07/28,09,11,,,5,6,,
2013/07/28,10,17,,,9,7,,
2013/07/28,11,47,,,32,14,,
2013/07/28,12,54,,,37,18,,
2013/07/28,13,55,,,36,19,,
2013/07/28,14,57,,,38,20,,
2013/07/28,15,51,,,32,19,,
2013/07/28,16,52,,,32,19,,
2013/07/28,17,53,,,34,19,,
2013/07/28,18,51,,,33,18,,
2013/07/28,19,51,,,31,20,,
2013/07/28,20,54,,,34,20,,
2013/07/28,21,58,,,39,19,,
2013/07/28,22,55,,,36,19,,
2013/07/28,23,61,,,42,19,,
2013/07/28,24,44,,,28,16,,
2013/07/29,01,42,,,26,16,,
2013/07/29,02,47,,,32,15,,
2013/07/29,03,44,,,31,13,,
2013/07/29,04,37,,,25,13,,
2013/07/29,05,25,,,14,12,,
2013/07/29,06,10,,,2,8,,
2013/07/29,07,7,,,1,6,,
2013/07/29,08,9,,,2,7,,
2013/07/29,09,8,,,1,7,,
2013/07/29,10,14,,,6,8,,
2013/07/29,11,47,,,32,15,,
2013/07/29,12,44,,,27,17,,
2013/07/29,13,47,,,28,19,,
2013/07/29,14,53,,,34,19,,
2013/07/29,15,52,,,33,19,,
2013/07/29,16,48,,,29,19,,
2013/07/29,17,50,,,31,19,,
2013/07/29,18,49,,,30,19,,
2013/07/29,19,51,,,33,18,,
2013/07/29,20,57,,,38,18,,
2013/07/29,21,50,,,32,18,,
2013/07/29,22,49,,,31,18,,
2013/07/29,23,51,,,33,18,,
2013/07/29,24,41,,,25,16,,
2013/07/30,01,38,,,24,15,,
2013/07/30,02,35,,,21,14,,
2013/07/30,03,30,,,17,13,,
2013/07/30,04,28,,,18,11,,
2013/07/30,05,24,,,15,9,,
2013/07/30,06,20,,,12,8,,
2013/07/30,07,7,,,1,6,,
2013/07/30,08,7,,,1,7,,
2013/07/30,09,7,,,1,7,,
2013/07/30,10,23,,,15,8,,
2013/07/30,11,39,,,24,14,,
2013/07/30,12,46,,,29,17,,
2013/07/30,13,57,,,37,20,,
2013/07/30,14,59,,,38,21,,
2013/07/30,15,59,,,40,19,,
2013/07/30,16,52,,,34,19,,
2013/07/30,17,55,,,36,19,,
2013/07/30,18,51,,,32,19,,
2013/07/30,19,52,,,33,19,,
2013/07/30,20,55,,,35,20,,
2013/07/30,21,54,,,34,19,,
2013/07/30,22,51,,,33,18,,
2013/07/30,23,45,,,28,17,,
2013/07/30,24,42,,,27,16,,
2013/07/31,01,39,,,25,15,,
2013/07/31,02,34,,,20,15,,
2013/07/31,03,34,,,20,14,,
2013/07/31,04,29,,,17,13,,
2013/07/31,05,27,,,15,12,,
2013/07/31,06,21,,,11,10,,
2013/07/31,07,6,,,1,6,,
2013/07/31,08,7,,,1,6,,
2013/07/31,09,9,,,2,7,,
2013/07/31,10,23,,,14,10,,
2013/07/31,11,37,,,23,14,,
2013/07/31,12,40,,,25,16,,
2013/07/31,13,52,,,33,19,,
2013/07/31,14,55,,,35,20,,
2013/07/31,15,50,,,32,18,,
2013/07/31,16,48,,,30,18,,
2013/07/31,17,46,,,28,18,,
2013/07/31,18,49,,,31,19,,
2013/07/31,19,57,,,38,19,,
2013/07/31,20,54,,,35,19,,
2013/07/31,21,50,,,32,18,,
2013/07/31,22,51,,,33,18,,
2013/07/31,23,46,,,28,18,,
2013/07/31,24,43,,,26,17,,
2013/08/01,01,40,,,25,16,,
2013/08/01,02,37,,,24,14,,
2013/08/01,03,34,,,20,13,,
2013/08/01,04,31,,,19,12,,
2013/08/01,05,30,,,17,13,,
2013/08/01,06,27,,,15,12,,
2013/08/01,07,19,,,11,8,,
2013/08/01,08,17,,,9,7,,
2013/08/01,09,16,,,8,8,,
2013/08/01,10,19,,,11,8,,
2013/08/01,11,32,,,18,14,,
2013/08/01,12,49,,,32,18,,
2013/08/01,13,63,,,43,20,,
2013/08/01,14,69,,,49,19,,
2013/08/01,15,55,,,36,19,,
2013/08/01,16,47,,,29,18,,
2013/08/01,17,52,,,33,19,,
2013/08/01,18,51,,,32,19,,
2013/08/01,19,49,,,30,19,,
2013/08/01,20,52,,,33,19,,
2013/08/01,21,51,,,32,18,,
2013/08/01,22,54,,,34,19,,
2013/08/01,23,54,,,35,18,,
2013/08/01,24,45,,,27,18,,
2013/08/02,01,38,,,22,16,,
2013/08/02,02,38,,,24,14,,
2013/08/02,03,32,,,19,14,,
2013/08/02,04,31,,,19,12,,
2013/08/02,05,28,,,16,12,,
2013/08/02,06,25,,,14,11,,
2013/08/02,07,24,,,14,10,,
2013/08/02,08,7,,,1,6,,
2013/08/02,09,10,,,3,6,,
2013/08/02,10,27,,,17,10,,
2013/08/02,11,35,,,21,14,,
2013/08/02,12,43,,,26,17,,
2013/08/02,13,52,,,33,19,,
2013/08/02,14,56,,,35,20,,
2013/08/02,15,49,,,30,19,,
2013/08/02,16,48,,,31,18,,
2013/08/02,17,48,,,30,19,,
2013/08/02,18,48,,,29,19,,
2013/08/02,19,46,,,28,18,,
2013/08/02,20,51,,,33,18,,
2013/08/02,21,51,,,33,18,,
2013/08/02,22,50,,,31,18,,
2013/08/02,23,49,,,31,18,,
2013/08/02,24,49,,,31,18,,
2013/08/03,01,42,,,26,16,,
2013/08/03,02,40,,,25,15,,
2013/08/03,03,35,,,21,15,,
2013/08/03,04,34,,,19,15,,
2013/08/03,05,32,,,18,13,,
2013/08/03,06,29,,,16,12,,
2013/08/03,07,23,,,12,11,,
2013/08/03,08,10,,,1,9,,
2013/08/03,09,9,,,1,8,,
2013/08/03,10,26,,,15,11,,
2013/08/03,11,49,,,31,19,,
2013/08/03,12,65,,,38,27,,
2013/08/03,13,81,,,52,29,,
2013/08/03,14,79,,,50,29,,
2013/08/03,15,69,,,42,28,,
2013/08/03,16,82,,,51,32,,
2013/08/03,17,86,,,54,33,,
2013/08/03,18,87,,,53,35,,
2013/08/03,19,91,,,55,36,,
2013/08/03,20,93,,,57,35,,
2013/08/03,21,98,,,63,35,,
2013/08/03,22,102,,,66,35,,
2013/08/03,23,94,,,61,35,,
2013/08/03,24,85,,,55,31,,
2013/08/04,01,79,,,49,30,,
2013/08/04,02,72,,,44,28,,
2013/08/04,03,68,,,42,27,,
2013/08/04,04,58,,,34,25,,
2013/08/04,05,43,,,22,21,,
2013/08/04,06,44,,,24,20,,
2013/08/04,07,36,,,18,18,,
2013/08/04,08,25,,,9,15,,
2013/08/04,09,19,,,4,15,,
2013/08/04,10,22,,,4,16,,
2013/08/04,11,47,,,25,22,,
2013/08/04,12,62,,,36,27,,
2013/08/04,13,67,,,39,29,,
2013/08/04,14,74,,,46,29,,
2013/08/04,15,72,,,44,27,,
2013/08/04,16,87,,,55,32,,
2013/08/04,17,101,,,67,34,,
2013/08/04,18,98,,,63,35,,
2013/08/04,19,102,,,67,35,,
2013/08/04,20,98,,,63,37,,
2013/08/04,21,102,,,66,35,,
2013/08/04,22,104,,,70,34,,
2013/08/04,23,94,,,59,34,,
2013/08/04,24,83,,,52,30,,
2013/08/05,01,79,,,49,30,,
2013/08/05,02,70,,,44,26,,
2013/08/05,03,60,,,36,24,,
2013/08/05,04,44,,,26,20,,
2013/08/05,05,34,,,17,17,,
2013/08/05,06,34,,,17,18,,
2013/08/05,07,31,,,15,16,,
2013/08/05,08,36,,,19,17,,
2013/08/05,09,38,,,23,16,,
2013/08/05,10,49,,,31,18,,
2013/08/05,11,63,,,40,23,,
2013/08/05,12,70,,,46,25,,
2013/08/05,13,89,,,62,28,,
2013/08/05,14,93,,,65,29,,
2013/08/05,15,96,,,67,29,,
2013/08/05,16,94,,,63,31,,
2013/08/05,17,103,,,69,34,,
2013/08/05,18,98,,,65,33,,
2013/08/05,19,97,,,64,33,,
2013/08/05,20,105,,,72,33,,
2013/08/05,21,102,,,69,33,,
2013/08/05,22,101,,,68,33,,
2013/08/05,23,94,,,62,32,,
2013/08/05,24,89,,,57,32,,
2013/08/06,01,73,,,45,29,,
2013/08/06,02,67,,,41,25,,
2013/08/06,03,59,,,36,23,,
2013/08/06,04,52,,,29,22,,
2013/08/06,05,35,,,18,18,,
2013/08/06,06,23,,,6,17,,
2013/08/06,07,16,,,3,13,,
2013/08/06,08,15,,,2,14,,
2013/08/06,09,21,,,7,15,,
2013/08/06,10,32,,,16,17,,
2013/08/06,11,62,,,38,25,,
2013/08/06,12,63,,,36,27,,
2013/08/06,13,71,,,43,29,,
2013/08/06,14,70,,,41,29,,
2013/08/06,15,77,,,46,31,,
2013/08/06,16,86,,,56,30,,
2013/08/06,17,91,,,57,34,,
2013/08/06,18,88,,,55,33,,
2013/08/06,19,95,,,61,34,,
2013/08/06,20,96,,,61,35,,
2013/08/06,21,98,,,63,34,,
2013/08/06,22,98,,,64,35,,
2013/08/06,23,96,,,62,33,,
2013/08/06,24,89,,,57,32,,
2013/08/07,01,79,,,51,29,,
2013/08/07,02,60,,,33,26,,
2013/08/07,03,52,,,30,22,,
2013/08/07,04,46,,,26,20,,
2013/08/07,05,43,,,23,20,,
2013/08/07,06,33,,,14,19,,
2013/08/07,07,29,,,11,18,,
2013/08/07,08,23,,,8,14,,
2013/08/07,09,30,,,16,14,,
2013/08/07,10,65,,,47,19,,
2013/08/07,11,76,,,52,24,,
2013/08/07,12,77,,,50,26,,
2013/08/07,13,86,,,59,27,,
2013/08/07,14,81,,,53,28,,
2013/08/07,15,84,,,56,28,,
2013/08/07,16,88,,,58,30,,
2013/08/07,17,113,,,81,32,,
2013/08/07,18,108,,,73,35,,
2013/08/07,19,110,,,75,35,,
2013/08/07,20,105,,,71,35,,
2013/08/07,21,106,,,72,34,,
2013/08/07,22,112,,,77,35,,
2013/08/07,23,101,,,68,33,,
2013/08/07,24,91,,,59,31,,
2013/08/08,01,81,,,53,29,,
2013/08/08,02,73,,,47,27,,
2013/08/08,03,66,,,42,23,,
2013/08/08,04,41,,,20,21,,
2013/08/08,05,37,,,19,17,,
2013/08/08,06,38,,,21,17,,
2013/08/08,07,32,,,16,16,,
2013/08/08,08,18,,,5,14,,
2013/08/08,09,23,,,9,14,,
2013/08/08,10,36,,,18,18,,
2013/08/08,11,65,,,40,23,,
2013/08/08,12,71,,,44,27,,
2013/08/08,13,85,,,56,29,,
2013/08/08,14,79,,,50,29,,
2013/08/08,15,85,,,55,30,,
2013/08/08,16,110,,,78,33,,
2013/08/08,17,102,,,69,33,,
2013/08/08,18,104,,,71,33,,
2013/08/08,19,98,,,64,34,,
2013/08/08,20,98,,,64,34,,
2013/08/08,21,108,,,74,34,,
2013/08/08,22,104,,,71,33,,
2013/08/08,23,105,,,72,33,,
2013/08/08,24,101,,,70,32,,
2013/08/09,01,81,,,53,28,,
2013/08/09,02,61,,,35,26,,
2013/08/09,03,51,,,28,23,,
2013/08/09,04,45,,,23,21,,
2013/08/09,05,45,,,26,19,,
2013/08/09,06,42,,,22,21,,
2013/08/09,07,43,,,23,20,,
2013/08/09,08,44,,,25,20,,
2013/08/09,09,34,,,17,17,,
2013/08/09,10,47,,,27,21,,
2013/08/09,11,56,,,32,24,,
2013/08/09,12,66,,,39,27,,
2013/08/09,13,76,,,46,31,,
2013/08/09,14,74,,,44,31,,
2013/08/09,15,89,,,57,32,,
2013/08/09,16,119,,,86,33,,
2013/08/09,17,109,,,74,34,,
2013/08/09,18,110,,,74,34,,
2013/08/09,19,120,,,84,36,,
2013/08/09,20,124,,,87,36,,
2013/08/09,21,125,,,88,38,,
2013/08/09,22,125,,,89,37,,
2013/08/09,23,123,,,87,35,,
2013/08/09,24,113,,,78,35,,
2013/08/10,01,98,,,66,33,,
2013/08/10,02,86,,,57,30,,
2013/08/10,03,85,,,56,28,,
2013/08/10,04,85,,,56,28,,
2013/08/10,05,70,,,46,24,,
2013/08/10,06,60,,,37,22,,
2013/08/10,07,39,,,22,16,,
2013/08/10,08,26,,,12,14,,
2013/08/10,09,23,,,9,14,,
2013/08/10,10,66,,,48,19,,
2013/08/10,11,64,,,41,23,,
2013/08/10,12,73,,,47,25,,
2013/08/10,13,89,,,60,30,,
2013/08/10,14,83,,,56,28,,
2013/08/10,15,81,,,53,28,,
2013/08/10,16,111,,,79,32,,
2013/08/10,17,136,,,101,35,,
2013/08/10,18,136,,,99,37,,
2013/08/10,19,131,,,95,38,,
2013/08/10,20,136,,,98,38,,
2013/08/10,21,133,,,95,37,,
2013/08/10,22,127,,,90,37,,
2013/08/10,23,124,,,88,36,,
2013/08/10,24,116,,,82,34,,
2013/08/11,01,101,,,71,32,,
2013/08/11,02,96,,,66,30,,
2013/08/11,03,94,,,65,29,,
2013/08/11,04,87,,,59,27,,
2013/08/11,05,75,,,51,24,,
2013/08/11,06,44,,,24,20,,
2013/08/11,07,42,,,23,19,,
2013/08/11,08,25,,,10,15,,
2013/08/11,09,24,,,10,15,,
2013/08/11,10,65,,,47,18,,
2013/08/11,11,77,,,53,24,,
2013/08/11,12,88,,,59,29,,
2013/08/11,13,95,,,65,31,,
2013/08/11,14,100,,,71,30,,
2013/08/11,15,103,,,73,30,,
2013/08/11,16,108,,,75,31,,
2013/08/11,17,118,,,83,35,,
2013/08/11,18,119,,,83,36,,
2013/08/11,19,119,,,84,35,,
2013/08/11,20,117,,,82,36,,
2013/08/11,21,123,,,87,35,,
2013/08/11,22,113,,,78,34,,
2013/08/11,23,105,,,71,34,,
2013/08/11,24,98,,,66,31,,
2013/08/12,01,88,,,58,30,,
2013/08/12,02,80,,,52,28,,
2013/08/12,03,66,,,42,24,,
2013/08/12,04,51,,,31,20,,
2013/08/12,05,37,,,21,16,,
2013/08/12,06,38,,,21,17,,
2013/08/12,07,29,,,13,17,,
2013/08/12,08,21,,,6,15,,
2013/08/12,09,31,,,14,17,,
2013/08/12,10,61,,,42,20,,
2013/08/12,11,78,,,54,24,,
2013/08/12,12,91,,,63,28,,
2013/08/12,13,102,,,71,29,,
2013/08/12,14,109,,,78,30,,
2013/08/12,15,102,,,73,29,,
2013/08/12,16,92,,,63,30,,
2013/08/12,17,105,,,74,32,,
2013/08/12,18,105,,,72,34,,
2013/08/12,19,109,,,75,35,,
2013/08/12,20,115,,,81,35,,
2013/08/12,21,111,,,76,35,,
2013/08/12,22,108,,,74,34,,
2013/08/12,23,107,,,75,33,,
2013/08/12,24,107,,,77,30,,
2013/08/13,01,90,,,61,29,,
2013/08/13,02,76,,,51,26,,
2013/08/13,03,52,,,28,24,,
2013/08/13,04,46,,,27,19,,
2013/08/13,05,40,,,23,17,,
2013/08/13,06,35,,,18,17,,
2013/08/13,07,22,,,5,16,,
2013/08/13,08,17,,,3,15,,
2013/08/13,09,23,,,7,16,,
2013/08/13,10,40,,,22,18,,
2013/08/13,11,63,,,40,23,,
2013/08/13,12,70,,,43,27,,
2013/08/13,13,91,,,61,30,,
2013/08/13,14,91,,,62,29,,
2013/08/13,15,91,,,61,30,,
2013/08/13,16,110,,,78,32,,
2013/08/13,17,109,,,75,34,,
2013/08/13,18,104,,,71,35,,
2013/08/13,19,99,,,64,35,,
2013/08/13,20,109,,,74,34,,
2013/08/13,21,115,,,80,36,,
2013/08/13,22,114,,,79,35,,
2013/08/13,23,101,,,68,33,,
2013/08/13,24,93,,,61,32,,
2013/08/14,01,90,,,58,31,,
2013/08/14,02,79,,,51,27,,
2013/08/14,03,67,,,41,26,,
2013/08/14,04,53,,,30,22,,
2013/08/14,05,49,,,28,21,,
2013/08/14,06,40,,,19,21,,
2013/08/14,07,24,,,8,16,,
2013/08/14,08,22,,,7,15,,
2013/08/14,09,29,,,13,15,,
2013/08/14,10,64,,,45,19,,
2013/08/14,11,71,,,47,24,,
2013/08/14,12,78,,,51,28,,
2013/08/14,13,94,,,65,29,,
2013/08/14,14,97,,,68,29,,
2013/08/14,15,94,,,64,30,,
2013/08/14,16,103,,,72,30,,
2013/08/14,17,104,,,71,33,,
2013/08/14,18,105,,,71,33,,
2013/08/14,19,116,,,81,35,,
2013/08/14,20,117,,,83,35,,
2013/08/14,21,109,,,74,35,,
2013/08/14,22,112,,,77,35,,
2013/08/14,23,108,,,75,33,,
2013/08/14,24,95,,,63,32,,
2013/08/15,01,86,,,56,30,,
2013/08/15,02,75,,,49,26,,
2013/08/15,03,73,,,47,26,,
2013/08/15,04,58,,,35,23,,
2013/08/15,05,35,,,16,19,,
2013/08/15,06,29,,,10,19,,
2013/08/15,07,25,,,8,18,,
2013/08/15,08,26,,,8,17,,
2013/08/15,09,22,,,6,16,,
2013/08/15,10,43,,,26,18,,
2013/08/15,11,72,,,47,25,,
2013/08/15,12,70,,,45,27,,
2013/08/15,13,85,,,57,29,,
2013/08/15,14,91,,,61,31,,
2013/08/15,15,96,,,65,32,,
2013/08/15,16,111,,,79,32,,
2013/08/15,17,108,,,74,34,,
2013/08/15,18,107,,,74,34,,
2013/08/15,19,118,,,81,36,,
2013/08/15,20,115,,,81,34,,
2013/08/15,21,110,,,76,34,,
2013/08/15,22,105,,,72,33,,
2013/08/15,23,104,,,71,33,,
2013/08/15,24,92,,,62,31,,
2013/08/16,01,88,,,59,29,,
2013/08/16,02,84,,,58,26,,
2013/08/16,03,69,,,45,25,,
2013/08/16,04,46,,,27,20,,
2013/08/16,05,41,,,22,18,,
2013/08/16,06,38,,,19,18,,
2013/08/16,07,28,,,10,19,,
2013/08/16,08,18,,,4,14,,
2013/08/16,09,18,,,4,15,,
2013/08/16,10,39,,,20,19,,
2013/08/16,11,80,,,54,26,,
2013/08/16,12,83,,,56,27,,
2013/08/16,13,98,,,69,30,,
2013/08/16,14,102,,,72,30,,
2013/08/16,15,98,,,69,30,,
2013/08/16,16,101,,,71,30,,
2013/08/16,17,99,,,66,33,,
2013/08/16,18,101,,,68,34,,
2013/08/16,19,114,,,80,34,,
2013/08/16,20,111,,,77,35,,
2013/08/16,21,122,,,87,35,,
2013/08/16,22,121,,,87,34,,
2013/08/16,23,120,,,86,35,,
2013/08/16,24,106,,,74,32,,
2013/08/17,01,94,,,62,31,,
2013/08/17,02,81,,,52,29,,
2013/08/17,03,78,,,49,28,,
2013/08/17,04,74,,,47,27,,
2013/08/17,05,66,,,42,24,,
2013/08/17,06,44,,,23,21,,
2013/08/17,07,28,,,12,17,,
2013/08/17,08,20,,,7,13,,
2013/08/17,09,22,,,8,14,,
2013/08/17,10,56,,,38,18,,
2013/08/17,11,57,,,35,22,,
2013/08/17,12,72,,,48,24,,
2013/08/17,13,89,,,61,28,,
2013/08/17,14,90,,,62,28,,
2013/08/17,15,81,,,55,27,,
2013/08/17,16,116,,,84,32,,
2013/08/17,17,101,,,69,32,,
2013/08/17,18,99,,,66,33,,
2013/08/17,19,106,,,71,33,,
2013/08/17,20,114,,,81,34,,
2013/08/17,21,117,,,83,34,,
2013/08/17,22,114,,,81,34,,
2013/08/17,23,111,,,77,34,,
2013/08/17,24,104,,,71,32,,
2013/08/18,01,89,,,59,30,,
2013/08/18,02,80,,,52,29,,
2013/08/18,03,78,,,51,28,,
2013/08/18,04,71,,,46,25,,
2013/08/18,05,62,,,40,23,,
2013/08/18,06,57,,,37,20,,
2013/08/18,07,53,,,34,19,,
2013/08/18,08,55,,,36,19,,
2013/08/18,09,49,,,31,18,,
2013/08/18,10,41,,,24,17,,
2013/08/18,11,63,,,41,23,,
2013/08/18,12,73,,,47,27,,
2013/08/18,13,89,,,60,27,,
2013/08/18,14,89,,,63,27,,
2013/08/18,15,92,,,64,28,,
2013/08/18,16,104,,,75,30,,
2013/08/18,17,94,,,62,32,,
2013/08/18,18,101,,,67,35,,
2013/08/18,19,112,,,76,35,,
2013/08/18,20,111,,,76,35,,
2013/08/18,21,113,,,78,34,,
2013/08/18,22,108,,,75,34,,
2013/08/18,23,100,,,67,33,,
2013/08/18,24,92,,,61,31,,
2013/08/19,01,76,,,48,28,,
2013/08/19,02,74,,,49,26,,
2013/08/19,03,68,,,43,25,,
2013/08/19,04,49,,,28,20,,
2013/08/19,05,41,,,22,19,,
2013/08/19,06,37,,,19,19,,
2013/08/19,07,33,,,17,17,,
2013/08/19,08,27,,,12,15,,
2013/08/19,09,21,,,6,15,,
2013/08/19,10,53,,,34,18,,
2013/08/19,11,85,,,61,23,,
2013/08/19,12,86,,,60,26,,
2013/08/19,13,98,,,69,30,,
2013/08/19,14,97,,,70,27,,
2013/08/19,15,98,,,70,28,,
2013/08/19,16,104,,,74,31,,
2013/08/19,17,116,,,85,31,,
2013/08/19,18,108,,,77,31,,
2013/08/19,19,104,,,74,31,,
2013/08/19,20,113,,,83,31,,
2013/08/19,21,119,,,88,31,,
2013/08/19,22,100,,,70,31,,
2013/08/19,23,93,,,65,29,,
2013/08/19,24,89,,,61,28,,
2013/08/20,01,81,,,54,27,,
2013/08/20,02,78,,,53,26,,
2013/08/20,03,70,,,47,23,,
2013/08/20,04,48,,,28,21,,
2013/08/20,05,42,,,24,18,,
2013/08/20,06,39,,,21,18,,
2013/08/20,07,35,,,18,17,,
2013/08/20,08,35,,,20,15,,
2013/08/20,09,31,,,16,15,,
2013/08/20,10,42,,,26,16,,
2013/08/20,11,70,,,47,22,,
2013/08/20,12,90,,,63,26,,
2013/08/20,13,94,,,66,27,,
2013/08/20,14,84,,,57,27,,
2013/08/20,15,82,,,54,28,,
2013/08/20,16,104,,,72,31,,
2013/08/20,17,115,,,82,32,,
2013/08/20,18,118,,,85,33,,
2013/08/20,19,123,,,90,34,,
2013/08/20,20,127,,,94,33,,
2013/08/20,21,129,,,94,34,,
2013/08/20,22,121,,,88,33,,
2013/08/20,23,116,,,83,32,,
2013/08/20,24,103,,,72,31,,
2013/08/21,01,87,,,60,28,,
2013/08/21,02,81,,,54,28,,
2013/08/21,03,74,,,48,26,,
2013/08/21,04,71,,,48,24,,
2013/08/21,05,61,,,40,21,,
2013/08/21,06,21,,,5,16,,
2013/08/21,07,17,,,5,14,,
2013/08/21,08,15,,,2,13,,
2013/08/21,09,25,,,10,15,,
2013/08/21,10,64,,,45,19,,
2013/08/21,11,72,,,48,24,,
2013/08/21,12,81,,,55,26,,
2013/08/21,13,84,,,57,28,,
2013/08/21,14,85,,,57,29,,
2013/08/21,15,87,,,59,29,,
2013/08/21,16,90,,,59,31,,
2013/08/21,17,111,,,79,32,,
2013/08/21,18,112,,,79,34,,
2013/08/21,19,109,,,76,34,,
2013/08/21,20,114,,,80,34,,
2013/08/21,21,115,,,82,33,,
2013/08/21,22,107,,,74,33,,
2013/08/21,23,99,,,68,30,,
2013/08/21,24,86,,,56,31,,
2013/08/22,01,82,,,53,29,,
2013/08/22,02,78,,,53,26,,
2013/08/22,03,73,,,49,24,,
2013/08/22,04,57,,,35,23,,
2013/08/22,05,44,,,23,20,,
2013/08/22,06,30,,,11,19,,
2013/08/22,07,25,,,7,18,,
2013/08/22,08,20,,,4,15,,
2013/08/22,09,17,,,4,14,,
2013/08/22,10,41,,,24,17,,
2013/08/22,11,61,,,36,25,,
2013/08/22,12,72,,,46,27,,
2013/08/22,13,83,,,56,28,,
2013/08/22,14,87,,,57,30,,
2013/08/22,15,84,,,54,30,,
2013/08/22,16,90,,,59,31,,
2013/08/22,17,113,,,81,32,,
2013/08/22,18,106,,,74,32,,
2013/08/22,19,108,,,75,33,,
2013/08/22,20,107,,,73,34,,
2013/08/22,21,110,,,78,33,,
2013/08/22,22,107,,,76,33,,
2013/08/22,23,100,,,69,31,,
2013/08/22,24,100,,,70,30,,
2013/08/23,01,91,,,64,28,,
2013/08/23,02,87,,,61,27,,
2013/08/23,03,75,,,51,24,,
2013/08/23,04,70,,,48,21,,
2013/08/23,05,52,,,33,19,,
2013/08/23,06,28,,,13,15,,
2013/08/23,07,22,,,9,13,,
2013/08/23,08,23,,,10,15,,
2013/08/23,09,23,,,9,14,,
2013/08/23,10,42,,,24,20,,
2013/08/23,11,58,,,34,25,,
2013/08/23,12,77,,,50,27,,
2013/08/23,13,81,,,52,29,,
2013/08/23,14,81,,,52,28,,
2013/08/23,15,73,,,44,29,,
2013/08/23,16,93,,,61,33,,
2013/08/23,17,96,,,63,33,,
2013/08/23,18,98,,,66,32,,
2013/08/23,19,97,,,61,35,,
2013/08/23,20,104,,,68,36,,
2013/08/23,21,108,,,72,35,,
2013/08/23,22,110,,,75,35,,
2013/08/23,23,102,,,67,34,,
2013/08/23,24,93,,,59,34,,
2013/08/24,01,89,,,56,32,,
2013/08/24,02,71,,,42,29,,
2013/08/24,03,71,,,44,28,,
2013/08/24,04,67,,,40,27,,
2013/08/24,05,62,,,38,25,,
2013/08/24,06,55,,,33,23,,
2013/08/24,07,43,,,24,19,,
2013/08/24,08,31,,,16,15,,
2013/08/24,09,27,,,13,14,,
2013/08/24,10,59,,,40,18,,
2013/08/24,11,54,,,31,23,,
2013/08/24,12,59,,,34,25,,
2013/08/24,13,62,,,35,26,,
2013/08/24,14,71,,,43,28,,
2013/08/24,15,81,,,53,29,,
2013/08/24,16,111,,,79,32,,
2013/08/24,17,114,,,81,33,,
2013/08/24,18,104,,,71,33,,
2013/08/24,19,106,,,73,33,,
2013/08/24,20,112,,,77,35,,
2013/08/24,21,106,,,73,34,,
2013/08/24,22,105,,,71,34,,
2013/08/24,23,104,,,70,34,,
2013/08/24,24,93,,,60,32,,
2013/08/25,01,84,,,54,29,,
2013/08/25,02,77,,,49,28,,
2013/08/25,03,72,,,44,28,,
2013/08/25,04,71,,,44,27,,
2013/08/25,05,62,,,39,23,,
2013/08/25,06,61,,,40,21,,
2013/08/25,07,35,,,17,17,,
2013/08/25,08,32,,,16,17,,
2013/08/25,09,17,,,4,13,,
2013/08/25,10,20,,,5,15,,
2013/08/25,11,48,,,25,23,,
2013/08/25,12,58,,,32,26,,
2013/08/25,13,60,,,35,25,,
2013/08/25,14,63,,,36,27,,
2013/08/25,15,71,,,42,28,,
2013/08/25,16,76,,,46,30,,
2013/08/25,17,96,,,64,33,,
2013/08/25,18,92,,,59,34,,
2013/08/25,19,96,,,63,33,,
2013/08/25,20,87,,,53,34,,
2013/08/25,21,82,,,50,32,,
2013/08/25,22,84,,,52,32,,
2013/08/25,23,80,,,48,33,,
2013/08/25,24,73,,,43,31,,
2013/08/26,01,70,,,41,29,,
2013/08/26,02,62,,,37,25,,
2013/08/26,03,55,,,32,24,,
2013/08/26,04,51,,,30,21,,
2013/08/26,05,49,,,29,20,,
2013/08/26,06,46,,,27,20,,
2013/08/26,07,44,,,25,18,,
2013/08/26,08,31,,,15,16,,
2013/08/26,09,35,,,18,17,,
2013/08/26,10,39,,,21,17,,
2013/08/26,11,52,,,29,24,,
2013/08/26,12,68,,,41,28,,
2013/08/26,13,63,,,36,27,,
2013/08/26,14,68,,,40,28,,
2013/08/26,15,65,,,39,27,,
2013/08/26,16,70,,,40,30,,
2013/08/26,17,84,,,51,32,,
2013/08/26,18,77,,,45,32,,
2013/08/26,19,78,,,47,31,,
2013/08/26,20,81,,,49,31,,
2013/08/26,21,83,,,53,30,,
2013/08/26,22,82,,,51,31,,
2013/08/26,23,80,,,50,30,,
2013/08/26,24,71,,,42,28,,
2013/08/27,01,65,,,39,26,,
2013/08/27,02,60,,,36,24,,
2013/08/27,03,52,,,29,23,,
2013/08/27,04,39,,,19,20,,
2013/08/27,05,29,,,12,17,,
2013/08/27,06,19,,,4,16,,
2013/08/27,07,17,,,3,15,,
2013/08/27,08,17,,,3,15,,
2013/08/27,09,16,,,2,15,,
2013/08/27,10,30,,,13,17,,
2013/08/27,11,49,,,28,21,,
2013/08/27,12,56,,,34,23,,
2013/08/27,13,60,,,35,25,,
2013/08/27,14,61,,,37,24,,
2013/08/27,15,63,,,38,25,,
2013/08/27,16,68,,,39,27,,
2013/08/27,17,87,,,57,30,,
2013/08/27,18,82,,,51,31,,
2013/08/27,19,81,,,50,31,,
2013/08/27,20,83,,,52,31,,
2013/08/27,21,91,,,58,33,,
2013/08/27,22,87,,,53,33,,
2013/08/27,23,89,,,56,32,,
2013/08/27,24,79,,,49,30,,
2013/08/28,01,72,,,44,28,,
2013/08/28,02,66,,,39,27,,
2013/08/28,03,57,,,31,26,,
2013/08/28,04,52,,,28,24,,
2013/08/28,05,40,,,22,19,,
2013/08/28,06,26,,,11,16,,
2013/08/28,07,22,,,9,15,,
2013/08/28,08,22,,,8,14,,
2013/08/28,09,24,,,11,13,,
2013/08/28,10,41,,,23,18,,
2013/08/28,11,53,,,30,24,,
2013/08/28,12,64,,,37,28,,
2013/08/28,13,77,,,49,28,,
2013/08/28,14,73,,,45,28,,
2013/08/28,15,70,,,45,26,,
2013/08/28,16,82,,,53,29,,
2013/08/28,17,85,,,53,32,,
2013/08/28,18,84,,,52,33,,
2013/08/28,19,86,,,53,33,,
2013/08/28,20,90,,,58,32,,
2013/08/28,21,83,,,52,32,,
2013/08/28,22,82,,,49,33,,
2013/08/28,23,80,,,48,33,,
2013/08/28,24,75,,,44,31,,
2013/08/29,01,69,,,42,28,,
2013/08/29,02,63,,,38,25,,
2013/08/29,03,60,,,37,23,,
2013/08/29,04,43,,,22,19,,
2013/08/29,05,35,,,19,17,,
2013/08/29,06,32,,,16,16,,
2013/08/29,07,17,,,4,13,,
2013/08/29,08,18,,,4,14,,
2013/08/29,09,15,,,2,13,,
2013/08/29,10,29,,,12,17,,
2013/08/29,11,55,,,32,24,,
2013/08/29,12,62,,,36,27,,
2013/08/29,13,74,,,46,28,,
2013/08/29,14,86,,,57,30,,
2013/08/29,15,81,,,52,29,,
2013/08/29,16,82,,,51,31,,
2013/08/29,17,85,,,54,32,,
2013/08/29,18,91,,,57,33,,
2013/08/29,19,96,,,62,34,,
2013/08/29,20,99,,,64,35,,
2013/08/29,21,96,,,62,34,,
2013/08/29,22,100,,,67,33,,
2013/08/29,23,94,,,62,33,,
2013/08/29,24,88,,,59,30,,
2013/08/30,01,74,,,47,28,,
2013/08/30,02,71,,,45,26,,
2013/08/30,03,64,,,40,24,,
2013/08/30,04,42,,,23,19,,
2013/08/30,05,40,,,23,16,,
2013/08/30,06,39,,,24,16,,
2013/08/30,07,40,,,25,15,,
2013/08/30,08,42,,,26,15,,
2013/08/30,09,28,,,13,15,,
2013/08/30,10,36,,,19,17,,
2013/08/30,11,57,,,32,24,,
2013/08/30,12,67,,,42,25,,
2013/08/30,13,78,,,50,29,,
2013/08/30,14,88,,,57,30,,
2013/08/30,15,81,,,52,27,,
2013/08/30,16,92,,,61,31,,
2013/08/30,17,110,,,76,35,,
2013/08/30,18,115,,,80,35,,
2013/08/30,19,115,,,81,34,,
2013/08/30,20,119,,,85,36,,
2013/08/30,21,120,,,85,35,,
2013/08/30,22,123,,,87,35,,
2013/08/30,23,123,,,88,34,,
2013/08/30,24,111,,,77,34,,
2013/08/31,01,94,,,63,31,,
2013/08/31,02,82,,,53,29,,
2013/08/31,03,79,,,51,28,,
2013/08/31,04,74,,,49,25,,
2013/08/31,05,52,,,30,22,,
2013/08/31,06,31,,,14,16,,
2013/08/31,07,21,,,8,14,,
2013/08/31,08,22,,,9,13,,
2013/08/31,09,27,,,13,13,,
2013/08/31,10,80,,,60,20,,
2013/08/31,11,87,,,63,24,,
2013/08/31,12,90,,,65,25,,
2013/08/31,13,104,,,74,28,,
2013/08/31,14,110,,,81,29,,
2013/08/31,15,104,,,75,29,,
2013/08/31,16,105,,,73,33,,
2013/08/31,17,113,,,79,34,,
2013/08/31,18,114,,,80,34,,
2013/08/31,19,114,,,80,35,,
2013/08/31,20,123,,,88,35,,
2013/08/31,21,120,,,86,35,,
2013/08/31,22,122,,,86,36,,
2013/08/31,23,123,,,89,35,,
2013/08/31,24,117,,,83,34,,
2013/09/01,01,100,,,70,30,,
2013/09/01,02,90,,,63,29,,
2013/09/01,03,89,,,61,28,,
2013/09/01,04,87,,,59,27,,
2013/09/01,05,51,,,27,23,,
2013/09/01,06,45,,,23,21,,
2013/09/01,07,37,,,19,18,,
2013/09/01,08,33,,,15,18,,
2013/09/01,09,35,,,17,19,,
2013/09/01,10,46,,,28,19,,
2013/09/01,11,64,,,41,23,,
2013/09/01,12,73,,,45,27,,
2013/09/01,13,85,,,55,30,,
2013/09/01,14,102,,,73,29,,
2013/09/01,15,105,,,78,28,,
2013/09/01,16,107,,,76,30,,
2013/09/01,17,111,,,78,33,,
2013/09/01,18,108,,,74,34,,
2013/09/01,19,110,,,75,35,,
2013/09/01,20,107,,,73,34,,
2013/09/01,21,102,,,69,33,,
2013/09/01,22,97,,,64,33,,
2013/09/01,23,84,,,51,33,,
2013/09/01,24,87,,,57,30,,
2013/09/02,01,75,,,47,28,,
2013/09/02,02,68,,,43,25,,
2013/09/02,03,57,,,34,23,,
2013/09/02,04,39,,,21,20,,
2013/09/02,05,33,,,17,16,,
2013/09/02,06,32,,,16,16,,
2013/09/02,07,28,,,13,16,,
2013/09/02,08,20,,,6,15,,
2013/09/02,09,23,,,8,15,,
2013/09/02,10,27,,,8,18,,
2013/09/02,11,67,,,43,23,,
2013/09/02,12,76,,,50,26,,
2013/09/02,13,89,,,61,30,,
2013/09/02,14,92,,,65,28,,
2013/09/02,15,101,,,73,29,,
2013/09/02,16,101,,,72,29,,
2013/09/02,17,101,,,71,30,,
2013/09/02,18,99,,,69,30,,
2013/09/02,19,99,,,67,32,,
2013/09/02,20,104,,,72,31,,
2013/09/02,21,97,,,66,31,,
2013/09/02,22,99,,,67,32,,
2013/09/02,23,91,,,60,31,,
2013/09/02,24,82,,,54,28,,
2013/09/03,01,73,,,45,27,,
2013/09/03,02,72,,,47,25,,
2013/09/03,03,59,,,36,22,,
2013/09/03,04,54,,,32,22,,
2013/09/03,05,49,,,31,18,,
2013/09/03,06,34,,,18,17,,
2013/09/03,07,28,,,13,15,,
2013/09/03,08,20,,,7,13,,
2013/09/03,09,17,,,4,14,,
2013/09/03,10,37,,,19,18,,
2013/09/03,11,66,,,43,24,,
2013/09/03,12,73,,,47,27,,
2013/09/03,13,70,,,42,28,,
2013/09/03,14,70,,,42,28,,
2013/09/03,15,92,,,63,29,,
2013/09/03,16,102,,,71,31,,
2013/09/03,17,94,,,62,32,,
2013/09/03,18,94,,,63,31,,
2013/09/03,19,96,,,63,34,,
2013/09/03,20,106,,,72,34,,
2013/09/03,21,106,,,73,33,,
2013/09/03,22,102,,,70,33,,
2013/09/03,23,94,,,62,33,,
2013/09/03,24,83,,,53,30,,
2013/09/04,01,71,,,43,28,,
2013/09/04,02,66,,,41,26,,
2013/09/04,03,62,,,38,24,,
2013/09/04,04,51,,,29,22,,
2013/09/04,05,38,,,19,19,,
2013/09/04,06,29,,,12,17,,
2013/09/04,07,30,,,13,17,,
2013/09/04,08,22,,,7,15,,
2013/09/04,09,23,,,8,14,,
2013/09/04,10,59,,,40,18,,
2013/09/04,11,60,,,36,24,,
2013/09/04,12,70,,,44,25,,
2013/09/04,13,85,,,57,29,,
2013/09/04,14,84,,,55,28,,
2013/09/04,15,80,,,52,28,,
2013/09/04,16,87,,,57,30,,
2013/09/04,17,115,,,83,31,,
2013/09/04,18,112,,,80,32,,
2013/09/04,19,103,,,70,33,,
2013/09/04,20,118,,,84,34,,
2013/09/04,21,111,,,79,32,,
2013/09/04,22,106,,,75,32,,
2013/09/04,23,88,,,58,30,,
2013/09/04,24,77,,,48,29,,
2013/09/05,01,90,,,64,27,,
2013/09/05,02,79,,,53,25,,
2013/09/05,03,69,,,46,23,,
2013/09/05,04,65,,,43,22,,
2013/09/05,05,48,,,30,18,,
2013/09/05,06,40,,,23,18,,
2013/09/05,07,22,,,8,15,,
2013/09/05,08,15,,,3,13,,
2013/09/05,09,17,,,3,14,,
2013/09/05,10,23,,,6,17,,
2013/09/05,11,54,,,30,24,,
2013/09/05,12,60,,,34,26,,
2013/09/05,13,66,,,38,27,,
2013/09/05,14,72,,,44,27,,
2013/09/05,15,74,,,46,29,,
2013/09/05,16,83,,,53,30,,
2013/09/05,17,92,,,60,32,,
2013/09/05,18,93,,,61,32,,
2013/09/05,19,93,,,61,32,,
2013/09/05,20,100,,,69,32,,
2013/09/05,21,90,,,58,32,,
2013/09/05,22,88,,,56,32,,
2013/09/05,23,85,,,55,32,,
2013/09/05,24,82,,,53,30,,
2013/09/06,01,75,,,48,28,,
2013/09/06,02,63,,,40,23,,
2013/09/06,03,58,,,36,23,,
2013/09/06,04,46,,,27,19,,
2013/09/06,05,42,,,24,18,,
2013/09/06,06,34,,,16,19,,
2013/09/06,07,35,,,16,18,,
2013/09/06,08,34,,,16,18,,
2013/09/06,09,36,,,17,19,,
2013/09/06,10,47,,,25,21,,
2013/09/06,11,55,,,29,26,,
2013/09/06,12,56,,,29,28,,
2013/09/06,13,69,,,41,29,,
2013/09/06,14,72,,,43,29,,
2013/09/06,15,68,,,41,28,,
2013/09/06,16,78,,,47,32,,
2013/09/06,17,89,,,57,33,,
2013/09/06,18,85,,,52,33,,
2013/09/06,19,86,,,53,33,,
2013/09/06,20,87,,,53,34,,
2013/09/06,21,85,,,52,34,,
2013/09/06,22,86,,,52,33,,
2013/09/06,23,84,,,51,33,,
2013/09/06,24,83,,,50,32,,
2013/09/07,01,70,,,41,29,,
2013/09/07,02,64,,,37,28,,
2013/09/07,03,61,,,35,26,,
2013/09/07,04,62,,,37,25,,
2013/09/07,05,46,,,23,22,,
2013/09/07,06,42,,,20,22,,
2013/09/07,07,38,,,17,20,,
2013/09/07,08,32,,,14,18,,
2013/09/07,09,37,,,21,16,,
2013/09/07,10,43,,,24,18,,
2013/09/07,11,57,,,34,23,,
2013/09/07,12,69,,,42,26,,
2013/09/07,13,72,,,45,28,,
2013/09/07,14,69,,,42,26,,
2013/09/07,15,81,,,52,28,,
2013/09/07,16,81,,,50,30,,
2013/09/07,17,91,,,60,31,,
2013/09/07,18,95,,,63,32,,
2013/09/07,19,98,,,66,32,,
2013/09/07,20,102,,,69,33,,
2013/09/07,21,103,,,69,34,,
2013/09/07,22,95,,,62,33,,
2013/09/07,23,97,,,64,33,,
2013/09/07,24,86,,,55,31,,
2013/09/08,01,74,,,45,29,,
2013/09/08,02,70,,,44,27,,
2013/09/08,03,71,,,43,27,,
2013/09/08,04,68,,,42,25,,
2013/09/08,05,53,,,31,22,,
2013/09/08,06,50,,,29,21,,
2013/09/08,07,37,,,18,18,,
2013/09/08,08,28,,,13,15,,
2013/09/08,09,20,,,5,15,,
2013/09/08,10,35,,,16,19,,
2013/09/08,11,58,,,34,24,,
2013/09/08,12,65,,,40,25,,
2013/09/08,13,65,,,36,29,,
2013/09/08,14,74,,,45,29,,
2013/09/08,15,75,,,46,29,,
2013/09/08,16,82,,,51,31,,
2013/09/08,17,81,,,49,33,,
2013/09/08,18,79,,,46,33,,
2013/09/08,19,78,,,45,33,,
2013/09/08,20,79,,,45,33,,
2013/09/08,21,78,,,46,32,,
2013/09/08,22,73,,,42,31,,
2013/09/08,23,70,,,40,30,,
2013/09/08,24,66,,,36,30,,
2013/09/09,01,59,,,32,28,,
2013/09/09,02,57,,,33,24,,
2013/09/09,03,50,,,27,23,,
2013/09/09,04,47,,,27,20,,
2013/09/09,05,43,,,23,20,,
2013/09/09,06,41,,,23,18,,
2013/09/09,07,34,,,17,18,,
2013/09/09,08,36,,,18,17,,
2013/09/09,09,32,,,16,17,,
2013/09/09,10,28,,,12,16,,
2013/09/09,11,48,,,25,23,,
2013/09/09,12,55,,,31,24,,
2013/09/09,13,60,,,34,26,,
2013/09/09,14,60,,,33,27,,
2013/09/09,15,64,,,36,27,,
2013/09/09,16,65,,,35,28,,
2013/09/09,17,68,,,38,31,,
2013/09/09,18,68,,,38,31,,
2013/09/09,19,69,,,39,30,,
2013/09/09,20,74,,,42,32,,
2013/09/09,21,71,,,40,31,,
2013/09/09,22,70,,,38,32,,
2013/09/09,23,67,,,36,31,,
2013/09/09,24,66,,,37,28,,
2013/09/10,01,58,,,32,26,,
2013/09/10,02,52,,,28,24,,
2013/09/10,03,49,,,27,22,,
2013/09/10,04,43,,,23,20,,
2013/09/10,05,30,,,14,16,,
2013/09/10,06,26,,,11,15,,
2013/09/10,07,25,,,9,16,,
2013/09/10,08,21,,,5,15,,
2013/09/10,09,18,,,3,15,,
2013/09/10,10,20,,,4,16,,
2013/09/10,11,43,,,20,23,,
2013/09/10,12,49,,,25,24,,
2013/09/10,13,59,,,31,28,,
2013/09/10,14,61,,,34,27,,
2013/09/10,15,55,,,29,26,,
2013/09/10,16,68,,,38,30,,
2013/09/10,17,73,,,42,31,,
2013/09/10,18,72,,,41,31,,
2013/09/10,19,74,,,42,32,,
2013/09/10,20,75,,,41,33,,
2013/09/10,21,83,,,51,32,,
2013/09/10,22,78,,,47,32,,
2013/09/10,23,72,,,40,32,,
2013/09/10,24,68,,,37,30,,
2013/09/11,01,66,,,38,28,,
2013/09/11,02,63,,,37,26,,
2013/09/11,03,55,,,32,23,,
2013/09/11,04,41,,,23,18,,
2013/09/11,05,35,,,21,16,,
2013/09/11,06,35,,,20,15,,
2013/09/11,07,32,,,17,15,,
2013/09/11,08,25,,,10,14,,
2013/09/11,09,26,,,10,16,,
2013/09/11,10,37,,,19,18,,
2013/09/11,11,47,,,24,23,,
2013/09/11,12,53,,,28,27,,
2013/09/11,13,59,,,32,27,,
2013/09/11,14,62,,,34,28,,
2013/09/11,15,62,,,35,28,,
2013/09/11,16,77,,,47,29,,
2013/09/11,17,73,,,43,32,,
2013/09/11,18,72,,,40,32,,
2013/09/11,19,76,,,44,32,,
2013/09/11,20,73,,,40,33,,
2013/09/11,21,69,,,38,31,,
2013/09/11,22,68,,,38,30,,
2013/09/11,23,69,,,38,31,,
2013/09/11,24,66,,,36,30,,
2013/09/12,01,59,,,32,27,,
2013/09/12,02,56,,,32,25,,
2013/09/12,03,52,,,29,23,,
2013/09/12,04,45,,,24,21,,
2013/09/12,05,40,,,21,19,,
2013/09/12,06,33,,,15,18,,
2013/09/12,07,27,,,13,14,,
2013/09/12,08,20,,,8,12,,
2013/09/12,09,21,,,8,13,,
2013/09/12,10,33,,,16,17,,
2013/09/12,11,54,,,29,24,,
2013/09/12,12,61,,,34,26,,
2013/09/12,13,62,,,37,25,,
2013/09/12,14,63,,,38,27,,
2013/09/12,15,69,,,40,29,,
2013/09/12,16,78,,,47,30,,
2013/09/12,17,79,,,47,31,,
2013/09/12,18,78,,,47,32,,
2013/09/12,19,79,,,47,32,,
2013/09/12,20,78,,,46,33,,
2013/09/12,21,83,,,51,32,,
2013/09/12,22,84,,,52,33,,
2013/09/12,23,79,,,48,31,,
2013/09/12,24,78,,,48,29,,
2013/09/13,01,74,,,47,27,,
2013/09/13,02,66,,,41,25,,
2013/09/13,03,47,,,25,21,,
2013/09/13,04,46,,,27,21,,
2013/09/13,05,43,,,24,19,,
2013/09/13,06,42,,,23,19,,
2013/09/13,07,39,,,21,19,,
2013/09/13,08,38,,,19,19,,
2013/09/13,09,35,,,17,17,,
2013/09/13,10,34,,,16,18,,
2013/09/13,11,47,,,25,22,,
2013/09/13,12,54,,,29,26,,
2013/09/13,13,62,,,35,28,,
2013/09/13,14,72,,,43,29,,
2013/09/13,15,69,,,41,29,,
2013/09/13,16,90,,,58,32,,
2013/09/13,17,99,,,65,34,,
2013/09/13,18,94,,,62,32,,
2013/09/13,19,96,,,63,33,,
2013/09/13,20,99,,,64,34,,
2013/09/13,21,109,,,75,34,,
2013/09/13,22,104,,,70,34,,
2013/09/13,23,101,,,67,34,,
2013/09/13,24,85,,,56,30,,
2013/09/14,01,77,,,47,29,,
2013/09/14,02,74,,,45,28,,
2013/09/14,03,76,,,49,28,,
2013/09/14,04,73,,,47,27,,
2013/09/14,05,70,,,44,25,,
2013/09/14,06,55,,,33,22,,
2013/09/14,07,32,,,17,15,,
2013/09/14,08,28,,,14,14,,
2013/09/14,09,27,,,12,14,,
2013/09/14,10,56,,,38,19,,
2013/09/14,11,54,,,32,21,,
2013/09/14,12,63,,,40,24,,
2013/09/14,13,79,,,51,28,,
2013/09/14,14,84,,,57,28,,
2013/09/14,15,77,,,49,29,,
2013/09/14,16,76,,,44,32,,
2013/09/14,17,92,,,59,33,,
2013/09/14,18,93,,,59,35,,
2013/09/14,19,104,,,69,35,,
2013/09/14,20,100,,,65,35,,
2013/09/14,21,105,,,69,36,,
2013/09/14,22,111,,,75,36,,
2013/09/14,23,109,,,76,33,,
2013/09/14,24,93,,,60,33,,
2013/09/15,01,86,,,56,30,,
2013/09/15,02,79,,,50,29,,
2013/09/15,03,77,,,50,27,,
2013/09/15,04,70,,,44,26,,
2013/09/15,05,53,,,31,22,,
2013/09/15,06,36,,,20,17,,
2013/09/15,07,22,,,9,14,,
2013/09/15,08,20,,,5,14,,
2013/09/15,09,22,,,8,14,,
2013/09/15,10,36,,,19,17,,
2013/09/15,11,58,,,36,22,,
2013/09/15,12,67,,,41,26,,
2013/09/15,13,66,,,41,27,,
2013/09/15,14,72,,,44,28,,
2013/09/15,15,81,,,52,28,,
2013/09/15,16,101,,,70,31,,
2013/09/15,17,115,,,82,34,,
2013/09/15,18,111,,,76,34,,
2013/09/15,19,108,,,75,34,,
2013/09/15,20,111,,,78,34,,
2013/09/15,21,100,,,67,34,,
2013/09/15,22,99,,,65,33,,
2013/09/15,23,100,,,67,33,,
2013/09/15,24,88,,,58,30,,
2013/09/16,01,77,,,49,28,,
2013/09/16,02,78,,,50,28,,
2013/09/16,03,74,,,47,28,,
2013/09/16,04,61,,,37,24,,
2013/09/16,05,39,,,19,20,,
2013/09/16,06,31,,,12,19,,
2013/09/16,07,28,,,12,15,,
2013/09/16,08,21,,,8,14,,
2013/09/16,09,20,,,6,13,,
2013/09/16,10,33,,,15,18,,
2013/09/16,11,54,,,30,24,,
2013/09/16,12,56,,,30,26,,
2013/09/16,13,56,,,32,25,,
2013/09/16,14,65,,,40,25,,
2013/09/16,15,62,,,36,26,,
2013/09/16,16,72,,,43,29,,
2013/09/16,17,72,,,42,30,,
2013/09/16,18,76,,,46,30,,
2013/09/16,19,75,,,46,30,,
2013/09/16,20,70,,,40,30,,
2013/09/16,21,62,,,32,30,,
2013/09/16,22,63,,,33,30,,
2013/09/16,23,60,,,32,29,,
2013/09/16,24,55,,,29,26,,
2013/09/17,01,53,,,28,26,,
2013/09/17,02,54,,,28,24,,
2013/09/17,03,45,,,23,22,,
2013/09/17,04,34,,,17,17,,
2013/09/17,05,20,,,5,14,,
2013/09/17,06,16,,,3,13,,
2013/09/17,07,15,,,3,12,,
2013/09/17,08,14,,,2,12,,
2013/09/17,09,15,,,3,12,,
2013/09/17,10,19,,,4,15,,
2013/09/17,11,34,,,13,21,,
2013/09/17,12,49,,,23,26,,
2013/09/17,13,56,,,29,27,,
2013/09/17,14,58,,,29,28,,
2013/09/17,15,58,,,30,28,,
2013/09/17,16,68,,,37,31,,
2013/09/17,17,67,,,34,33,,
2013/09/17,18,63,,,32,31,,
2013/09/17,19,65,,,34,31,,
2013/09/17,20,61,,,30,31,,
2013/09/17,21,62,,,31,31,,
2013/09/17,22,59,,,28,30,,
2013/09/17,23,60,,,29,31,,
2013/09/17,24,57,,,29,29,,
2013/09/18,01,58,,,31,26,,
2013/09/18,02,51,,,28,25,,
2013/09/18,03,41,,,19,22,,
2013/09/18,04,37,,,16,21,,
2013/09/18,05,28,,,10,18,,
2013/09/18,06,19,,,4,14,,
2013/09/18,07,17,,,3,13,,
2013/09/18,08,14,,,2,12,,
2013/09/18,09,15,,,3,12,,
2013/09/18,10,19,,,4,15,,
2013/09/18,11,43,,,20,24,,
2013/09/18,12,56,,,30,26,,
2013/09/18,13,61,,,34,27,,
2013/09/18,14,62,,,35,27,,
2013/09/18,15,62,,,34,28,,
2013/09/18,16,65,,,35,30,,
2013/09/18,17,69,,,36,33,,
2013/09/18,18,64,,,33,32,,
2013/09/18,19,63,,,32,33,,
2013/09/18,20,64,,,32,32,,
2013/09/18,21,67,,,36,31,,
2013/09/18,22,63,,,32,31,,
2013/09/18,23,61,,,31,30,,
2013/09/18,24,59,,,30,29,,
2013/09/19,01,55,,,28,27,,
2013/09/19,02,54,,,28,26,,
2013/09/19,03,49,,,26,23,,
2013/09/19,04,32,,,14,19,,
2013/09/19,05,28,,,10,18,,
2013/09/19,06,25,,,9,16,,
2013/09/19,07,22,,,7,16,,
2013/09/19,08,19,,,8,13,,
2013/09/19,09,19,,,6,13,,
2013/09/19,10,27,,,10,17,,
2013/09/19,11,44,,,20,24,,
2013/09/19,12,52,,,26,27,,
2013/09/19,13,59,,,33,27,,
2013/09/19,14,62,,,33,29,,
2013/09/19,15,66,,,39,27,,
2013/09/19,16,65,,,36,30,,
2013/09/19,17,73,,,41,32,,
2013/09/19,18,70,,,38,32,,
2013/09/19,19,66,,,35,31,,
2013/09/19,20,67,,,35,32,,
2013/09/19,21,64,,,33,31,,
2013/09/19,22,65,,,32,32,,
2013/09/19,23,63,,,31,31,,
2013/09/19,24,61,,,32,28,,
2013/09/20,01,58,,,32,27,,
2013/09/20,02,54,,,30,24,,
2013/09/20,03,41,,,21,20,,
2013/09/20,04,28,,,13,16,,
2013/09/20,05,26,,,11,15,,
2013/09/20,06,24,,,10,14,,
2013/09/20,07,23,,,9,14,,
2013/09/20,08,16,,,4,12,,
2013/09/20,09,18,,,5,13,,
2013/09/20,10,32,,,15,18,,
2013/09/20,11,51,,,27,24,,
2013/09/20,12,50,,,25,26,,
2013/09/20,13,61,,,33,28,,
2013/09/20,14,61,,,32,29,,
2013/09/20,15,61,,,33,27,,
2013/09/20,16,71,,,40,30,,
2013/09/20,17,75,,,43,32,,
2013/09/20,18,73,,,41,32,,
2013/09/20,19,77,,,46,32,,
2013/09/20,20,87,,,53,34,,
2013/09/20,21,92,,,57,35,,
2013/09/20,22,86,,,53,33,,
2013/09/20,23,79,,,46,33,,
2013/09/20,24,74,,,45,30,,
2013/09/21,01,72,,,42,29,,
2013/09/21,02,62,,,35,28,,
2013/09/21,03,59,,,31,28,,
2013/09/21,04,54,,,28,25,,
2013/09/21,05,42,,,21,22,,
2013/09/21,06,33,,,15,18,,
2013/09/21,07,25,,,11,15,,
2013/09/21,08,18,,,5,13,,
2013/09/21,09,19,,,6,13,,
2013/09/21,10,42,,,24,18,,
2013/09/21,11,46,,,24,23,,
2013/09/21,12,55,,,31,24,,
2013/09/21,13,76,,,47,29,,
2013/09/21,14,73,,,45,28,,
2013/09/21,15,72,,,43,28,,
2013/09/21,16,77,,,45,32,,
2013/09/21,17,80,,,48,33,,
2013/09/21,18,78,,,45,35,,
2013/09/21,19,87,,,53,34,,
2013/09/21,20,90,,,56,35,,
2013/09/21,21,93,,,60,34,,
2013/09/21,22,82,,,49,34,,
2013/09/21,23,86,,,52,35,,
2013/09/21,24,76,,,44,31,,
2013/09/22,01,71,,,42,29,,
2013/09/22,02,65,,,37,29,,
2013/09/22,03,56,,,29,27,,
2013/09/22,04,54,,,28,25,,
2013/09/22,05,50,,,28,22,,
2013/09/22,06,40,,,23,18,,
2013/09/22,07,32,,,16,16,,
2013/09/22,08,31,,,16,15,,
2013/09/22,09,24,,,10,14,,
2013/09/22,10,28,,,11,18,,
2013/09/22,11,52,,,31,22,,
2013/09/22,12,62,,,37,25,,
2013/09/22,13,69,,,42,28,,
2013/09/22,14,67,,,40,28,,
2013/09/22,15,63,,,35,28,,
2013/09/22,16,67,,,37,30,,
2013/09/22,17,79,,,46,33,,
2013/09/22,18,85,,,52,33,,
2013/09/22,19,82,,,49,35,,
2013/09/22,20,80,,,46,34,,
2013/09/22,21,78,,,46,32,,
2013/09/22,22,72,,,40,33,,
2013/09/22,23,71,,,37,34,,
2013/09/22,24,67,,,37,31,,
2013/09/23,01,59,,,30,30,,
2013/09/23,02,56,,,28,29,,
2013/09/23,03,50,,,23,26,,
2013/09/23,04,47,,,23,24,,
2013/09/23,05,43,,,21,22,,
2013/09/23,06,42,,,23,19,,
2013/09/23,07,29,,,11,18,,
2013/09/23,08,25,,,12,14,,
2013/09/23,09,22,,,10,13,,
2013/09/23,10,22,,,5,18,,
2013/09/23,11,46,,,21,24,,
2013/09/23,12,47,,,21,26,,
2013/09/23,13,52,,,24,28,,
2013/09/23,14,55,,,25,30,,
2013/09/23,15,62,,,33,29,,
2013/09/23,16,63,,,30,33,,
2013/09/23,17,66,,,34,32,,
2013/09/23,18,64,,,32,31,,
2013/09/23,19,65,,,31,33,,
2013/09/23,20,63,,,31,33,,
2013/09/23,21,60,,,29,31,,
2013/09/23,22,59,,,29,30,,
2013/09/23,23,56,,,29,28,,
2013/09/23,24,56,,,29,26,,
2013/09/24,01,52,,,28,23,,
2013/09/24,02,52,,,30,22,,
2013/09/24,03,38,,,17,21,,
2013/09/24,04,28,,,12,15,,
2013/09/24,05,25,,,11,15,,
2013/09/24,06,21,,,7,14,,
2013/09/24,07,21,,,7,14,,
2013/09/24,08,17,,,4,13,,
2013/09/24,09,16,,,3,13,,
2013/09/24,10,23,,,9,16,,
2013/09/24,11,38,,,15,23,,
2013/09/24,12,50,,,25,25,,
2013/09/24,13,55,,,27,28,,
2013/09/24,14,54,,,26,28,,
2013/09/24,15,57,,,29,28,,
2013/09/24,16,63,,,33,30,,
2013/09/24,17,61,,,29,32,,
2013/09/24,18,59,,,31,29,,
2013/09/24,19,67,,,36,31,,
2013/09/24,20,69,,,36,33,,
2013/09/24,21,68,,,36,31,,
2013/09/24,22,70,,,39,31,,
2013/09/24,23,68,,,38,30,,
2013/09/24,24,65,,,35,30,,
2013/09/25,01,61,,,34,27,,
2013/09/25,02,56,,,32,25,,
2013/09/25,03,48,,,26,23,,
2013/09/25,04,38,,,17,21,,
2013/09/25,05,33,,,16,17,,
2013/09/25,06,26,,,12,16,,
2013/09/25,07,24,,,10,13,,
2013/09/25,08,18,,,5,13,,
2013/09/25,09,22,,,8,14,,
2013/09/25,10,37,,,19,18,,
2013/09/25,11,49,,,25,24,,
2013/09/25,12,56,,,28,27,,
2013/09/25,13,59,,,31,29,,
2013/09/25,14,63,,,33,29,,
2013/09/25,15,66,,,38,29,,
2013/09/25,16,69,,,38,31,,
2013/09/25,17,70,,,39,32,,
2013/09/25,18,67,,,35,32,,
2013/09/25,19,76,,,43,33,,
2013/09/25,20,77,,,44,33,,
2013/09/25,21,72,,,40,33,,
2013/09/25,22,76,,,43,33,,
2013/09/25,23,67,,,36,32,,
2013/09/25,24,65,,,36,30,,
2013/09/26,01,59,,,32,27,,
2013/09/26,02,57,,,32,25,,
2013/09/26,03,55,,,32,24,,
2013/09/26,04,51,,,30,21,,
2013/09/26,05,44,,,25,19,,
2013/09/26,06,29,,,13,16,,
2013/09/26,07,27,,,11,16,,
2013/09/26,08,22,,,7,15,,
2013/09/26,09,18,,,4,14,,
2013/09/26,10,24,,,8,17,,
2013/09/26,11,44,,,20,23,,
2013/09/26,12,52,,,26,27,,
2013/09/26,13,52,,,26,27,,
2013/09/26,14,54,,,28,27,,
2013/09/26,15,52,,,25,28,,
2013/09/26,16,52,,,25,29,,
2013/09/26,17,51,,,22,30,,
2013/09/26,18,54,,,23,31,,
2013/09/26,19,54,,,22,31,,
2013/09/26,20,62,,,31,31,,
2013/09/26,21,61,,,30,31,,
2013/09/26,22,58,,,28,31,,
2013/09/26,23,58,,,27,31,,
2013/09/26,24,56,,,29,28,,
2013/09/27,01,47,,,23,25,,
2013/09/27,02,47,,,22,23,,
2013/09/27,03,37,,,17,20,,
2013/09/27,04,26,,,9,17,,
2013/09/27,05,19,,,4,15,,
2013/09/27,06,17,,,3,13,,
2013/09/27,07,14,,,2,12,,
2013/09/27,08,14,,,3,12,,
2013/09/27,09,18,,,4,14,,
2013/09/27,10,27,,,9,17,,
2013/09/27,11,35,,,11,23,,
2013/09/27,12,40,,,15,26,,
2013/09/27,13,44,,,17,27,,
2013/09/27,14,44,,,17,27,,
2013/09/27,15,47,,,20,27,,
2013/09/27,16,50,,,20,30,,
2013/09/27,17,62,,,31,32,,
2013/09/27,18,58,,,27,31,,
2013/09/27,19,64,,,32,32,,
2013/09/27,20,65,,,32,34,,
2013/09/27,21,66,,,33,33,,
2013/09/27,22,67,,,34,33,,
2013/09/27,23,64,,,33,31,,
2013/09/27,24,60,,,28,31,,
2013/09/28,01,53,,,26,29,,
2013/09/28,02,55,,,29,27,,
2013/09/28,03,52,,,26,25,,
2013/09/28,04,48,,,25,24,,
2013/09/28,05,42,,,21,22,,
2013/09/28,06,23,,,9,15,,
2013/09/28,07,19,,,6,13,,
2013/09/28,08,18,,,5,13,,
2013/09/28,09,15,,,3,12,,
2013/09/28,10,26,,,9,17,,
2013/09/28,11,43,,,19,23,,
2013/09/28,12,52,,,27,27,,
2013/09/28,13,56,,,27,30,,
2013/09/28,14,61,,,31,30,,
2013/09/28,15,57,,,28,29,,
2013/09/28,16,64,,,31,32,,
2013/09/28,17,63,,,30,33,,
2013/09/28,18,63,,,31,32,,
2013/09/28,19,65,,,32,33,,
2013/09/28,20,67,,,32,35,,
2013/09/28,21,68,,,34,34,,
2013/09/28,22,68,,,34,34,,
2013/09/28,23,65,,,33,32,,
2013/09/28,24,61,,,31,30,,
2013/09/29,01,56,,,29,27,,
2013/09/29,02,54,,,27,27,,
2013/09/29,03,46,,,21,25,,
2013/09/29,04,38,,,15,23,,
2013/09/29,05,37,,,17,21,,
2013/09/29,06,29,,,11,18,,
2013/09/29,07,21,,,6,15,,
2013/09/29,08,20,,,5,15,,
2013/09/29,09,18,,,5,14,,
2013/09/29,10,29,,,13,17,,
2013/09/29,11,46,,,25,21,,
2013/09/29,12,56,,,31,26,,
2013/09/29,13,60,,,33,28,,
2013/09/29,14,60,,,32,28,,
2013/09/29,15,52,,,26,27,,
2013/09/29,16,61,,,32,30,,
2013/09/29,17,65,,,33,31,,
2013/09/29,18,72,,,39,32,,
2013/09/29,19,69,,,36,33,,
2013/09/29,20,70,,,37,33,,
2013/09/29,21,71,,,39,32,,
2013/09/29,22,63,,,32,31,,
2013/09/29,23,62,,,31,31,,
2013/09/29,24,56,,,27,27,,
2013/09/30,01,47,,,21,25,,
2013/09/30,02,49,,,25,24,,
2013/09/30,03,38,,,18,21,,
2013/09/30,04,30,,,12,18,,
2013/09/30,05,26,,,11,16,,
2013/09/30,06,23,,,8,15,,
2013/09/30,07,22,,,6,16,,
2013/09/30,08,23,,,7,16,,
2013/09/30,09,18,,,5,13,,
2013/09/30,10,22,,,6,16,,
2013/09/30,11,38,,,16,24,,
2013/09/30,12,45,,,21,24,,
2013/09/30,13,49,,,23,26,,
2013/09/30,14,51,,,24,27,,
2013/09/30,15,52,,,24,28,,
2013/09/30,16,58,,,29,30,,
2013/09/30,17,66,,,34,32,,
2013/09/30,18,66,,,34,32,,
2013/09/30,19,65,,,34,31,,
2013/09/30,20,67,,,34,33,,
2013/09/30,21,68,,,35,33,,
2013/09/30,22,62,,,31,31,,
2013/09/30,23,64,,,33,30,,
2013/09/30,24,59,,,30,29,,
2013/10/01,01,56,,,30,26,,
2013/10/01,02,51,,,26,25,,
2013/10/01,03,45,,,23,23,,
2013/10/01,04,34,,,14,19,,
2013/10/01,05,24,,,8,15,,
2013/10/01,06,17,,,4,13,,
2013/10/01,07,14,,,3,13,,
2013/10/01,08,14,,,2,12,,
2013/10/01,09,16,,,3,13,,
2013/10/01,10,19,,,4,15,,
2013/10/01,11,39,,,18,21,,
2013/10/01,12,46,,,21,25,,
2013/10/01,13,51,,,23,26,,
2013/10/01,14,53,,,24,28,,
2013/10/01,15,54,,,26,27,,
2013/10/01,16,57,,,27,30,,
2013/10/01,17,73,,,40,32,,
2013/10/01,18,66,,,36,31,,
2013/10/01,19,73,,,40,33,,
2013/10/01,20,73,,,40,33,,
2013/10/01,21,76,,,43,33,,
2013/10/01,22,70,,,37,31,,
2013/10/01,23,69,,,38,31,,
2013/10/01,24,65,,,36,29,,
2013/10/02,01,62,,,35,27,,
2013/10/02,02,57,,,31,26,,
2013/10/02,03,48,,,25,23,,
2013/10/02,04,33,,,14,19,,
2013/10/02,05,27,,,11,16,,
2013/10/02,06,25,,,10,15,,
2013/10/02,07,21,,,6,15,,
2013/10/02,08,22,,,8,14,,
2013/10/02,09,22,,,8,14,,
2013/10/02,10,21,,,5,16,,
2013/10/02,11,44,,,20,24,,
2013/10/02,12,58,,,32,26,,
2013/10/02,13,61,,,32,28,,
2013/10/02,14,63,,,35,28,,
2013/10/02,15,61,,,32,28,,
2013/10/02,16,66,,,37,29,,
2013/10/02,17,75,,,44,31,,
2013/10/02,18,74,,,43,32,,
2013/10/02,19,76,,,43,32,,
2013/10/02,20,79,,,46,33,,
2013/10/02,21,77,,,44,33,,
2013/10/02,22,79,,,46,32,,
2013/10/02,23,71,,,40,31,,
2013/10/02,24,65,,,38,28,,
2013/10/03,01,61,,,35,26,,
2013/10/03,02,56,,,32,25,,
2013/10/03,03,50,,,30,20,,
2013/10/03,04,44,,,26,18,,
2013/10/03,05,40,,,22,17,,
2013/10/03,06,33,,,17,16,,
2013/10/03,07,25,,,11,14,,
2013/10/03,08,22,,,9,14,,
2013/10/03,09,22,,,8,15,,
2013/10/03,10,30,,,15,16,,
2013/10/03,11,52,,,27,25,,
2013/10/03,12,57,,,30,25,,
2013/10/03,13,65,,,38,27,,
2013/10/03,14,65,,,36,27,,
2013/10/03,15,65,,,37,28,,
2013/10/03,16,71,,,41,30,,
2013/10/03,17,71,,,40,32,,
2013/10/03,18,67,,,36,31,,
2013/10/03,19,64,,,34,31,,
2013/10/03,20,70,,,38,32,,
2013/10/03,21,67,,,35,32,,
2013/10/03,22,67,,,36,32,,
2013/10/03,23,63,,,32,30,,
2013/10/03,24,57,,,30,27,,
2013/10/04,01,48,,,23,25,,
2013/10/04,02,48,,,24,24,,
2013/10/04,03,38,,,17,21,,
2013/10/04,04,29,,,11,17,,
2013/10/04,05,23,,,8,16,,
2013/10/04,06,24,,,8,15,,
2013/10/04,07,14,,,2,12,,
2013/10/04,08,13,,,3,12,,
2013/10/04,09,14,,,2,13,,
2013/10/04,10,19,,,3,16,,
2013/10/04,11,35,,,12,22,,
2013/10/04,12,41,,,17,25,,
2013/10/04,13,42,,,17,26,,
2013/10/04,14,42,,,16,27,,
2013/10/04,15,42,,,15,26,,
2013/10/04,16,50,,,20,30,,
2013/10/04,17,57,,,25,32,,
2013/10/04,18,54,,,24,31,,
2013/10/04,19,62,,,29,33,,
2013/10/04,20,61,,,29,32,,
2013/10/04,21,64,,,32,32,,
2013/10/04,22,62,,,30,33,,
2013/10/04,23,60,,,28,32,,
2013/10/04,24,58,,,28,30,,
2013/10/05,01,51,,,24,27,,
2013/10/05,02,50,,,25,26,,
2013/10/05,03,52,,,27,25,,
2013/10/05,04,46,,,24,23,,
2013/10/05,05,31,,,13,18,,
2013/10/05,06,21,,,6,14,,
2013/10/05,07,16,,,3,12,,
2013/10/05,08,16,,,4,12,,
2013/10/05,09,14,,,3,11,,
2013/10/05,10,24,,,9,17,,
2013/10/05,11,37,,,17,21,,
2013/10/05,12,45,,,20,26,,
2013/10/05,13,54,,,26,28,,
2013/10/05,14,55,,,28,27,,
2013/10/05,15,56,,,29,27,,
2013/10/05,16,57,,,27,30,,
2013/10/05,17,62,,,30,32,,
2013/10/05,18,69,,,36,33,,
2013/10/05,19,67,,,34,32,,
2013/10/05,20,69,,,35,33,,
2013/10/05,21,64,,,32,32,,
2013/10/05,22,64,,,32,32,,
2013/10/05,23,65,,,33,32,,
2013/10/05,24,60,,,30,29,,
2013/10/06,01,58,,,30,28,,
2013/10/06,02,56,,,30,26,,
2013/10/06,03,53,,,27,26,,
2013/10/06,04,52,,,29,24,,
2013/10/06,05,49,,,26,23,,
2013/10/06,06,42,,,21,20,,
2013/10/06,07,31,,,14,17,,
2013/10/06,08,30,,,14,16,,
2013/10/06,09,21,,,6,15,,
2013/10/06,10,22,,,6,15,,
2013/10/06,11,32,,,12,21,,
2013/10/06,12,42,,,17,25,,
2013/10/06,13,54,,,26,28,,
2013/10/06,14,57,,,29,28,,
2013/10/06,15,57,,,29,28,,
2013/10/06,16,63,,,30,32,,
2013/10/06,17,72,,,39,33,,
2013/10/06,18,72,,,39,33,,
2013/10/06,19,69,,,35,33,,
2013/10/06,20,68,,,35,33,,
2013/10/06,21,65,,,34,31,,
2013/10/06,22,62,,,32,30,,
2013/10/06,23,59,,,29,30,,
2013/10/06,24,50,,,22,27,,
2013/10/07,01,45,,,20,25,,
2013/10/07,02,45,,,22,24,,
2013/10/07,03,41,,,20,22,,
2013/10/07,04,32,,,13,19,,
2013/10/07,05,30,,,10,20,,
2013/10/07,06,29,,,10,18,,
2013/10/07,07,29,,,10,18,,
2013/10/07,08,20,,,5,16,,
2013/10/07,09,16,,,4,12,,
2013/10/07,10,20,,,5,16,,
2013/10/07,11,43,,,20,23,,
2013/10/07,12,43,,,20,23,,
2013/10/07,13,52,,,24,28,,
2013/10/07,14,56,,,29,26,,
2013/10/07,15,54,,,29,25,,
2013/10/07,16,60,,,33,28,,
2013/10/07,17,74,,,42,32,,
2013/10/07,18,71,,,39,32,,
2013/10/07,19,71,,,41,30,,
2013/10/07,20,71,,,40,31,,
2013/10/07,21,67,,,36,31,,
2013/10/07,22,61,,,32,30,,
2013/10/07,23,62,,,33,29,,
2013/10/07,24,60,,,33,27,,
2013/10/08,01,58,,,32,26,,
2013/10/08,02,55,,,31,24,,
2013/10/08,03,41,,,21,21,,
2013/10/08,04,31,,,15,16,,
2013/10/08,05,27,,,12,15,,
2013/10/08,06,24,,,11,14,,
2013/10/08,07,18,,,5,13,,
2013/10/08,08,16,,,4,12,,
2013/10/08,09,19,,,6,14,,
2013/10/08,10,29,,,14,16,,
2013/10/08,11,51,,,27,24,,
2013/10/08,12,60,,,32,28,,
2013/10/08,13,66,,,37,31,,
2013/10/08,14,68,,,37,31,,
2013/10/08,15,66,,,37,29,,
2013/10/08,16,71,,,39,32,,
2013/10/08,17,70,,,39,31,,
2013/10/08,18,71,,,39,31,,
2013/10/08,19,71,,,39,32,,
2013/10/08,20,71,,,40,30,,
2013/10/08,21,72,,,42,29,,
2013/10/08,22,68,,,38,30,,
2013/10/08,23,66,,,37,29,,
2013/10/08,24,64,,,34,30,,
2013/10/09,01,58,,,32,26,,
2013/10/09,02,56,,,31,24,,
2013/10/09,03,53,,,30,23,,
2013/10/09,04,44,,,22,22,,
2013/10/09,05,33,,,18,15,,
2013/10/09,06,27,,,13,14,,
2013/10/09,07,23,,,10,13,,
2013/10/09,08,25,,,12,13,,
2013/10/09,09,23,,,11,12,,
2013/10/09,10,35,,,18,16,,
2013/10/09,11,53,,,29,24,,
2013/10/09,12,60,,,35,26,,
2013/10/09,13,67,,,39,27,,
2013/10/09,14,62,,,34,27,,
2013/10/09,15,65,,,37,28,,
2013/10/09,16,69,,,40,29,,
2013/10/09,17,66,,,34,32,,
2013/10/09,18,74,,,42,32,,
2013/10/09,19,78,,,47,31,,
2013/10/09,20,78,,,47,32,,
2013/10/09,21,76,,,46,31,,
2013/10/09,22,81,,,50,31,,
2013/10/09,23,74,,,44,30,,
2013/10/09,24,71,,,41,30,,
2013/10/10,01,64,,,37,27,,
2013/10/10,02,60,,,35,26,,
2013/10/10,03,56,,,31,23,,
2013/10/10,04,43,,,24,18,,
2013/10/10,05,26,,,10,16,,
2013/10/10,06,20,,,5,15,,
2013/10/10,07,16,,,3,13,,
2013/10/10,08,14,,,2,13,,
2013/10/10,09,15,,,2,13,,
2013/10/10,10,30,,,12,18,,
2013/10/10,11,60,,,36,24,,
2013/10/10,12,64,,,39,27,,
2013/10/10,13,67,,,40,27,,
2013/10/10,14,57,,,32,26,,
2013/10/10,15,60,,,33,27,,
2013/10/10,16,65,,,34,30,,
2013/10/10,17,76,,,45,32,,
2013/10/10,18,74,,,44,31,,
2013/10/10,19,74,,,43,31,,
2013/10/10,20,75,,,43,32,,
2013/10/10,21,73,,,42,31,,
2013/10/10,22,68,,,37,31,,
2013/10/10,23,67,,,39,30,,
2013/10/10,24,64,,,37,27,,
2013/10/11,01,61,,,34,26,,
2013/10/11,02,55,,,30,25,,
2013/10/11,03,50,,,27,23,,
2013/10/11,04,49,,,29,21,,
2013/10/11,05,39,,,21,18,,
2013/10/11,06,34,,,18,17,,
2013/10/11,07,28,,,13,15,,
2013/10/11,08,23,,,9,14,,
2013/10/11,09,26,,,11,15,,
2013/10/11,10,35,,,17,17,,
2013/10/11,11,64,,,41,23,,
2013/10/11,12,68,,,41,26,,
2013/10/11,13,65,,,37,28,,
2013/10/11,14,67,,,38,29,,
2013/10/11,15,62,,,34,28,,
2013/10/11,16,70,,,39,31,,
2013/10/11,17,72,,,39,33,,
2013/10/11,18,69,,,37,32,,
2013/10/11,19,80,,,46,34,,
2013/10/11,20,82,,,48,35,,
2013/10/11,21,82,,,49,33,,
2013/10/11,22,81,,,47,34,,
2013/10/11,23,79,,,44,33,,
2013/10/11,24,73,,,42,31,,
2013/10/12,01,68,,,39,29,,
2013/10/12,02,63,,,35,29,,
2013/10/12,03,64,,,37,27,,
2013/10/12,04,54,,,29,25,,
2013/10/12,05,54,,,32,23,,
2013/10/12,06,31,,,14,17,,
2013/10/12,07,23,,,9,14,,
2013/10/12,08,20,,,6,14,,
2013/10/12,09,15,,,4,12,,
2013/10/12,10,42,,,24,18,,
2013/10/12,11,58,,,34,23,,
2013/10/12,12,67,,,40,27,,
2013/10/12,13,72,,,44,29,,
2013/10/12,14,65,,,36,29,,
2013/10/12,15,68,,,38,31,,
2013/10/12,16,77,,,44,34,,
2013/10/12,17,77,,,43,35,,
2013/10/12,18,75,,,41,33,,
2013/10/12,19,70,,,37,34,,
2013/10/12,20,70,,,36,34,,
2013/10/12,21,69,,,35,33,,
2013/10/12,22,66,,,31,34,,
2013/10/12,23,64,,,31,33,,
2013/10/12,24,62,,,30,32,,
2013/10/13,01,56,,,28,28,,
2013/10/13,02,53,,,27,26,,
2013/10/13,03,50,,,27,24,,
2013/10/13,04,46,,,22,24,,
2013/10/13,05,42,,,21,20,,
2013/10/13,06,37,,,19,18,,
2013/10/13,07,21,,,8,13,,
2013/10/13,08,21,,,8,14,,
2013/10/13,09,18,,,5,13,,
2013/10/13,10,19,,,4,15,,
2013/10/13,11,36,,,17,19,,
2013/10/13,12,43,,,19,23,,
2013/10/13,13,50,,,24,26,,
2013/10/13,14,55,,,29,26,,
2013/10/13,15,55,,,26,29,,
2013/10/13,16,57,,,27,30,,
2013/10/13,17,59,,,28,31,,
2013/10/13,18,62,,,30,32,,
2013/10/13,19,68,,,34,34,,
2013/10/13,20,68,,,35,33,,
2013/10/13,21,67,,,34,33,,
2013/10/13,22,64,,,31,32,,
2013/10/13,23,61,,,30,31,,
2013/10/13,24,59,,,28,31,,
2013/10/14,01,51,,,25,26,,
2013/10/14,02,48,,,22,27,,
2013/10/14,03,47,,,22,25,,
2013/10/14,04,41,,,19,22,,
2013/10/14,05,34,,,14,21,,
2013/10/14,06,27,,,10,17,,
2013/10/14,07,20,,,5,15,,
2013/10/14,08,18,,,6,12,,
2013/10/14,09,16,,,4,12,,
2013/10/14,10,21,,,5,16,,
2013/10/14,11,32,,,12,21,,
2013/10/14,12,39,,,17,22,,
2013/10/14,13,42,,,17,25,,
2013/10/14,14,44,,,18,25,,
2013/10/14,15,43,,,17,26,,
2013/10/14,16,57,,,28,30,,
2013/10/14,17,60,,,30,30,,
2013/10/14,18,62,,,30,32,,
2013/10/14,19,64,,,31,32,,
2013/10/14,20,65,,,32,33,,
2013/10/14,21,65,,,33,32,,
2013/10/14,22,62,,,31,31,,
2013/10/14,23,57,,,27,30,,
2013/10/14,24,52,,,25,27,,
2013/10/15,01,52,,,26,26,,
2013/10/15,02,50,,,27,23,,
2013/10/15,03,43,,,22,21,,
2013/10/15,04,29,,,13,16,,
2013/10/15,05,26,,,13,14,,
2013/10/15,06,24,,,10,14,,
2013/10/15,07,25,,,11,13,,
2013/10/15,08,24,,,10,14,,
2013/10/15,09,21,,,8,13,,
2013/10/15,10,20,,,6,15,,
2013/10/15,11,33,,,13,21,,
2013/10/15,12,46,,,21,24,,
2013/10/15,13,49,,,22,27,,
2013/10/15,14,49,,,23,26,,
2013/10/15,15,50,,,24,27,,
2013/10/15,16,52,,,24,28,,
2013/10/15,17,55,,,25,30,,
2013/10/15,18,57,,,26,30,,
2013/10/15,19,58,,,28,30,,
2013/10/15,20,57,,,28,29,,
2013/10/15,21,56,,,27,28,,
2013/10/15,22,57,,,29,28,,
2013/10/15,23,52,,,25,27,,
2013/10/15,24,48,,,22,25,,
2013/10/16,01,48,,,24,23,,
2013/10/16,02,44,,,22,23,,
2013/10/16,03,39,,,17,21,,
2013/10/16,04,29,,,11,19,,
2013/10/16,05,21,,,5,16,,
2013/10/16,06,17,,,4,13,,
2013/10/16,07,18,,,5,13,,
2013/10/16,08,16,,,3,13,,
2013/10/16,09,16,,,3,14,,
2013/10/16,10,21,,,5,16,,
2013/10/16,11,31,,,9,21,,
2013/10/16,12,38,,,12,26,,
2013/10/16,13,41,,,15,26,,
2013/10/16,14,44,,,17,27,,
2013/10/16,15,42,,,15,27,,
2013/10/16,16,49,,,19,31,,
2013/10/16,17,54,,,22,33,,
2013/10/16,18,55,,,26,31,,
2013/10/16,19,54,,,24,30,,
2013/10/16,20,56,,,25,31,,
2013/10/16,21,54,,,25,29,,
2013/10/16,22,52,,,23,29,,
2013/10/16,23,50,,,21,29,,
2013/10/16,24,52,,,26,27,,
2013/10/17,01,45,,,22,24,,
2013/10/17,02,43,,,21,22,,
2013/10/17,03,31,,,13,18,,
2013/10/17,04,26,,,9,17,,
2013/10/17,05,24,,,9,15,,
2013/10/17,06,18,,,3,15,,
2013/10/17,07,16,,,3,14,,
2013/10/17,08,17,,,3,13,,
2013/10/17,09,16,,,3,13,,
2013/10/17,10,21,,,6,15,,
2013/10/17,11,33,,,12,22,,
2013/10/17,12,34,,,11,22,,
2013/10/17,13,36,,,14,22,,
2013/10/17,14,37,,,14,23,,
2013/10/17,15,39,,,16,23,,
2013/10/17,16,46,,,19,26,,
2013/10/17,17,47,,,20,25,,
2013/10/17,18,51,,,24,28,,
2013/10/17,19,52,,,25,27,,
2013/10/17,20,55,,,26,29,,
2013/10/17,21,55,,,25,29,,
2013/10/17,22,53,,,23,30,,
2013/10/17,23,55,,,26,29,,
2013/10/17,24,50,,,23,27,,
2013/10/18,01,45,,,20,25,,
2013/10/18,02,42,,,18,24,,
2013/10/18,03,37,,,15,22,,
2013/10/18,04,29,,,11,16,,
2013/10/18,05,23,,,8,16,,
2013/10/18,06,21,,,8,14,,
2013/10/18,07,20,,,6,13,,
2013/10/18,08,17,,,5,12,,
2013/10/18,09,23,,,8,15,,
2013/10/18,10,25,,,7,17,,
2013/10/18,11,36,,,14,22,,
2013/10/18,12,46,,,21,26,,
2013/10/18,13,47,,,20,27,,
2013/10/18,14,42,,,14,27,,
2013/10/18,15,40,,,14,26,,
2013/10/18,16,47,,,19,28,,
2013/10/18,17,55,,,24,31,,
2013/10/18,18,53,,,24,30,,
2013/10/18,19,56,,,25,31,,
2013/10/18,20,61,,,29,33,,
2013/10/18,21,57,,,25,32,,
2013/10/18,22,58,,,25,32,,
2013/10/18,23,55,,,25,31,,
2013/10/18,24,54,,,25,29,,
2013/10/19,01,51,,,25,26,,
2013/10/19,02,50,,,25,25,,
2013/10/19,03,47,,,23,25,,
2013/10/19,04,38,,,15,23,,
2013/10/19,05,34,,,15,21,,
2013/10/19,06,27,,,9,18,,
2013/10/19,07,16,,,4,12,,
2013/10/19,08,15,,,4,12,,
2013/10/19,09,15,,,3,12,,
2013/10/19,10,22,,,6,16,,
2013/10/19,11,35,,,15,20,,
2013/10/19,12,42,,,19,23,,
2013/10/19,13,47,,,21,25,,
2013/10/19,14,44,,,18,26,,
2013/10/19,15,49,,,22,29,,
2013/10/19,16,58,,,27,32,,
2013/10/19,17,55,,,25,31,,
2013/10/19,18,59,,,28,31,,
2013/10/19,19,59,,,27,32,,
2013/10/19,20,61,,,28,33,,
2013/10/19,21,64,,,32,32,,
2013/10/19,22,62,,,31,31,,
2013/10/19,23,59,,,28,31,,
2013/10/19,24,57,,,27,30,,
2013/10/20,01,51,,,24,26,,
2013/10/20,02,50,,,25,26,,
2013/10/20,03,46,,,22,24,,
2013/10/20,04,41,,,19,23,,
2013/10/20,05,37,,,17,21,,
2013/10/20,06,28,,,10,18,,
2013/10/20,07,23,,,6,17,,
2013/10/20,08,20,,,6,14,,
2013/10/20,09,24,,,9,15,,
2013/10/20,10,27,,,11,15,,
2013/10/20,11,36,,,15,21,,
2013/10/20,12,42,,,18,24,,
2013/10/20,13,45,,,19,25,,
2013/10/20,14,46,,,20,26,,
2013/10/20,15,44,,,17,26,,
2013/10/20,16,48,,,19,29,,
2013/10/20,17,52,,,23,29,,
2013/10/20,18,55,,,24,30,,
2013/10/20,19,62,,,32,31,,
2013/10/20,20,56,,,25,32,,
2013/10/20,21,53,,,22,30,,
2013/10/20,22,48,,,17,31,,
2013/10/20,23,47,,,18,30,,
2013/10/20,24,46,,,18,29,,
2013/10/21,01,41,,,16,25,,
2013/10/21,02,38,,,15,23,,
2013/10/21,03,35,,,13,22,,
2013/10/21,04,31,,,11,20,,
2013/10/21,05,22,,,5,17,,
2013/10/21,06,20,,,4,16,,
2013/10/21,07,17,,,3,14,,
2013/10/21,08,18,,,3,15,,
2013/10/21,09,18,,,3,15,,
2013/10/21,10,21,,,3,18,,
2013/10/21,11,31,,,9,23,,
2013/10/21,12,33,,,9,24,,
2013/10/21,13,38,,,12,26,,
2013/10/21,14,41,,,15,26,,
2013/10/21,15,42,,,17,25,,
2013/10/21,16,47,,,18,29,,
2013/10/21,17,51,,,21,30,,
2013/10/21,18,53,,,24,29,,
2013/10/21,19,56,,,27,29,,
2013/10/21,20,56,,,25,31,,
2013/10/21,21,56,,,26,30,,
2013/10/21,22,58,,,27,31,,
2013/10/21,23,54,,,24,29,,
2013/10/21,24,51,,,25,26,,
2013/10/22,01,53,,,28,25,,
2013/10/22,02,48,,,24,25,,
2013/10/22,03,44,,,21,23,,
2013/10/22,04,39,,,18,22,,
2013/10/22,05,22,,,7,15,,
2013/10/22,06,19,,,4,16,,
2013/10/22,07,19,,,4,15,,
2013/10/22,08,20,,,4,16,,
2013/10/22,09,19,,,4,14,,
2013/10/22,10,17,,,3,15,,
2013/10/22,11,34,,,13,21,,
2013/10/22,12,41,,,16,25,,
2013/10/22,13,43,,,18,25,,
2013/10/22,14,45,,,19,25,,
2013/10/22,15,42,,,18,25,,
2013/10/22,16,51,,,23,28,,
2013/10/22,17,54,,,23,31,,
2013/10/22,18,56,,,24,31,,
2013/10/22,19,60,,,29,31,,
2013/10/22,20,61,,,29,32,,
2013/10/22,21,62,,,31,30,,
2013/10/22,22,59,,,29,30,,
2013/10/22,23,58,,,28,29,,
2013/10/22,24,54,,,26,28,,
2013/10/23,01,43,,,19,24,,
2013/10/23,02,42,,,18,24,,
2013/10/23,03,38,,,17,22,,
2013/10/23,04,29,,,11,19,,
2013/10/23,05,27,,,9,17,,
2013/10/23,06,27,,,11,16,,
2013/10/23,07,25,,,9,16,,
2013/10/23,08,24,,,8,16,,
2013/10/23,09,21,,,7,14,,
2013/10/23,10,27,,,10,17,,
2013/10/23,11,35,,,13,22,,
2013/10/23,12,40,,,16,24,,
2013/10/23,13,45,,,17,28,,
2013/10/23,14,47,,,19,28,,
2013/10/23,15,42,,,16,26,,
2013/10/23,16,43,,,15,28,,
2013/10/23,17,46,,,17,30,,
2013/10/23,18,52,,,21,31,,
2013/10/23,19,58,,,27,30,,
2013/10/23,20,53,,,22,31,,
2013/10/23,21,57,,,26,31,,
2013/10/23,22,55,,,24,30,,
2013/10/23,23,50,,,21,29,,
2013/10/23,24,47,,,21,26,,
2013/10/24,01,47,,,23,25,,
2013/10/24,02,46,,,22,24,,
2013/10/24,03,40,,,17,22,,
2013/10/24,04,32,,,15,19,,
2013/10/24,05,21,,,7,14,,
2013/10/24,06,16,,,4,13,,
2013/10/24,07,14,,,2,12,,
2013/10/24,08,15,,,3,12,,
2013/10/24,09,14,,,3,12,,
2013/10/24,10,18,,,3,15,,
2013/10/24,11,33,,,12,21,,
2013/10/24,12,42,,,19,24,,
2013/10/24,13,45,,,20,25,,
2013/10/24,14,45,,,21,24,,
2013/10/24,15,46,,,22,24,,
2013/10/24,16,49,,,20,28,,
2013/10/24,17,51,,,20,31,,
2013/10/24,18,51,,,23,29,,
2013/10/24,19,55,,,25,31,,
2013/10/24,20,57,,,25,32,,
2013/10/24,21,56,,,25,31,,
2013/10/24,22,53,,,22,31,,
2013/10/24,23,52,,,23,29,,
2013/10/24,24,52,,,24,28,,
2013/10/25,01,44,,,18,25,,
2013/10/25,02,43,,,19,24,,
2013/10/25,03,38,,,15,23,,
2013/10/25,04,30,,,12,18,,
2013/10/25,05,23,,,7,16,,
2013/10/25,06,24,,,10,14,,
2013/10/25,07,20,,,7,13,,
2013/10/25,08,21,,,7,14,,
2013/10/25,09,22,,,7,15,,
2013/10/25,10,24,,,6,18,,
2013/10/25,11,35,,,15,21,,
2013/10/25,12,44,,,19,25,,
2013/10/25,13,46,,,19,26,,
2013/10/25,14,49,,,20,29,,
2013/10/25,15,54,,,24,30,,
2013/10/25,16,52,,,22,30,,
2013/10/25,17,55,,,24,31,,
2013/10/25,18,53,,,22,31,,
2013/10/25,19,57,,,27,31,,
2013/10/25,20,61,,,28,33,,
2013/10/25,21,61,,,29,32,,
2013/10/25,22,62,,,30,32,,
2013/10/25,23,57,,,25,31,,
2013/10/25,24,59,,,28,31,,
2013/10/26,01,47,,,20,27,,
2013/10/26,02,47,,,20,27,,
2013/10/26,03,47,,,20,27,,
2013/10/26,04,40,,,15,25,,
2013/10/26,05,38,,,15,23,,
2013/10/26,06,29,,,11,18,,
2013/10/26,07,24,,,8,16,,
2013/10/26,08,21,,,6,15,,
2013/10/26,09,18,,,5,13,,
2013/10/26,10,21,,,5,16,,
2013/10/26,11,37,,,16,22,,
2013/10/26,12,43,,,19,24,,
2013/10/26,13,50,,,25,25,,
2013/10/26,14,55,,,27,28,,
2013/10/26,15,56,,,26,29,,
2013/10/26,16,55,,,24,32,,
2013/10/26,17,57,,,26,32,,
2013/10/26,18,58,,,27,31,,
2013/10/26,19,61,,,29,33,,
2013/10/26,20,62,,,31,32,,
2013/10/26,21,63,,,31,32,,
2013/10/26,22,60,,,29,31,,
2013/10/26,23,57,,,26,31,,
2013/10/26,24,53,,,25,28,,
2013/10/27,01,53,,,27,27,,
2013/10/27,02,49,,,25,26,,
2013/10/27,03,47,,,22,25,,
2013/10/27,04,42,,,18,25,,
2013/10/27,05,38,,,16,21,,
2013/10/27,06,30,,,13,17,,
2013/10/27,07,24,,,10,15,,
2013/10/27,08,22,,,8,15,,
2013/10/27,09,20,,,6,14,,
2013/10/27,10,25,,,10,15,,
2013/10/27,11,36,,,17,20,,
2013/10/27,12,40,,,16,24,,
2013/10/27,13,48,,,21,26,,
2013/10/27,14,48,,,20,30,,
2013/10/27,15,52,,,23,30,,
2013/10/27,16,50,,,22,29,,
2013/10/27,17,51,,,19,32,,
2013/10/27,18,50,,,18,32,,
2013/10/27,19,53,,,21,32,,
2013/10/27,20,52,,,21,32,,
2013/10/27,21,55,,,24,31,,
2013/10/27,22,56,,,25,31,,
2013/10/27,23,55,,,25,31,,
2013/10/27,24,55,,,27,28,,
2013/10/28,01,50,,,25,26,,
2013/10/28,02,46,,,21,25,,
2013/10/28,03,43,,,21,23,,
2013/10/28,04,33,,,15,18,,
2013/10/28,05,27,,,11,16,,
2013/10/28,06,24,,,10,15,,
2013/10/28,07,21,,,9,12,,
2013/10/28,08,21,,,8,14,,
2013/10/28,09,21,,,8,14,,
2013/10/28,10,25,,,9,16,,
2013/10/28,11,34,,,13,22,,
2013/10/28,12,38,,,16,24,,
2013/10/28,13,43,,,19,25,,
2013/10/28,14,45,,,19,26,,
2013/10/28,15,44,,,20,25,,
2013/10/28,16,48,,,21,27,,
2013/10/28,17,51,,,22,28,,
2013/10/28,18,54,,,27,29,,
2013/10/28,19,56,,,28,28,,
2013/10/28,20,58,,,28,30,,
2013/10/28,21,56,,,27,30,,
2013/10/28,22,53,,,24,30,,
2013/10/28,23,51,,,22,29,,
2013/10/28,24,47,,,22,26,,
2013/10/29,01,45,,,22,24,,
2013/10/29,02,44,,,20,23,,
2013/10/29,03,41,,,20,22,,
2013/10/29,04,31,,,13,17,,
2013/10/29,05,27,,,11,16,,
2013/10/29,06,20,,,5,15,,
2013/10/29,07,20,,,6,14,,
2013/10/29,08,21,,,5,16,,
2013/10/29,09,22,,,6,16,,
2013/10/29,10,23,,,6,18,,
2013/10/29,11,33,,,11,22,,
2013/10/29,12,39,,,13,26,,
2013/10/29,13,49,,,19,29,,
2013/10/29,14,60,,,29,31,,
2013/10/29,15,49,,,20,29,,
2013/10/29,16,47,,,19,29,,
2013/10/29,17,53,,,23,30,,
2013/10/29,18,49,,,20,29,,
2013/10/29,19,48,,,19,29,,
2013/10/29,20,52,,,20,31,,
2013/10/29,21,55,,,26,31,,
2013/10/29,22,53,,,24,30,,
2013/10/29,23,53,,,23,30,,
2013/10/29,24,50,,,23,27,,
2013/10/30,01,47,,,21,26,,
2013/10/30,02,47,,,22,26,,
2013/10/30,03,37,,,14,23,,
2013/10/30,04,38,,,17,22,,
2013/10/30,05,31,,,12,18,,
2013/10/30,06,27,,,11,17,,
2013/10/30,07,26,,,10,16,,
2013/10/30,08,27,,,10,16,,
2013/10/30,09,25,,,9,16,,
2013/10/30,10,27,,,10,16,,
2013/10/30,11,40,,,19,22,,
2013/10/30,12,45,,,19,26,,
2013/10/30,13,47,,,20,28,,
2013/10/30,14,49,,,23,27,,
2013/10/30,15,48,,,22,27,,
2013/10/30,16,53,,,23,30,,
2013/10/30,17,52,,,24,30,,
2013/10/30,18,52,,,24,29,,
2013/10/30,19,52,,,22,30,,
2013/10/30,20,51,,,20,31,,
2013/10/30,21,52,,,23,29,,
2013/10/30,22,55,,,25,30,,
2013/10/30,23,52,,,22,30,,
2013/10/30,24,46,,,20,27,,
2013/10/31,01,44,,,19,24,,
2013/10/31,02,44,,,20,25,,
2013/10/31,03,41,,,20,22,,
2013/10/31,04,35,,,17,19,,
2013/10/31,05,27,,,12,15,,
2013/10/31,06,23,,,9,14,,
2013/10/31,07,14,,,3,11,,
2013/10/31,08,14,,,2,11,,
2013/10/31,09,13,,,2,11,,
2013/10/31,10,18,,,2,16,,
2013/10/31,11,32,,,11,22,,
2013/10/31,12,40,,,15,25,,
2013/10/31,13,45,,,19,26,,
2013/10/31,14,45,,,19,26,,
2013/10/31,15,44,,,18,25,,
2013/10/31,16,47,,,18,29,,
2013/10/31,17,60,,,28,32,,
2013/10/31,18,58,,,28,30,,
2013/10/31,19,66,,,35,31,,
2013/10/31,20,64,,,31,33,,
2013/10/31,21,64,,,33,30,,
2013/10/31,22,62,,,32,31,,
2013/10/31,23,61,,,31,30,,
2013/10/31,24,59,,,29,30,,
2013/11/01,01,54,,,27,27,,
2013/11/01,02,47,,,21,26,,
2013/11/01,03,37,,,13,24,,
2013/11/01,04,35,,,14,21,,
2013/11/01,05,30,,,10,20,,
2013/11/01,06,22,,,4,18,,
2013/11/01,07,18,,,3,15,,
2013/11/01,08,20,,,5,15,,
2013/11/01,09,17,,,3,14,,
2013/11/01,10,18,,,3,16,,
2013/11/01,11,29,,,8,21,,
2013/11/01,12,40,,,15,25,,
2013/11/01,13,43,,,18,26,,
2013/11/01,14,45,,,18,27,,
2013/11/01,15,42,,,15,27,,
2013/11/01,16,50,,,21,29,,
2013/11/01,17,56,,,27,30,,
2013/11/01,18,56,,,28,29,,
2013/11/01,19,61,,,29,32,,
2013/11/01,20,59,,,26,33,,
2013/11/01,21,59,,,28,32,,
2013/11/01,22,59,,,27,33,,
2013/11/01,23,67,,,34,32,,
2013/11/01,24,62,,,32,32,,
2013/11/02,01,49,,,21,28,,
2013/11/02,02,45,,,18,27,,
2013/11/02,03,41,,,16,25,,
2013/11/02,04,40,,,15,25,,
2013/11/02,05,39,,,16,23,,
2013/11/02,06,27,,,10,18,,
2013/11/02,07,19,,,6,13,,
2013/11/02,08,18,,,5,13,,
2013/11/02,09,18,,,4,14,,
2013/11/02,10,23,,,6,16,,
2013/11/02,11,29,,,10,19,,
2013/11/02,12,45,,,21,24,,
2013/11/02,13,51,,,27,25,,
2013/11/02,14,57,,,29,28,,
2013/11/02,15,62,,,33,31,,
2013/11/02,16,64,,,34,30,,
2013/11/02,17,65,,,35,30,,
2013/11/02,18,63,,,33,30,,
2013/11/02,19,63,,,32,31,,
2013/11/02,20,65,,,32,33,,
2013/11/02,21,71,,,38,34,,
2013/11/02,22,69,,,37,32,,
2013/11/02,23,67,,,36,31,,
2013/11/02,24,65,,,36,29,,
2013/11/03,01,56,,,31,26,,
2013/11/03,02,53,,,26,27,,
2013/11/03,03,47,,,22,25,,
2013/11/03,04,45,,,20,24,,
2013/11/03,05,36,,,14,22,,
2013/11/03,06,27,,,8,18,,
2013/11/03,07,24,,,8,17,,
2013/11/03,08,21,,,7,15,,
2013/11/03,09,22,,,8,15,,
2013/11/03,10,27,,,11,16,,
2013/11/03,11,39,,,18,21,,
2013/11/03,12,45,,,22,23,,
2013/11/03,13,48,,,21,26,,
2013/11/03,14,48,,,21,27,,
2013/11/03,15,56,,,26,30,,
2013/11/03,16,61,,,31,30,,
2013/11/03,17,62,,,31,31,,
2013/11/03,18,64,,,33,32,,
2013/11/03,19,63,,,31,32,,
2013/11/03,20,65,,,33,33,,
2013/11/03,21,64,,,32,33,,
2013/11/03,22,65,,,32,33,,
2013/11/03,23,63,,,30,32,,
2013/11/03,24,64,,,33,31,,
2013/11/04,01,55,,,29,27,,
2013/11/04,02,48,,,22,25,,
2013/11/04,03,46,,,22,25,,
2013/11/04,04,49,,,25,25,,
2013/11/04,05,44,,,21,22,,
2013/11/04,06,36,,,16,20,,
2013/11/04,07,27,,,10,17,,
2013/11/04,08,25,,,10,17,,
2013/11/04,09,27,,,12,16,,
2013/11/04,10,26,,,10,16,,
2013/11/04,11,43,,,21,21,,
2013/11/04,12,45,,,22,23,,
2013/11/04,13,53,,,27,26,,
2013/11/04,14,55,,,28,27,,
2013/11/04,15,54,,,27,27,,
2013/11/04,16,55,,,27,29,,
2013/11/04,17,57,,,28,29,,
2013/11/04,18,60,,,31,30,,
2013/11/04,19,65,,,35,30,,
2013/11/04,20,63,,,32,30,,
2013/11/04,21,60,,,32,28,,
2013/11/04,22,59,,,30,29,,
2013/11/04,23,57,,,30,27,,
2013/11/04,24,56,,,31,25,,
2013/11/05,01,55,,,31,24,,
2013/11/05,02,47,,,25,23,,
2013/11/05,03,38,,,17,21,,
2013/11/05,04,36,,,14,21,,
2013/11/05,05,35,,,15,19,,
2013/11/05,06,32,,,14,18,,
2013/11/05,07,30,,,11,18,,
2013/11/05,08,25,,,7,17,,
2013/11/05,09,24,,,7,18,,
2013/11/05,10,23,,,5,18,,
2013/11/05,11,30,,,8,23,,
2013/11/05,12,38,,,15,24,,
2013/11/05,13,42,,,16,26,,
2013/11/05,14,47,,,20,27,,
2013/11/05,15,47,,,20,26,,
2013/11/05,16,53,,,25,28,,
2013/11/05,17,53,,,25,28,,
2013/11/05,18,51,,,22,30,,
2013/11/05,19,51,,,22,30,,
2013/11/05,20,54,,,25,30,,
2013/11/05,21,53,,,25,30,,
2013/11/05,22,55,,,25,30,,
2013/11/05,23,60,,,29,30,,
2013/11/05,24,56,,,28,29,,
2013/11/06,01,47,,,22,26,,
2013/11/06,02,41,,,17,24,,
2013/11/06,03,37,,,14,23,,
2013/11/06,04,33,,,13,20,,
2013/11/06,05,27,,,9,18,,
2013/11/06,06,18,,,3,15,,
2013/11/06,07,16,,,3,13,,
2013/11/06,08,15,,,3,14,,
2013/11/06,09,18,,,4,14,,
2013/11/06,10,20,,,5,17,,
2013/11/06,11,32,,,11,21,,
2013/11/06,12,37,,,14,23,,
2013/11/06,13,45,,,19,26,,
2013/11/06,14,43,,,18,25,,
2013/11/06,15,43,,,16,27,,
2013/11/06,16,52,,,23,29,,
2013/11/06,17,50,,,21,29,,
2013/11/06,18,52,,,22,29,,
2013/11/06,19,54,,,24,31,,
2013/11/06,20,53,,,22,31,,
2013/11/06,21,53,,,23,30,,
2013/11/06,22,55,,,25,30,,
2013/11/06,23,58,,,29,29,,
2013/11/06,24,56,,,28,26,,
2013/11/07,01,46,,,21,24,,
2013/11/07,02,44,,,21,23,,
2013/11/07,03,45,,,22,23,,
2013/11/07,04,39,,,18,21,,
2013/11/07,05,30,,,11,17,,
2013/11/07,06,23,,,9,14,,
2013/11/07,07,17,,,7,11,,
2013/11/07,08,18,,,7,12,,
2013/11/07,09,17,,,6,12,,
2013/11/07,10,22,,,7,15,,
2013/11/07,11,38,,,16,21,,
2013/11/07,12,43,,,19,23,,
2013/11/07,13,52,,,26,27,,
2013/11/07,14,54,,,28,26,,
2013/11/07,15,50,,,25,26,,
2013/11/07,16,53,,,23,30,,
2013/11/07,17,55,,,25,29,,
2013/11/07,18,54,,,25,29,,
2013/11/07,19,55,,,25,30,,
2013/11/07,20,56,,,25,32,,
2013/11/07,21,58,,,28,30,,
2013/11/07,22,57,,,28,29,,
2013/11/07,23,56,,,28,28,,
2013/11/07,24,50,,,24,27,,
2013/11/08,01,50,,,26,25,,
2013/11/08,02,44,,,20,25,,
2013/11/08,03,37,,,14,23,,
2013/11/08,04,29,,,10,18,,
2013/11/08,05,22,,,8,15,,
2013/11/08,06,22,,,9,13,,
2013/11/08,07,20,,,7,13,,
2013/11/08,08,20,,,8,14,,
2013/11/08,09,20,,,7,14,,
2013/11/08,10,23,,,7,15,,
2013/11/08,11,33,,,11,21,,
2013/11/08,12,39,,,13,26,,
2013/11/08,13,44,,,18,27,,
2013/11/08,14,46,,,19,27,,
2013/11/08,15,46,,,20,26,,
2013/11/08,16,53,,,24,29,,
2013/11/08,17,54,,,24,31,,
2013/11/08,18,56,,,26,30,,
2013/11/08,19,59,,,27,32,,
2013/11/08,20,61,,,27,34,,
2013/11/08,21,63,,,31,31,,
2013/11/08,22,63,,,33,31,,
2013/11/08,23,65,,,34,31,,
2013/11/08,24,58,,,30,28,,
2013/11/09,01,55,,,28,27,,
2013/11/09,02,50,,,24,25,,
2013/11/09,03,48,,,24,26,,
2013/11/09,04,51,,,27,24,,
2013/11/09,05,46,,,21,24,,
2013/11/09,06,36,,,16,21,,
2013/11/09,07,23,,,8,15,,
2013/11/09,08,16,,,2,13,,
2013/11/09,09,16,,,2,14,,
2013/11/09,10,23,,,7,16,,
2013/11/09,11,34,,,12,21,,
2013/11/09,12,37,,,14,23,,
2013/11/09,13,45,,,18,27,,
2013/11/09,14,52,,,24,29,,
2013/11/09,15,55,,,25,30,,
2013/11/09,16,55,,,24,31,,
2013/11/09,17,56,,,23,31,,
2013/11/09,18,55,,,25,31,,
2013/11/09,19,55,,,24,30,,
2013/11/09,20,65,,,32,33,,
2013/11/09,21,64,,,33,31,,
2013/11/09,22,61,,,30,31,,
2013/11/09,23,57,,,28,30,,
2013/11/09,24,54,,,25,29,,
2013/11/10,01,51,,,25,25,,
2013/11/10,02,50,,,25,25,,
2013/11/10,03,54,,,29,25,,
2013/11/10,04,50,,,25,24,,
2013/11/10,05,46,,,23,22,,
2013/11/10,06,35,,,18,18,,
2013/11/10,07,28,,,11,17,,
2013/11/10,08,23,,,8,16,,
2013/11/10,09,22,,,7,15,,
2013/11/10,10,23,,,8,14,,
2013/11/10,11,37,,,17,20,,
2013/11/10,12,50,,,25,25,,
2013/11/10,13,58,,,29,28,,
2013/11/10,14,59,,,30,29,,
2013/11/10,15,61,,,31,30,,
2013/11/10,16,58,,,26,31,,
2013/11/10,17,60,,,26,32,,
2013/11/10,18,61,,,29,32,,
2013/11/10,19,60,,,28,32,,
2013/11/10,20,64,,,32,31,,
2013/11/10,21,65,,,34,32,,
2013/11/10,22,64,,,33,31,,
2013/11/10,23,63,,,32,30,,
2013/11/10,24,61,,,32,29,,
2013/11/11,01,54,,,28,26,,
2013/11/11,02,44,,,20,25,,
2013/11/11,03,42,,,19,23,,
2013/11/11,04,30,,,10,20,,
2013/11/11,05,21,,,5,16,,
2013/11/11,06,16,,,3,14,,
2013/11/11,07,14,,,2,12,,
2013/11/11,08,14,,,2,13,,
2013/11/11,09,16,,,4,12,,
2013/11/11,10,20,,,4,16,,
2013/11/11,11,30,,,9,21,,
2013/11/11,12,37,,,13,24,,
2013/11/11,13,47,,,21,26,,
2013/11/11,14,55,,,28,27,,
2013/11/11,15,48,,,23,24,,
2013/11/11,16,49,,,22,27,,
2013/11/11,17,50,,,20,30,,
2013/11/11,18,54,,,24,31,,
2013/11/11,19,57,,,27,30,,
2013/11/11,20,54,,,25,29,,
2013/11/11,21,51,,,24,29,,
2013/11/11,22,50,,,22,28,,
2013/11/11,23,52,,,24,28,,
2013/11/11,24,55,,,30,25,,
2013/11/12,01,50,,,26,24,,
2013/11/12,02,48,,,25,24,,
2013/11/12,03,45,,,23,22,,
2013/11/12,04,37,,,18,19,,
2013/11/12,05,26,,,10,16,,
2013/11/12,06,20,,,7,13,,
2013/11/12,07,20,,,8,13,,
2013/11/12,08,21,,,8,14,,
2013/11/12,09,15,,,3,13,,
2013/11/12,10,18,,,4,14,,
2013/11/12,11,28,,,8,20,,
2013/11/12,12,41,,,16,24,,
2013/11/12,13,51,,,26,25,,
2013/11/12,14,53,,,27,26,,
2013/11/12,15,53,,,27,26,,
2013/11/12,16,54,,,26,28,,
2013/11/12,17,55,,,27,27,,
2013/11/12,18,55,,,27,28,,
2013/11/12,19,53,,,25,28,,
2013/11/12,20,52,,,22,30,,
2013/11/12,21,52,,,22,29,,
2013/11/12,22,52,,,23,28,,
2013/11/12,23,52,,,24,28,,
2013/11/12,24,46,,,22,24,,
2013/11/13,01,46,,,22,24,,
2013/11/13,02,45,,,21,23,,
2013/11/13,03,41,,,19,22,,
2013/11/13,04,38,,,20,18,,
2013/11/13,05,27,,,10,17,,
2013/11/13,06,24,,,9,15,,
2013/11/13,07,22,,,9,13,,
2013/11/13,08,23,,,7,15,,
2013/11/13,09,20,,,6,15,,
2013/11/13,10,19,,,5,14,,
2013/11/13,11,31,,,12,19,,
2013/11/13,12,42,,,18,24,,
2013/11/13,13,45,,,20,24,,
2013/11/13,14,52,,,25,28,,
2013/11/13,15,53,,,27,26,,
2013/11/13,16,55,,,28,27,,
2013/11/13,17,57,,,30,28,,
2013/11/13,18,56,,,28,28,,
2013/11/13,19,60,,,32,29,,
2013/11/13,20,57,,,26,31,,
2013/11/13,21,62,,,31,29,,
2013/11/13,22,57,,,28,29,,
2013/11/13,23,60,,,32,28,,
2013/11/13,24,54,,,27,27,,
2013/11/14,01,45,,,22,23,,
2013/11/14,02,43,,,21,23,,
2013/11/14,03,41,,,20,20,,
2013/11/14,04,37,,,22,15,,
2013/11/14,05,30,,,16,14,,
2013/11/14,06,20,,,8,12,,
2013/11/14,07,17,,,6,11,,
2013/11/14,08,15,,,3,11,,
2013/11/14,09,12,,,2,10,,
2013/11/14,10,16,,,3,13,,
2013/11/14,11,29,,,8,20,,
2013/11/14,12,41,,,17,23,,
2013/11/14,13,50,,,27,24,,
2013/11/14,14,51,,,26,25,,
2013/11/14,15,50,,,25,25,,
2013/11/14,16,55,,,25,29,,
2013/11/14,17,57,,,28,29,,
2013/11/14,18,60,,,29,31,,
2013/11/14,19,62,,,32,30,,
2013/11/14,20,58,,,28,31,,
2013/11/14,21,56,,,26,30,,
2013/11/14,22,55,,,26,29,,
2013/11/14,23,59,,,32,27,,
2013/11/14,24,52,,,26,25,,
2013/11/15,01,49,,,25,25,,
2013/11/15,02,46,,,24,23,,
2013/11/15,03,38,,,17,21,,
2013/11/15,04,29,,,13,16,,
2013/11/15,05,21,,,7,14,,
2013/11/15,06,17,,,5,13,,
2013/11/15,07,16,,,4,12,,
2013/11/15,08,13,,,2,11,,
2013/11/15,09,15,,,4,12,,
2013/11/15,10,23,,,8,17,,
2013/11/15,11,36,,,15,22,,
2013/11/15,12,41,,,19,23,,
2013/11/15,13,56,,,31,26,,
2013/11/15,14,57,,,30,27,,
2013/11/15,15,55,,,29,26,,
2013/11/15,16,54,,,26,29,,
2013/11/15,17,60,,,31,29,,
2013/11/15,18,70,,,38,31,,
2013/11/15,19,69,,,38,32,,
2013/11/15,20,74,,,41,33,,
2013/11/15,21,72,,,39,33,,
2013/11/15,22,67,,,35,32,,
2013/11/15,23,62,,,31,31,,
2013/11/15,24,70,,,38,30,,
2013/11/16,01,63,,,36,27,,
2013/11/16,02,62,,,36,27,,
2013/11/16,03,57,,,32,25,,
2013/11/16,04,53,,,29,25,,
2013/11/16,05,51,,,28,23,,
2013/11/16,06,47,,,27,20,,
2013/11/16,07,16,,,5,12,,
2013/11/16,08,15,,,3,13,,
2013/11/16,09,19,,,5,14,,
2013/11/16,10,22,,,8,16,,
2013/11/16,11,27,,,8,20,,
2013/11/16,12,32,,,11,22,,
2013/11/16,13,47,,,22,25,,
2013/11/16,14,54,,,26,28,,
2013/11/16,15,57,,,28,29,,
2013/11/16,16,55,,,26,30,,
2013/11/16,17,56,,,26,30,,
2013/11/16,18,56,,,25,32,,
2013/11/16,19,58,,,27,31,,
2013/11/16,20,64,,,30,33,,
2013/11/16,21,67,,,33,34,,
2013/11/16,22,68,,,34,34,,
2013/11/16,23,64,,,31,33,,
2013/11/16,24,61,,,30,31,,
2013/11/17,01,57,,,29,28,,
2013/11/17,02,48,,,22,26,,
2013/11/17,03,47,,,23,24,,
2013/11/17,04,44,,,21,23,,
2013/11/17,05,42,,,21,21,,
2013/11/17,06,29,,,12,17,,
2013/11/17,07,23,,,9,15,,
2013/11/17,08,20,,,7,13,,
2013/11/17,09,20,,,8,14,,
2013/11/17,10,21,,,8,14,,
2013/11/17,11,31,,,11,20,,
2013/11/17,12,40,,,17,24,,
2013/11/17,13,42,,,16,26,,
2013/11/17,14,49,,,20,28,,
2013/11/17,15,51,,,22,29,,
2013/11/17,16,46,,,17,28,,
2013/11/17,17,47,,,18,29,,
2013/11/17,18,52,,,19,32,,
2013/11/17,19,51,,,18,33,,
2013/11/17,20,58,,,26,33,,
2013/11/17,21,56,,,24,32,,
2013/11/17,22,55,,,23,32,,
2013/11/17,23,57,,,26,31,,
2013/11/17,24,51,,,22,28,,
2013/11/18,01,48,,,22,26,,
2013/11/18,02,45,,,20,26,,
2013/11/18,03,36,,,13,23,,
2013/11/18,04,29,,,10,20,,
2013/11/18,05,25,,,7,18,,
2013/11/18,06,21,,,4,18,,
2013/11/18,07,19,,,3,17,,
2013/11/18,08,20,,,2,18,,
2013/11/18,09,24,,,5,19,,
2013/11/18,10,28,,,7,21,,
2013/11/18,11,37,,,13,24,,
2013/11/18,12,44,,,19,25,,
2013/11/18,13,49,,,22,27,,
2013/11/18,14,51,,,24,28,,
2013/11/18,15,51,,,24,25,,
2013/11/18,16,48,,,21,27,,
2013/11/18,17,51,,,23,28,,
2013/11/18,18,50,,,23,27,,
2013/11/18,19,54,,,26,29,,
2013/11/18,20,50,,,21,30,,
2013/11/18,21,51,,,22,29,,
2013/11/18,22,47,,,19,28,,
2013/11/18,23,51,,,23,28,,
2013/11/18,24,48,,,21,26,,
2013/11/19,01,47,,,23,24,,
2013/11/19,02,45,,,21,24,,
2013/11/19,03,40,,,18,22,,
2013/11/19,04,32,,,13,17,,
2013/11/19,05,23,,,9,14,,
2013/11/19,06,22,,,8,13,,
2013/11/19,07,21,,,8,13,,
2013/11/19,08,21,,,7,14,,
2013/11/19,09,22,,,9,14,,
2013/11/19,10,20,,,6,14,,
2013/11/19,11,34,,,13,22,,
2013/11/19,12,42,,,19,23,,
2013/11/19,13,52,,,26,26,,
2013/11/19,14,54,,,28,26,,
2013/11/19,15,53,,,27,27,,
2013/11/19,16,55,,,25,29,,
2013/11/19,17,61,,,31,30,,
2013/11/19,18,58,,,29,29,,
2013/11/19,19,63,,,34,29,,
2013/11/19,20,67,,,36,31,,
2013/11/19,21,63,,,34,30,,
2013/11/19,22,60,,,30,30,,
2013/11/19,23,54,,,25,30,,
2013/11/19,24,52,,,25,26,,
2013/11/20,01,50,,,25,24,,
2013/11/20,02,46,,,22,24,,
2013/11/20,03,39,,,18,22,,
2013/11/20,04,34,,,15,19,,
2013/11/20,05,28,,,11,16,,
2013/11/20,06,16,,,4,12,,
2013/11/20,07,14,,,3,11,,
2013/11/20,08,12,,,2,11,,
2013/11/20,09,12,,,2,10,,
2013/11/20,10,18,,,3,15,,
2013/11/20,11,34,,,12,22,,
2013/11/20,12,39,,,15,24,,
2013/11/20,13,43,,,16,27,,
2013/11/20,14,44,,,17,27,,
2013/11/20,15,47,,,19,28,,
2013/11/20,16,49,,,22,27,,
2013/11/20,17,52,,,23,30,,
2013/11/20,18,60,,,29,30,,
2013/11/20,19,61,,,30,30,,
2013/11/20,20,61,,,30,32,,
2013/11/20,21,59,,,29,30,,
2013/11/20,22,63,,,32,30,,
2013/11/20,23,59,,,30,29,,
2013/11/20,24,52,,,26,26,,
2013/11/21,01,40,,,16,24,,
2013/11/21,02,38,,,16,23,,
2013/11/21,03,35,,,13,22,,
2013/11/21,04,29,,,11,19,,
2013/11/21,05,26,,,9,17,,
2013/11/21,06,18,,,4,14,,
2013/11/21,07,16,,,4,12,,
2013/11/21,08,16,,,3,13,,
2013/11/21,09,15,,,3,12,,
2013/11/21,10,18,,,4,14,,
2013/11/21,11,30,,,10,20,,
2013/11/21,12,36,,,15,22,,
2013/11/21,13,43,,,19,25,,
2013/11/21,14,47,,,22,25,,
2013/11/21,15,46,,,21,26,,
2013/11/21,16,46,,,18,29,,
2013/11/21,17,47,,,19,28,,
2013/11/21,18,47,,,19,28,,
2013/11/21,19,50,,,21,30,,
2013/11/21,20,50,,,19,31,,
2013/11/21,21,56,,,25,31,,
2013/11/21,22,53,,,23,30,,
2013/11/21,23,53,,,24,29,,
2013/11/21,24,53,,,25,28,,
2013/11/22,01,42,,,18,24,,
2013/11/22,02,38,,,15,24,,
2013/11/22,03,37,,,14,22,,
2013/11/22,04,33,,,14,19,,
2013/11/22,05,29,,,11,18,,
2013/11/22,06,18,,,4,14,,
2013/11/22,07,17,,,4,12,,
2013/11/22,08,14,,,3,12,,
2013/11/22,09,12,,,2,10,,
2013/11/22,10,24,,,8,16,,
2013/11/22,11,30,,,10,20,,
2013/11/22,12,39,,,16,24,,
2013/11/22,13,50,,,23,27,,
2013/11/22,14,52,,,26,27,,
2013/11/22,15,51,,,25,26,,
2013/11/22,16,57,,,29,27,,
2013/11/22,17,61,,,29,32,,
2013/11/22,18,61,,,30,31,,
2013/11/22,19,63,,,32,31,,
2013/11/22,20,60,,,27,33,,
2013/11/22,21,62,,,28,35,,
2013/11/22,22,62,,,31,33,,
2013/11/22,23,68,,,35,33,,
2013/11/22,24,66,,,35,31,,
2013/11/23,01,59,,,31,28,,
2013/11/23,02,55,,,29,26,,
2013/11/23,03,51,,,26,25,,
2013/11/23,04,42,,,18,24,,
2013/11/23,05,43,,,20,23,,
2013/11/23,06,32,,,13,19,,
2013/11/23,07,18,,,5,13,,
2013/11/23,08,17,,,4,13,,
2013/11/23,09,21,,,6,14,,
2013/11/23,10,24,,,8,16,,
2013/11/23,11,33,,,14,20,,
2013/11/23,12,38,,,16,23,,
2013/11/23,13,46,,,20,26,,
2013/11/23,14,55,,,26,29,,
2013/11/23,15,55,,,26,29,,
2013/11/23,16,56,,,25,32,,
2013/11/23,17,59,,,30,30,,
2013/11/23,18,59,,,27,32,,
2013/11/23,19,60,,,28,32,,
2013/11/23,20,63,,,31,34,,
2013/11/23,21,65,,,32,33,,
2013/11/23,22,61,,,30,31,,
2013/11/23,23,64,,,31,33,,
2013/11/23,24,56,,,26,30,,
2013/11/24,01,55,,,27,27,,
2013/11/24,02,52,,,27,25,,
2013/11/24,03,52,,,27,25,,
2013/11/24,04,53,,,28,24,,
2013/11/24,05,53,,,31,22,,
2013/11/24,06,40,,,20,21,,
2013/11/24,07,25,,,9,16,,
2013/11/24,08,23,,,10,13,,
2013/11/24,09,23,,,6,16,,
2013/11/24,10,21,,,6,16,,
2013/11/24,11,29,,,9,20,,
2013/11/24,12,40,,,16,24,,
2013/11/24,13,48,,,22,26,,
2013/11/24,14,54,,,27,29,,
2013/11/24,15,54,,,25,29,,
2013/11/24,16,54,,,25,29,,
2013/11/24,17,54,,,24,30,,
2013/11/24,18,60,,,29,31,,
2013/11/24,19,58,,,27,31,,
2013/11/24,20,57,,,25,31,,
2013/11/24,21,58,,,27,32,,
2013/11/24,22,53,,,22,30,,
2013/11/24,23,53,,,23,30,,
2013/11/24,24,50,,,22,28,,
2013/11/25,01,45,,,20,25,,
2013/11/25,02,43,,,19,24,,
2013/11/25,03,36,,,14,22,,
2013/11/25,04,30,,,12,18,,
2013/11/25,05,22,,,8,13,,
2013/11/25,06,19,,,6,13,,
2013/11/25,07,21,,,7,12,,
2013/11/25,08,19,,,6,13,,
2013/11/25,09,19,,,7,12,,
2013/11/25,10,27,,,11,15,,
2013/11/25,11,34,,,13,22,,
2013/11/25,12,39,,,17,23,,
2013/11/25,13,44,,,19,25,,
2013/11/25,14,46,,,21,25,,
2013/11/25,15,50,,,25,26,,
2013/11/25,16,50,,,22,28,,
2013/11/25,17,50,,,21,29,,
2013/11/25,18,52,,,23,29,,
2013/11/25,19,54,,,23,31,,
2013/11/25,20,58,,,27,31,,
2013/11/25,21,59,,,26,33,,
2013/11/25,22,59,,,29,30,,
2013/11/25,23,57,,,27,30,,
2013/11/25,24,53,,,25,28,,
2013/11/26,01,48,,,22,26,,
2013/11/26,02,46,,,21,25,,
2013/11/26,03,39,,,17,22,,
2013/11/26,04,35,,,18,18,,
2013/11/26,05,27,,,10,17,,
2013/11/26,06,23,,,9,14,,
2013/11/26,07,19,,,8,11,,
2013/11/26,08,18,,,7,11,,
2013/11/26,09,19,,,7,11,,
2013/11/26,10,21,,,7,14,,
2013/11/26,11,37,,,16,20,,
2013/11/26,12,45,,,20,25,,
2013/11/26,13,49,,,24,26,,
2013/11/26,14,48,,,22,26,,
2013/11/26,15,45,,,18,27,,
2013/11/26,16,49,,,22,28,,
2013/11/26,17,53,,,23,31,,
2013/11/26,18,52,,,22,30,,
2013/11/26,19,54,,,24,32,,
2013/11/26,20,50,,,19,31,,
2013/11/26,21,49,,,18,32,,
2013/11/26,22,50,,,19,31,,
2013/11/26,23,52,,,22,30,,
2013/11/26,24,50,,,21,28,,
2013/11/27,01,45,,,19,26,,
2013/11/27,02,45,,,21,25,,
2013/11/27,03,39,,,17,22,,
2013/11/27,04,33,,,14,20,,
2013/11/27,05,27,,,8,19,,
2013/11/27,06,19,,,4,15,,
2013/11/27,07,13,,,2,12,,
2013/11/27,08,13,,,2,11,,
2013/11/27,09,13,,,3,11,,
2013/11/27,10,24,,,8,16,,
2013/11/27,11,38,,,16,22,,
2013/11/27,12,39,,,17,23,,
2013/11/27,13,45,,,21,26,,
2013/11/27,14,46,,,20,26,,
2013/11/27,15,44,,,19,25,,
2013/11/27,16,54,,,26,29,,
2013/11/27,17,56,,,24,32,,
2013/11/27,18,54,,,24,30,,
2013/11/27,19,53,,,21,31,,
2013/11/27,20,55,,,23,32,,
2013/11/27,21,52,,,21,31,,
2013/11/27,22,49,,,18,31,,
2013/11/27,23,51,,,21,30,,
2013/11/27,24,46,,,17,28,,
2013/11/28,01,43,,,17,26,,
2013/11/28,02,43,,,17,25,,
2013/11/28,03,38,,,15,23,,
2013/11/28,04,33,,,14,20,,
2013/11/28,05,23,,,8,16,,
2013/11/28,06,16,,,3,13,,
2013/11/28,07,17,,,4,14,,
2013/11/28,08,16,,,3,13,,
2013/11/28,09,17,,,3,14,,
2013/11/28,10,21,,,5,16,,
2013/11/28,11,33,,,13,20,,
2013/11/28,12,34,,,13,22,,
2013/11/28,13,42,,,17,25,,
2013/11/28,14,44,,,19,25,,
2013/11/28,15,46,,,20,25,,
2013/11/28,16,50,,,23,28,,
2013/11/28,17,52,,,23,30,,
2013/11/28,18,51,,,20,30,,
2013/11/28,19,54,,,24,31,,
2013/11/28,20,55,,,24,30,,
2013/11/28,21,51,,,22,30,,
2013/11/28,22,52,,,21,30,,
2013/11/28,23,52,,,22,30,,
2013/11/28,24,43,,,16,26,,
2013/11/29,01,43,,,19,24,,
2013/11/29,02,40,,,17,24,,
2013/11/29,03,35,,,13,21,,
2013/11/29,04,30,,,12,19,,
2013/11/29,05,28,,,10,18,,
2013/11/29,06,24,,,9,15,,
2013/11/29,07,21,,,8,14,,
2013/11/29,08,21,,,9,14,,
2013/11/29,09,22,,,8,14,,
2013/11/29,10,26,,,10,15,,
2013/11/29,11,33,,,14,20,,
2013/11/29,12,42,,,19,24,,
2013/11/29,13,47,,,22,27,,
2013/11/29,14,51,,,24,27,,
2013/11/29,15,50,,,25,25,,
2013/11/29,16,54,,,25,30,,
2013/11/29,17,55,,,25,30,,
2013/11/29,18,59,,,30,30,,
2013/11/29,19,58,,,28,30,,
2013/11/29,20,59,,,28,31,,
2013/11/29,21,61,,,29,32,,
2013/11/29,22,60,,,28,32,,
2013/11/29,23,59,,,28,31,,
2013/11/29,24,58,,,27,31,,
2013/11/30,01,49,,,23,26,,
2013/11/30,02,49,,,22,26,,
2013/11/30,03,44,,,19,25,,
2013/11/30,04,46,,,22,24,,
2013/11/30,05,45,,,24,21,,
2013/11/30,06,34,,,18,17,,
2013/11/30,07,26,,,12,13,,
2013/11/30,08,25,,,12,13,,
2013/11/30,09,24,,,11,13,,
2013/11/30,10,30,,,13,16,,
2013/11/30,11,38,,,18,20,,
2013/11/30,12,42,,,20,24,,
2013/11/30,13,52,,,24,27,,
2013/11/30,14,59,,,29,31,,
2013/11/30,15,58,,,29,29,,
2013/11/30,16,60,,,29,31,,
2013/11/30,17,61,,,28,33,,
2013/11/30,18,58,,,27,31,,
2013/11/30,19,63,,,30,33,,
2013/11/30,20,63,,,30,34,,
2013/11/30,21,63,,,30,32,,
2013/11/30,22,64,,,31,33,,
2013/11/30,23,61,,,30,32,,
2013/11/30,24,61,,,31,29,,
2013/12/01,01,58,,,30,27,,
2013/12/01,02,56,,,30,25,,
2013/12/01,03,60,,,35,26,,
2013/12/01,04,57,,,33,24,,
2013/12/01,05,50,,,29,21,,
2013/12/01,06,23,,,8,15,,
2013/12/01,07,18,,,4,13,,
2013/12/01,08,14,,,4,11,,
2013/12/01,09,13,,,3,11,,
2013/12/01,10,21,,,7,16,,
2013/12/01,11,36,,,17,18,,
2013/12/01,12,41,,,19,23,,
2013/12/01,13,48,,,23,25,,
2013/12/01,14,51,,,22,30,,
2013/12/01,15,53,,,23,30,,
2013/12/01,16,53,,,23,30,,
2013/12/01,17,57,,,26,31,,
2013/12/01,18,54,,,24,30,,
2013/12/01,19,53,,,22,31,,
2013/12/01,20,58,,,27,31,,
2013/12/01,21,53,,,22,31,,
2013/12/01,22,55,,,24,30,,
2013/12/01,23,53,,,23,31,,
2013/12/01,24,52,,,23,29,,
2013/12/02,01,47,,,23,25,,
2013/12/02,02,46,,,23,23,,
2013/12/02,03,43,,,22,22,,
2013/12/02,04,36,,,17,19,,
2013/12/02,05,29,,,11,19,,
2013/12/02,06,29,,,11,18,,
2013/12/02,07,27,,,12,15,,
2013/12/02,08,21,,,9,12,,
2013/12/02,09,19,,,8,12,,
2013/12/02,10,29,,,12,16,,
2013/12/02,11,34,,,13,21,,
2013/12/02,12,44,,,20,24,,
2013/12/02,13,49,,,25,25,,
2013/12/02,14,51,,,26,27,,
2013/12/02,15,49,,,23,26,,
2013/12/02,16,57,,,28,29,,
2013/12/02,17,54,,,26,28,,
2013/12/02,18,48,,,21,27,,
2013/12/02,19,49,,,22,26,,
2013/12/02,20,51,,,24,27,,
2013/12/02,21,53,,,26,28,,
2013/12/02,22,48,,,21,27,,
2013/12/02,23,52,,,25,27,,
2013/12/02,24,47,,,22,24,,
2013/12/03,01,49,,,26,23,,
2013/12/03,02,49,,,26,23,,
2013/12/03,03,47,,,27,21,,
2013/12/03,04,42,,,23,19,,
2013/12/03,05,27,,,11,16,,
2013/12/03,06,23,,,9,14,,
2013/12/03,07,21,,,9,13,,
2013/12/03,08,18,,,8,12,,
2013/12/03,09,19,,,8,11,,
2013/12/03,10,24,,,9,14,,
2013/12/03,11,35,,,14,22,,
2013/12/03,12,42,,,17,24,,
2013/12/03,13,58,,,33,27,,
2013/12/03,14,59,,,32,27,,
2013/12/03,15,57,,,31,27,,
2013/12/03,16,59,,,30,29,,
2013/12/03,17,64,,,33,31,,
2013/12/03,18,60,,,31,30,,
2013/12/03,19,60,,,30,30,,
2013/12/03,20,58,,,27,31,,
2013/12/03,21,54,,,24,31,,
2013/12/03,22,57,,,27,30,,
2013/12/03,23,58,,,27,30,,
2013/12/03,24,53,,,26,27,,
2013/12/04,01,51,,,26,25,,
2013/12/04,02,49,,,25,24,,
2013/12/04,03,48,,,27,21,,
2013/12/04,04,39,,,20,19,,
2013/12/04,05,18,,,5,13,,
2013/12/04,06,13,,,2,12,,
2013/12/04,07,12,,,2,10,,
2013/12/04,08,13,,,2,11,,
2013/12/04,09,15,,,4,10,,
2013/12/04,10,29,,,12,17,,
2013/12/04,11,41,,,19,21,,
2013/12/04,12,46,,,23,23,,
2013/12/04,13,48,,,23,26,,
2013/12/04,14,51,,,25,26,,
2013/12/04,15,51,,,25,26,,
2013/12/04,16,55,,,27,29,,
2013/12/04,17,57,,,27,30,,
2013/12/04,18,54,,,24,29,,
2013/12/04,19,55,,,27,29,,
2013/12/04,20,59,,,29,31,,
2013/12/04,21,63,,,34,29,,
2013/12/04,22,59,,,30,30,,
2013/12/04,23,56,,,27,29,,
2013/12/04,24,55,,,29,26,,
2013/12/05,01,55,,,29,25,,
2013/12/05,02,51,,,26,24,,
2013/12/05,03,47,,,25,21,,
2013/12/05,04,45,,,25,20,,
2013/12/05,05,30,,,14,17,,
2013/12/05,06,29,,,14,15,,
2013/12/05,07,22,,,9,13,,
2013/12/05,08,21,,,10,12,,
2013/12/05,09,22,,,9,12,,
2013/12/05,10,25,,,12,13,,
2013/12/05,11,37,,,17,20,,
2013/12/05,12,46,,,23,24,,
2013/12/05,13,46,,,22,24,,
2013/12/05,14,48,,,23,26,,
2013/12/05,15,46,,,22,24,,
2013/12/05,16,50,,,23,27,,
2013/12/05,17,55,,,27,28,,
2013/12/05,18,51,,,24,28,,
2013/12/05,19,53,,,25,28,,
2013/12/05,20,54,,,24,29,,
2013/12/05,21,56,,,27,29,,
2013/12/05,22,61,,,31,30,,
2013/12/05,23,54,,,25,30,,
2013/12/05,24,49,,,21,28,,
2013/12/06,01,47,,,21,24,,
2013/12/06,02,47,,,24,24,,
2013/12/06,03,44,,,22,22,,
2013/12/06,04,40,,,21,19,,
2013/12/06,05,35,,,19,16,,
2013/12/06,06,21,,,9,13,,
2013/12/06,07,21,,,9,12,,
2013/12/06,08,15,,,6,10,,
2013/12/06,09,18,,,8,10,,
2013/12/06,10,22,,,8,14,,
2013/12/06,11,32,,,11,21,,
2013/12/06,12,41,,,17,24,,
2013/12/06,13,44,,,18,26,,
2013/12/06,14,47,,,20,28,,
2013/12/06,15,53,,,26,28,,
2013/12/06,16,53,,,24,29,,
2013/12/06,17,52,,,23,30,,
2013/12/06,18,52,,,23,30,,
2013/12/06,19,54,,,24,32,,
2013/12/06,20,62,,,30,32,,
2013/12/06,21,63,,,30,33,,
2013/12/06,22,61,,,30,32,,
2013/12/06,23,62,,,30,32,,
2013/12/06,24,57,,,28,29,,
2013/12/07,01,49,,,22,27,,
2013/12/07,02,52,,,26,26,,
2013/12/07,03,51,,,25,26,,
2013/12/07,04,47,,,22,26,,
2013/12/07,05,46,,,23,22,,
2013/12/07,06,41,,,21,20,,
2013/12/07,07,26,,,10,16,,
2013/12/07,08,14,,,4,10,,
2013/12/07,09,15,,,3,12,,
2013/12/07,10,23,,,7,16,,
2013/12/07,11,35,,,14,21,,
2013/12/07,12,41,,,17,24,,
2013/12/07,13,45,,,19,26,,
2013/12/07,14,52,,,23,29,,
2013/12/07,15,57,,,26,31,,
2013/12/07,16,55,,,24,30,,
2013/12/07,17,57,,,26,32,,
2013/12/07,18,55,,,24,31,,
2013/12/07,19,56,,,24,32,,
2013/12/07,20,66,,,33,35,,
2013/12/07,21,63,,,31,33,,
2013/12/07,22,60,,,27,33,,
2013/12/07,23,59,,,28,31,,
2013/12/07,24,55,,,25,30,,
2013/12/08,01,49,,,23,25,,
2013/12/08,02,50,,,26,24,,
2013/12/08,03,46,,,23,24,,
2013/12/08,04,48,,,25,23,,
2013/12/08,05,45,,,23,23,,
2013/12/08,06,40,,,22,19,,
2013/12/08,07,23,,,10,14,,
2013/12/08,08,23,,,10,13,,
2013/12/08,09,24,,,10,13,,
2013/12/08,10,25,,,11,14,,
2013/12/08,11,37,,,18,19,,
2013/12/08,12,50,,,27,24,,
2013/12/08,13,57,,,31,26,,
2013/12/08,14,61,,,33,28,,
2013/12/08,15,62,,,32,30,,
2013/12/08,16,64,,,35,30,,
2013/12/08,17,60,,,30,31,,
2013/12/08,18,63,,,31,31,,
2013/12/08,19,61,,,30,32,,
2013/12/08,20,60,,,27,32,,
2013/12/08,21,60,,,28,32,,
2013/12/08,22,54,,,24,31,,
2013/12/08,23,52,,,22,30,,
2013/12/08,24,50,,,22,28,,
2013/12/09,01,43,,,18,25,,
2013/12/09,02,41,,,18,23,,
2013/12/09,03,38,,,16,22,,
2013/12/09,04,23,,,5,19,,
2013/12/09,05,19,,,5,15,,
2013/12/09,06,16,,,4,12,,
2013/12/09,07,14,,,4,11,,
2013/12/09,08,14,,,4,11,,
2013/12/09,09,14,,,4,11,,
2013/12/09,10,28,,,13,15,,
2013/12/09,11,46,,,24,22,,
2013/12/09,12,49,,,26,24,,
2013/12/09,13,53,,,27,27,,
2013/12/09,14,56,,,31,26,,
2013/12/09,15,55,,,29,26,,
2013/12/09,16,54,,,25,30,,
2013/12/09,17,59,,,29,30,,
2013/12/09,18,56,,,28,30,,
2013/12/09,19,60,,,28,31,,
2013/12/09,20,61,,,28,32,,
2013/12/09,21,57,,,26,30,,
2013/12/09,22,55,,,25,30,,
2013/12/09,23,55,,,25,29,,
2013/12/09,24,54,,,28,27,,
2013/12/10,01,52,,,27,25,,
2013/12/10,02,49,,,26,23,,
2013/12/10,03,48,,,26,22,,
2013/12/10,04,38,,,19,18,,
2013/12/10,05,25,,,10,16,,
2013/12/10,06,25,,,12,14,,
2013/12/10,07,22,,,9,13,,
2013/12/10,08,20,,,7,13,,
2013/12/10,09,14,,,2,12,,
2013/12/10,10,19,,,6,13,,
2013/12/10,11,35,,,12,21,,
2013/12/10,12,48,,,24,24,,
2013/12/10,13,54,,,29,25,,
2013/12/10,14,54,,,29,25,,
2013/12/10,15,49,,,24,27,,
2013/12/10,16,50,,,22,29,,
2013/12/10,17,54,,,26,29,,
2013/12/10,18,55,,,25,30,,
2013/12/10,19,55,,,26,30,,
2013/12/10,20,56,,,26,29,,
2013/12/10,21,57,,,28,30,,
2013/12/10,22,59,,,28,30,,
2013/12/10,23,56,,,27,30,,
2013/12/10,24,53,,,26,27,,
2013/12/11,01,50,,,24,25,,
2013/12/11,02,46,,,22,24,,
2013/12/11,03,42,,,21,22,,
2013/12/11,04,32,,,15,17,,
2013/12/11,05,25,,,10,15,,
2013/12/11,06,19,,,7,12,,
2013/12/11,07,17,,,7,11,,
2013/12/11,08,16,,,7,10,,
2013/12/11,09,20,,,8,13,,
2013/12/11,10,33,,,16,18,,
2013/12/11,11,39,,,18,22,,
2013/12/11,12,43,,,20,24,,
2013/12/11,13,46,,,19,27,,
2013/12/11,14,50,,,23,27,,
2013/12/11,15,46,,,20,25,,
2013/12/11,16,52,,,24,29,,
2013/12/11,17,56,,,26,28,,
2013/12/11,18,54,,,25,30,,
2013/12/11,19,53,,,24,30,,
2013/12/11,20,54,,,24,31,,
2013/12/11,21,54,,,23,30,,
2013/12/11,22,55,,,24,31,,
2013/12/11,23,53,,,24,29,,
2013/12/11,24,48,,,21,27,,
2013/12/12,01,47,,,22,24,,
2013/12/12,02,46,,,23,24,,
2013/12/12,03,43,,,19,23,,
2013/12/12,04,38,,,18,20,,
2013/12/12,05,37,,,19,18,,
2013/12/12,06,19,,,7,13,,
2013/12/12,07,12,,,2,11,,
2013/12/12,08,13,,,3,10,,
2013/12/12,09,13,,,2,11,,
2013/12/12,10,17,,,4,14,,
2013/12/12,11,29,,,10,20,,
2013/12/12,12,35,,,14,21,,
2013/12/12,13,48,,,24,25,,
2013/12/12,14,48,,,23,25,,
2013/12/12,15,47,,,20,28,,
2013/12/12,16,56,,,28,28,,
2013/12/12,17,56,,,28,29,,
2013/12/12,18,61,,,31,29,,
2013/12/12,19,59,,,29,29,,
2013/12/12,20,60,,,30,31,,
2013/12/12,21,63,,,32,31,,
2013/12/12,22,66,,,35,30,,
2013/12/12,23,62,,,33,29,,
2013/12/12,24,60,,,31,28,,
2013/12/13,01,58,,,31,27,,
2013/12/13,02,52,,,28,24,,
2013/12/13,03,43,,,21,22,,
2013/12/13,04,41,,,22,19,,
2013/12/13,05,39,,,24,16,,
2013/12/13,06,18,,,7,11,,
2013/12/13,07,17,,,7,11,,
2013/12/13,08,18,,,7,11,,
2013/12/13,09,16,,,4,11,,
2013/12/13,10,24,,,9,15,,
2013/12/13,11,36,,,16,21,,
2013/12/13,12,40,,,17,23,,
2013/12/13,13,48,,,21,27,,
2013/12/13,14,53,,,24,29,,
2013/12/13,15,56,,,27,29,,
2013/12/13,16,58,,,28,30,,
2013/12/13,17,62,,,32,30,,
2013/12/13,18,60,,,29,30,,
2013/12/13,19,53,,,21,32,,
2013/12/13,20,55,,,23,32,,
2013/12/13,21,65,,,32,33,,
2013/12/13,22,61,,,28,34,,
2013/12/13,23,57,,,26,31,,
2013/12/13,24,59,,,28,31,,
2013/12/14,01,49,,,22,28,,
2013/12/14,02,52,,,27,25,,
2013/12/14,03,49,,,24,25,,
2013/12/14,04,46,,,23,24,,
2013/12/14,05,44,,,22,22,,
2013/12/14,06,37,,,18,19,,
2013/12/14,07,28,,,13,15,,
2013/12/14,08,24,,,11,14,,
2013/12/14,09,25,,,10,15,,
2013/12/14,10,25,,,10,16,,
2013/12/14,11,40,,,20,21,,
2013/12/14,12,43,,,19,23,,
2013/12/14,13,48,,,23,26,,
2013/12/14,14,60,,,32,28,,
2013/12/14,15,62,,,33,30,,
2013/12/14,16,71,,,40,31,,
2013/12/14,17,65,,,34,31,,
2013/12/14,18,63,,,31,33,,
2013/12/14,19,65,,,31,33,,
2013/12/14,20,66,,,33,33,,
2013/12/14,21,68,,,35,33,,
2013/12/14,22,68,,,34,34,,
2013/12/14,23,63,,,33,32,,
2013/12/14,24,63,,,32,31,,
2013/12/15,01,56,,,28,28,,
2013/12/15,02,51,,,26,25,,
2013/12/15,03,51,,,28,23,,
2013/12/15,04,48,,,24,24,,
2013/12/15,05,44,,,23,22,,
2013/12/15,06,40,,,21,19,,
2013/12/15,07,18,,,4,14,,
2013/12/15,08,15,,,4,11,,
2013/12/15,09,17,,,5,13,,
2013/12/15,10,23,,,7,15,,
2013/12/15,11,35,,,14,21,,
2013/12/15,12,44,,,21,23,,
2013/12/15,13,63,,,33,30,,
2013/12/15,14,62,,,31,31,,
2013/12/15,15,53,,,24,29,,
2013/12/15,16,50,,,20,30,,
2013/12/15,17,51,,,22,30,,
2013/12/15,18,58,,,27,32,,
2013/12/15,19,63,,,31,32,,
2013/12/15,20,63,,,31,32,,
2013/12/15,21,61,,,30,31,,
2013/12/15,22,61,,,30,31,,
2013/12/15,23,54,,,25,29,,
2013/12/15,24,55,,,27,29,,
2013/12/16,01,52,,,26,26,,
2013/12/16,02,46,,,24,22,,
2013/12/16,03,39,,,18,21,,
2013/12/16,04,36,,,16,22,,
2013/12/16,05,28,,,11,17,,
2013/12/16,06,23,,,8,16,,
2013/12/16,07,17,,,6,11,,
2013/12/16,08,14,,,3,11,,
2013/12/16,09,15,,,4,12,,
2013/12/16,10,25,,,9,16,,
2013/12/16,11,35,,,15,21,,
2013/12/16,12,40,,,19,21,,
2013/12/16,13,55,,,31,24,,
2013/12/16,14,56,,,30,26,,
2013/12/16,15,57,,,30,28,,
2013/12/16,16,58,,,30,28,,
2013/12/16,17,55,,,27,29,,
2013/12/16,18,51,,,23,28,,
2013/12/16,19,55,,,27,28,,
2013/12/16,20,56,,,27,30,,
2013/12/16,21,55,,,27,29,,
2013/12/16,22,58,,,28,30,,
2013/12/16,23,53,,,24,29,,
2013/12/16,24,51,,,24,27,,
2013/12/17,01,51,,,28,24,,
2013/12/17,02,49,,,27,24,,
2013/12/17,03,46,,,24,22,,
2013/12/17,04,31,,,11,20,,
2013/12/17,05,26,,,9,18,,
2013/12/17,06,19,,,6,13,,
2013/12/17,07,13,,,2,11,,
2013/12/17,08,12,,,3,10,,
2013/12/17,09,13,,,2,11,,
2013/12/17,10,18,,,3,14,,
2013/12/17,11,32,,,11,20,,
2013/12/17,12,42,,,19,24,,
2013/12/17,13,54,,,28,25,,
2013/12/17,14,55,,,29,26,,
2013/12/17,15,57,,,31,26,,
2013/12/17,16,58,,,28,30,,
2013/12/17,17,64,,,35,29,,
2013/12/17,18,66,,,37,29,,
2013/12/17,19,62,,,32,30,,
2013/12/17,20,63,,,33,31,,
2013/12/17,21,62,,,32,30,,
2013/12/17,22,63,,,32,31,,
2013/12/17,23,59,,,29,30,,
2013/12/17,24,55,,,28,29,,
2013/12/18,01,52,,,27,26,,
2013/12/18,02,52,,,26,25,,
2013/12/18,03,42,,,20,23,,
2013/12/18,04,40,,,19,22,,
2013/12/18,05,33,,,13,21,,
2013/12/18,06,34,,,15,19,,
2013/12/18,07,17,,,4,12,,
2013/12/18,08,12,,,2,10,,
2013/12/18,09,15,,,4,12,,
2013/12/18,10,31,,,16,15,,
2013/12/18,11,44,,,23,19,,
2013/12/18,12,50,,,26,24,,
2013/12/18,13,52,,,27,25,,
2013/12/18,14,58,,,32,26,,
2013/12/18,15,57,,,30,27,,
2013/12/18,16,59,,,31,28,,
2013/12/18,17,64,,,35,30,,
2013/12/18,18,67,,,38,29,,
2013/12/18,19,62,,,32,30,,
2013/12/18,20,62,,,31,31,,
2013/12/18,21,61,,,31,31,,
2013/12/18,22,59,,,30,30,,
2013/12/18,23,62,,,32,29,,
2013/12/18,24,69,,,41,28,,
2013/12/19,01,61,,,36,25,,
2013/12/19,02,57,,,35,23,,
2013/12/19,03,56,,,35,22,,
2013/12/19,04,49,,,29,20,,
2013/12/19,05,39,,,22,16,,
2013/12/19,06,28,,,16,13,,
2013/12/19,07,25,,,14,11,,
2013/12/19,08,28,,,16,12,,
2013/12/19,09,28,,,15,13,,
2013/12/19,10,29,,,14,15,,
2013/12/19,11,40,,,20,19,,
2013/12/19,12,59,,,36,23,,
2013/12/19,13,63,,,39,25,,
2013/12/19,14,65,,,40,25,,
2013/12/19,15,64,,,38,26,,
2013/12/19,16,65,,,37,27,,
2013/12/19,17,68,,,38,30,,
2013/12/19,18,71,,,41,30,,
2013/12/19,19,75,,,43,32,,
2013/12/19,20,74,,,41,33,,
2013/12/19,21,72,,,42,31,,
2013/12/19,22,69,,,38,33,,
2013/12/19,23,66,,,36,30,,
2013/12/19,24,63,,,33,30,,
2013/12/20,01,54,,,28,26,,
2013/12/20,02,56,,,31,25,,
2013/12/20,03,51,,,30,23,,
2013/12/20,04,46,,,26,20,,
2013/12/20,05,40,,,22,18,,
2013/12/20,06,21,,,7,14,,
2013/12/20,07,16,,,4,12,,
2013/12/20,08,18,,,6,12,,
2013/12/20,09,17,,,5,13,,
2013/12/20,10,23,,,8,16,,
2013/12/20,11,36,,,16,20,,
2013/12/20,12,43,,,20,23,,
2013/12/20,13,53,,,27,27,,
2013/12/20,14,57,,,29,28,,
2013/12/20,15,60,,,32,27,,
2013/12/20,16,60,,,33,27,,
2013/12/20,17,68,,,38,30,,
2013/12/20,18,72,,,42,31,,
2013/12/20,19,65,,,35,32,,
2013/12/20,20,72,,,39,34,,
2013/12/20,21,72,,,39,34,,
2013/12/20,22,74,,,41,34,,
2013/12/20,23,72,,,40,32,,
2013/12/20,24,65,,,35,30,,
2013/12/21,01,54,,,28,25,,
2013/12/21,02,57,,,32,25,,
2013/12/21,03,56,,,32,25,,
2013/12/21,04,60,,,36,24,,
2013/12/21,05,57,,,36,22,,
2013/12/21,06,48,,,30,19,,
2013/12/21,07,24,,,11,12,,
2013/12/21,08,22,,,12,10,,
2013/12/21,09,23,,,13,11,,
2013/12/21,10,38,,,23,15,,
2013/12/21,11,48,,,28,21,,
2013/12/21,12,56,,,32,22,,
2013/12/21,13,59,,,33,26,,
2013/12/21,14,68,,,39,29,,
2013/12/21,15,72,,,41,30,,
2013/12/21,16,72,,,42,30,,
2013/12/21,17,71,,,39,32,,
2013/12/21,18,72,,,41,31,,
2013/12/21,19,70,,,38,31,,
2013/12/21,20,71,,,38,33,,
2013/12/21,21,68,,,36,33,,
2013/12/21,22,63,,,31,30,,
2013/12/21,23,66,,,35,31,,
2013/12/21,24,59,,,29,30,,
2013/12/22,01,59,,,34,26,,
2013/12/22,02,57,,,33,25,,
2013/12/22,03,49,,,25,24,,
2013/12/22,04,54,,,28,25,,
2013/12/22,05,50,,,27,22,,
2013/12/22,06,42,,,23,19,,
2013/12/22,07,35,,,19,15,,
2013/12/22,08,36,,,21,15,,
2013/12/22,09,35,,,20,16,,
2013/12/22,10,36,,,20,15,,
2013/12/22,11,45,,,25,20,,
2013/12/22,12,52,,,26,26,,
2013/12/22,13,60,,,33,27,,
2013/12/22,14,68,,,38,30,,
2013/12/22,15,64,,,35,30,,
2013/12/22,16,62,,,33,29,,
2013/12/22,17,64,,,33,31,,
2013/12/22,18,59,,,28,31,,
2013/12/22,19,60,,,29,32,,
2013/12/22,20,65,,,32,32,,
2013/12/22,21,66,,,35,32,,
2013/12/22,22,66,,,34,32,,
2013/12/22,23,62,,,30,32,,
2013/12/22,24,61,,,32,29,,
2013/12/23,01,54,,,29,26,,
2013/12/23,02,53,,,29,25,,
2013/12/23,03,52,,,28,24,,
2013/12/23,04,57,,,34,22,,
2013/12/23,05,48,,,29,20,,
2013/12/23,06,32,,,17,15,,
2013/12/23,07,25,,,14,11,,
2013/12/23,08,18,,,8,11,,
2013/12/23,09,22,,,10,13,,
2013/12/23,10,33,,,16,16,,
2013/12/23,11,41,,,21,20,,
2013/12/23,12,50,,,28,23,,
2013/12/23,13,58,,,32,27,,
2013/12/23,14,64,,,37,27,,
2013/12/23,15,66,,,36,29,,
2013/12/23,16,67,,,39,29,,
2013/12/23,17,70,,,41,29,,
2013/12/23,18,62,,,32,29,,
2013/12/23,19,65,,,35,30,,
2013/12/23,20,67,,,36,31,,
2013/12/23,21,62,,,32,29,,
2013/12/23,22,59,,,31,29,,
2013/12/23,23,64,,,35,29,,
2013/12/23,24,60,,,34,26,,
2013/12/24,01,58,,,34,25,,
2013/12/24,02,54,,,30,24,,
2013/12/24,03,52,,,31,21,,
2013/12/24,04,45,,,26,19,,
2013/12/24,05,39,,,21,18,,
2013/12/24,06,34,,,17,17,,
2013/12/24,07,28,,,14,14,,
2013/12/24,08,27,,,15,12,,
2013/12/24,09,27,,,14,12,,
2013/12/24,10,27,,,12,14,,
2013/12/24,11,38,,,18,21,,
2013/12/24,12,40,,,19,21,,
2013/12/24,13,52,,,27,26,,
2013/12/24,14,61,,,34,27,,
2013/12/24,15,58,,,33,26,,
2013/12/24,16,60,,,32,29,,
2013/12/24,17,64,,,34,30,,
2013/12/24,18,68,,,37,31,,
2013/12/24,19,65,,,35,30,,
2013/12/24,20,68,,,39,30,,
2013/12/24,21,69,,,40,28,,
2013/12/24,22,69,,,41,29,,
2013/12/24,23,72,,,42,30,,
2013/12/24,24,64,,,37,27,,
2013/12/25,01,58,,,35,24,,
2013/12/25,02,61,,,38,23,,
2013/12/25,03,52,,,33,20,,
2013/12/25,04,35,,,18,18,,
2013/12/25,05,23,,,8,15,,
2013/12/25,06,15,,,3,11,,
2013/12/25,07,11,,,2,10,,
2013/12/25,08,11,,,2,10,,
2013/12/25,09,14,,,5,11,,
2013/12/25,10,33,,,17,16,,
2013/12/25,11,46,,,25,21,,
2013/12/25,12,50,,,27,24,,
2013/12/25,13,56,,,32,25,,
2013/12/25,14,59,,,33,26,,
2013/12/25,15,56,,,30,26,,
2013/12/25,16,62,,,35,28,,
2013/12/25,17,71,,,42,29,,
2013/12/25,18,68,,,39,29,,
2013/12/25,19,70,,,40,30,,
2013/12/25,20,71,,,41,30,,
2013/12/25,21,73,,,41,32,,
2013/12/25,22,71,,,41,31,,
2013/12/25,23,69,,,40,30,,
2013/12/25,24,67,,,39,29,,
2013/12/26,01,61,,,35,25,,
2013/12/26,02,54,,,30,24,,
2013/12/26,03,49,,,27,22,,
2013/12/26,04,42,,,23,19,,
2013/12/26,05,40,,,22,18,,
2013/12/26,06,19,,,6,12,,
2013/12/26,07,12,,,2,11,,
2013/12/26,08,14,,,2,12,,
2013/12/26,09,13,,,2,12,,
2013/12/26,10,17,,,3,14,,
2013/12/26,11,36,,,17,19,,
2013/12/26,12,47,,,26,21,,
2013/12/26,13,51,,,28,24,,
2013/12/26,14,55,,,33,23,,
2013/12/26,15,64,,,36,27,,
2013/12/26,16,63,,,35,28,,
2013/12/26,17,74,,,45,29,,
2013/12/26,18,72,,,43,29,,
2013/12/26,19,68,,,39,29,,
2013/12/26,20,71,,,38,32,,
2013/12/26,21,65,,,35,30,,
2013/12/26,22,66,,,34,32,,
2013/12/26,23,66,,,35,32,,
2013/12/26,24,59,,,31,28,,
2013/12/27,01,51,,,26,27,,
2013/12/27,02,58,,,33,26,,
2013/12/27,03,57,,,33,24,,
2013/12/27,04,45,,,23,22,,
2013/12/27,05,42,,,23,19,,
2013/12/27,06,33,,,18,15,,
2013/12/27,07,34,,,18,15,,
2013/12/27,08,34,,,19,16,,
2013/12/27,09,35,,,19,16,,
2013/12/27,10,35,,,19,18,,
2013/12/27,11,51,,,28,22,,
2013/12/27,12,52,,,28,24,,
2013/12/27,13,60,,,33,27,,
2013/12/27,14,62,,,34,28,,
2013/12/27,15,65,,,34,31,,
2013/12/27,16,66,,,35,30,,
2013/12/27,17,65,,,36,30,,
2013/12/27,18,70,,,39,31,,
2013/12/27,19,75,,,43,32,,
2013/12/27,20,75,,,43,32,,
2013/12/27,21,72,,,39,33,,
2013/12/27,22,74,,,41,33,,
2013/12/27,23,71,,,39,32,,
2013/12/27,24,68,,,39,29,,
2013/12/28,01,66,,,38,27,,
2013/12/28,02,63,,,37,26,,
2013/12/28,03,60,,,35,26,,
2013/12/28,04,54,,,29,24,,
2013/12/28,05,54,,,32,21,,
2013/12/28,06,38,,,20,19,,
2013/12/28,07,15,,,4,11,,
2013/12/28,08,14,,,4,10,,
2013/12/28,09,14,,,3,11,,
2013/12/28,10,29,,,13,15,,
2013/12/28,11,44,,,25,19,,
2013/12/28,12,47,,,25,22,,
2013/12/28,13,53,,,30,25,,
2013/12/28,14,58,,,30,27,,
2013/12/28,15,57,,,29,28,,
2013/12/28,16,61,,,32,30,,
2013/12/28,17,70,,,40,30,,
2013/12/28,18,71,,,41,31,,
2013/12/28,19,70,,,39,31,,
2013/12/28,20,71,,,38,33,,
2013/12/28,21,68,,,37,31,,
2013/12/28,22,69,,,36,33,,
2013/12/28,23,65,,,33,31,,
2013/12/28,24,63,,,34,28,,
2013/12/29,01,73,,,47,26,,
2013/12/29,02,65,,,39,27,,
2013/12/29,03,59,,,35,25,,
2013/12/29,04,61,,,37,24,,
2013/12/29,05,55,,,33,23,,
2013/12/29,06,47,,,26,21,,
2013/12/29,07,30,,,17,14,,
2013/12/29,08,20,,,11,10,,
2013/12/29,09,21,,,12,9,,
2013/12/29,10,26,,,11,14,,
2013/12/29,11,34,,,15,19,,
2013/12/29,12,45,,,20,25,,
2013/12/29,13,58,,,32,26,,
2013/12/29,14,61,,,33,27,,
2013/12/29,15,65,,,36,29,,
2013/12/29,16,69,,,39,30,,
2013/12/29,17,69,,,41,28,,
2013/12/29,18,70,,,39,31,,
2013/12/29,19,63,,,31,32,,
2013/12/29,20,66,,,34,33,,
2013/12/29,21,68,,,36,32,,
2013/12/29,22,66,,,34,32,,
2013/12/29,23,66,,,36,29,,
2013/12/29,24,62,,,34,29,,
2013/12/30,01,60,,,32,28,,
2013/12/30,02,58,,,32,26,,
2013/12/30,03,50,,,26,23,,
2013/12/30,04,47,,,25,22,,
2013/12/30,05,44,,,24,20,,
2013/12/30,06,38,,,21,17,,
2013/12/30,07,34,,,19,15,,
2013/12/30,08,29,,,17,13,,
2013/12/30,09,18,,,6,12,,
2013/12/30,10,25,,,10,16,,
2013/12/30,11,38,,,19,20,,
2013/12/30,12,43,,,22,21,,
2013/12/30,13,51,,,26,26,,
2013/12/30,14,59,,,32,27,,
2013/12/30,15,56,,,29,27,,
2013/12/30,16,60,,,31,29,,
2013/12/30,17,67,,,36,30,,
2013/12/30,18,74,,,43,31,,
2013/12/30,19,73,,,42,31,,
2013/12/30,20,65,,,34,32,,
2013/12/30,21,63,,,32,31,,
2013/12/30,22,66,,,34,32,,
2013/12/30,23,65,,,34,31,,
2013/12/30,24,61,,,31,29,,
2013/12/31,01,61,,,34,27,,
2013/12/31,02,61,,,37,25,,
2013/12/31,03,58,,,36,23,,
2013/12/31,04,58,,,34,23,,
2013/12/31,05,41,,,23,19,,
2013/12/31,06,32,,,15,17,,
2013/12/31,07,27,,,14,13,,
2013/12/31,08,21,,,12,10,,
2013/12/31,09,22,,,10,12,,
2013/12/31,10,24,,,12,13,,
2013/12/31,11,48,,,28,20,,
2013/12/31,12,43,,,22,21,,
2013/12/31,13,50,,,26,25,,
2013/12/31,14,54,,,30,26,,
2013/12/31,15,57,,,30,27,,
2013/12/31,16,61,,,34,28,,
2013/12/31,17,72,,,41,30,,
2013/12/31,18,71,,,39,31,,
2013/12/31,19,65,,,35,31,,
2013/12/31,20,65,,,33,32,,
2013/12/31,21,71,,,38,33,,
2013/12/31,22,69,,,38,31,,
2013/12/31,23,68,,,38,30,,
2013/12/31,24,70,,,40,31,,
2014/01/01,01,69,,,39,29,,
2014/01/01,02,62,,,34,27,,
2014/01/01,03,63,,,35,29,,
2014/01/01,04,62,,,34,30,,
2014/01/01,05,57,,,30,27,,
2014/01/01,06,52,,,29,24,,
2014/01/01,07,39,,,20,19,,
2014/01/01,08,27,,,10,17,,
2014/01/01,09,21,,,6,15,,
2014/01/01,10,24,,,8,16,,
2014/01/01,11,34,,,15,20,,
2014/01/01,12,46,,,22,24,,
2014/01/01,13,50,,,26,25,,
2014/01/01,14,49,,,24,25,,
2014/01/01,15,53,,,27,26,,
2014/01/01,16,59,,,29,30,,
2014/01/01,17,62,,,32,30,,
2014/01/01,18,61,,,31,30,,
2014/01/01,19,58,,,30,29,,
2014/01/01,20,60,,,31,29,,
2014/01/01,21,65,,,36,30,,
2014/01/01,22,66,,,35,30,,
2014/01/01,23,63,,,35,27,,
2014/01/01,24,57,,,31,26,,
2014/01/02,01,53,,,29,25,,
2014/01/02,02,59,,,35,24,,
2014/01/02,03,56,,,35,21,,
2014/01/02,04,50,,,31,19,,
2014/01/02,05,46,,,27,18,,
2014/01/02,06,44,,,27,18,,
2014/01/02,07,31,,,16,15,,
2014/01/02,08,22,,,10,12,,
2014/01/02,09,20,,,7,13,,
2014/01/02,10,22,,,8,14,,
2014/01/02,11,35,,,15,20,,
2014/01/02,12,44,,,21,24,,
2014/01/02,13,52,,,27,25,,
2014/01/02,14,54,,,29,25,,
2014/01/02,15,59,,,32,27,,
2014/01/02,16,64,,,35,30,,
2014/01/02,17,73,,,44,29,,
2014/01/02,18,73,,,43,30,,
2014/01/02,19,70,,,39,31,,
2014/01/02,20,72,,,40,32,,
2014/01/02,21,72,,,40,32,,
2014/01/02,22,71,,,38,32,,
2014/01/02,23,67,,,38,29,,
2014/01/02,24,64,,,36,28,,
2014/01/03,01,59,,,34,25,,
2014/01/03,02,57,,,34,23,,
2014/01/03,03,54,,,34,21,,
2014/01/03,04,48,,,30,18,,
2014/01/03,05,30,,,16,14,,
2014/01/03,06,17,,,7,11,,
2014/01/03,07,13,,,3,11,,
2014/01/03,08,13,,,4,10,,
2014/01/03,09,14,,,4,10,,
2014/01/03,10,30,,,16,16,,
2014/01/03,11,47,,,28,19,,
2014/01/03,12,50,,,28,22,,
2014/01/03,13,56,,,30,25,,
2014/01/03,14,53,,,27,27,,
2014/01/03,15,61,,,32,29,,
2014/01/03,16,64,,,34,31,,
2014/01/03,17,63,,,33,30,,
2014/01/03,18,78,,,47,31,,
2014/01/03,19,78,,,45,33,,
2014/01/03,20,72,,,40,32,,
2014/01/03,21,67,,,34,33,,
2014/01/03,22,72,,,39,32,,
2014/01/03,23,67,,,37,30,,
2014/01/03,24,65,,,39,26,,
2014/01/04,01,54,,,30,24,,
2014/01/04,02,54,,,29,25,,
2014/01/04,03,53,,,30,24,,
2014/01/04,04,51,,,28,23,,
2014/01/04,05,47,,,26,21,,
2014/01/04,06,38,,,22,17,,
2014/01/04,07,29,,,15,14,,
2014/01/04,08,18,,,6,12,,
2014/01/04,09,16,,,5,12,,
2014/01/04,10,32,,,17,15,,
2014/01/04,11,43,,,23,20,,
2014/01/04,12,52,,,29,23,,
2014/01/04,13,58,,,31,27,,
2014/01/04,14,77,,,46,31,,
2014/01/04,15,76,,,44,32,,
2014/01/04,16,65,,,33,31,,
2014/01/04,17,64,,,34,31,,
2014/01/04,18,70,,,38,30,,
2014/01/04,19,72,,,42,31,,
2014/01/04,20,64,,,32,32,,
2014/01/04,21,66,,,33,33,,
2014/01/04,22,63,,,32,31,,
2014/01/04,23,63,,,34,30,,
2014/01/04,24,63,,,35,27,,
2014/01/05,01,59,,,32,27,,
2014/01/05,02,54,,,31,23,,
2014/01/05,03,49,,,27,23,,
2014/01/05,04,52,,,30,22,,
2014/01/05,05,41,,,21,21,,
2014/01/05,06,34,,,17,19,,
2014/01/05,07,24,,,10,14,,
2014/01/05,08,19,,,6,12,,
2014/01/05,09,18,,,7,11,,
2014/01/05,10,24,,,10,14,,
2014/01/05,11,52,,,31,21,,
2014/01/05,12,56,,,32,24,,
2014/01/05,13,59,,,33,25,,
2014/01/05,14,65,,,36,29,,
2014/01/05,15,74,,,45,29,,
2014/01/05,16,71,,,42,29,,
2014/01/05,17,73,,,43,30,,
2014/01/05,18,75,,,45,30,,
2014/01/05,19,72,,,42,30,,
2014/01/05,20,72,,,42,30,,
2014/01/05,21,72,,,43,29,,
2014/01/05,22,72,,,44,29,,
2014/01/05,23,70,,,43,28,,
2014/01/05,24,68,,,42,27,,
2014/01/06,01,65,,,42,24,,
2014/01/06,02,65,,,42,23,,
2014/01/06,03,59,,,37,22,,
2014/01/06,04,38,,,21,18,,
2014/01/06,05,25,,,10,15,,
2014/01/06,06,19,,,7,12,,
2014/01/06,07,21,,,9,11,,
2014/01/06,08,20,,,9,11,,
2014/01/06,09,19,,,7,12,,
2014/01/06,10,29,,,14,16,,
2014/01/06,11,47,,,25,21,,
2014/01/06,12,48,,,25,23,,
2014/01/06,13,57,,,30,26,,
2014/01/06,14,56,,,30,27,,
2014/01/06,15,54,,,27,27,,
2014/01/06,16,77,,,48,29,,
2014/01/06,17,77,,,49,29,,
2014/01/06,18,75,,,47,28,,
2014/01/06,19,75,,,45,30,,
2014/01/06,20,76,,,46,28,,
2014/01/06,21,76,,,46,29,,
2014/01/06,22,73,,,44,29,,
2014/01/06,23,66,,,39,27,,
2014/01/06,24,59,,,34,25,,
2014/01/07,01,57,,,33,23,,
2014/01/07,02,58,,,37,23,,
2014/01/07,03,57,,,35,22,,
2014/01/07,04,46,,,27,19,,
2014/01/07,05,26,,,11,14,,
2014/01/07,06,14,,,4,10,,
2014/01/07,07,14,,,4,10,,
2014/01/07,08,12,,,4,10,,
2014/01/07,09,16,,,5,10,,
2014/01/07,10,21,,,8,13,,
2014/01/07,11,38,,,18,21,,
2014/01/07,12,49,,,25,24,,
2014/01/07,13,58,,,32,24,,
2014/01/07,14,56,,,31,26,,
2014/01/07,15,56,,,30,26,,
2014/01/07,16,59,,,32,27,,
2014/01/07,17,74,,,46,30,,
2014/01/07,18,76,,,47,29,,
2014/01/07,19,72,,,43,29,,
2014/01/07,20,73,,,44,29,,
2014/01/07,21,71,,,43,28,,
2014/01/07,22,67,,,38,28,,
2014/01/07,23,64,,,37,26,,
2014/01/07,24,63,,,39,24,,
2014/01/08,01,63,,,39,24,,
2014/01/08,02,63,,,39,23,,
2014/01/08,03,55,,,34,22,,
2014/01/08,04,34,,,16,19,,
2014/01/08,05,18,,,3,14,,
2014/01/08,06,14,,,3,12,,
2014/01/08,07,13,,,2,12,,
2014/01/08,08,13,,,2,13,,
2014/01/08,09,17,,,5,13,,
2014/01/08,10,22,,,7,15,,
2014/01/08,11,44,,,23,22,,
2014/01/08,12,47,,,23,23,,
2014/01/08,13,55,,,29,26,,
2014/01/08,14,59,,,32,27,,
2014/01/08,15,58,,,33,26,,
2014/01/08,16,55,,,26,28,,
2014/01/08,17,63,,,32,31,,
2014/01/08,18,56,,,28,28,,
2014/01/08,19,60,,,31,29,,
2014/01/08,20,60,,,30,30,,
2014/01/08,21,59,,,31,30,,
2014/01/08,22,66,,,37,29,,
2014/01/08,23,57,,,29,28,,
2014/01/08,24,55,,,30,25,,
2014/01/09,01,59,,,36,24,,
2014/01/09,02,58,,,34,24,,
2014/01/09,03,50,,,28,23,,
2014/01/09,04,41,,,25,16,,
2014/01/09,05,29,,,16,13,,
2014/01/09,06,29,,,15,13,,
2014/01/09,07,25,,,13,12,,
2014/01/09,08,21,,,8,12,,
2014/01/09,09,15,,,3,11,,
2014/01/09,10,15,,,2,14,,
2014/01/09,11,42,,,21,22,,
2014/01/09,12,48,,,25,23,,
2014/01/09,13,54,,,30,25,,
2014/01/09,14,54,,,29,25,,
2014/01/09,15,53,,,28,25,,
2014/01/09,16,61,,,32,29,,
2014/01/09,17,62,,,34,28,,
2014/01/09,18,74,,,45,28,,
2014/01/09,19,76,,,48,29,,
2014/01/09,20,74,,,44,30,,
2014/01/09,21,70,,,40,29,,
2014/01/09,22,70,,,42,28,,
2014/01/09,23,65,,,38,28,,
2014/01/09,24,64,,,39,25,,
2014/01/10,01,57,,,35,22,,
2014/01/10,02,57,,,35,22,,
2014/01/10,03,58,,,39,19,,
2014/01/10,04,44,,,27,17,,
2014/01/10,05,30,,,15,15,,
2014/01/10,06,22,,,10,12,,
2014/01/10,07,18,,,7,12,,
2014/01/10,08,15,,,6,10,,
2014/01/10,09,21,,,9,12,,
2014/01/10,10,34,,,19,15,,
2014/01/10,11,50,,,29,21,,
2014/01/10,12,56,,,32,23,,
2014/01/10,13,59,,,34,25,,
2014/01/10,14,59,,,32,26,,
2014/01/10,15,58,,,31,27,,
2014/01/10,16,64,,,36,27,,
2014/01/10,17,63,,,36,27,,
2014/01/10,18,79,,,49,29,,
2014/01/10,19,77,,,47,31,,
2014/01/10,20,70,,,38,32,,
2014/01/10,21,67,,,37,31,,
2014/01/10,22,69,,,38,31,,
2014/01/10,23,69,,,37,32,,
2014/01/10,24,66,,,36,30,,
2014/01/11,01,65,,,40,25,,
2014/01/11,02,57,,,35,24,,
2014/01/11,03,67,,,42,24,,
2014/01/11,04,67,,,44,24,,
2014/01/11,05,63,,,42,22,,
2014/01/11,06,42,,,24,18,,
2014/01/11,07,12,,,2,11,,
2014/01/11,08,11,,,2,9,,
2014/01/11,09,13,,,3,10,,
2014/01/11,10,27,,,13,15,,
2014/01/11,11,45,,,26,19,,
2014/01/11,12,49,,,27,22,,
2014/01/11,13,55,,,30,25,,
2014/01/11,14,72,,,45,28,,
2014/01/11,15,69,,,41,29,,
2014/01/11,16,71,,,42,28,,
2014/01/11,17,67,,,38,29,,
2014/01/11,18,73,,,44,29,,
2014/01/11,19,71,,,40,31,,
2014/01/11,20,73,,,41,31,,
2014/01/11,21,72,,,41,30,,
2014/01/11,22,70,,,39,31,,
2014/01/11,23,71,,,41,30,,
2014/01/11,24,64,,,37,26,,
2014/01/12,01,66,,,41,25,,
2014/01/12,02,63,,,38,26,,
2014/01/12,03,57,,,32,25,,
2014/01/12,04,58,,,33,25,,
2014/01/12,05,58,,,35,23,,
2014/01/12,06,47,,,29,18,,
2014/01/12,07,28,,,16,13,,
2014/01/12,08,21,,,10,11,,
2014/01/12,09,22,,,11,11,,
2014/01/12,10,31,,,16,15,,
2014/01/12,11,43,,,23,20,,
2014/01/12,12,53,,,29,24,,
2014/01/12,13,58,,,32,25,,
2014/01/12,14,66,,,37,29,,
2014/01/12,15,70,,,40,30,,
2014/01/12,16,73,,,42,32,,
2014/01/12,17,68,,,38,31,,
2014/01/12,18,67,,,36,31,,
2014/01/12,19,64,,,32,32,,
2014/01/12,20,67,,,35,32,,
2014/01/12,21,69,,,37,32,,
2014/01/12,22,66,,,34,32,,
2014/01/12,23,62,,,32,30,,
2014/01/12,24,62,,,34,28,,
2014/01/13,01,60,,,33,27,,
2014/01/13,02,58,,,32,26,,
2014/01/13,03,61,,,36,25,,
2014/01/13,04,57,,,33,24,,
2014/01/13,05,57,,,35,22,,
2014/01/13,06,45,,,29,16,,
2014/01/13,07,34,,,21,13,,
2014/01/13,08,34,,,21,13,,
2014/01/13,09,34,,,22,11,,
2014/01/13,10,39,,,23,15,,
2014/01/13,11,52,,,31,21,,
2014/01/13,12,56,,,32,24,,
2014/01/13,13,58,,,33,25,,
2014/01/13,14,66,,,37,29,,
2014/01/13,15,74,,,45,30,,
2014/01/13,16,75,,,45,31,,
2014/01/13,17,81,,,49,31,,
2014/01/13,18,72,,,43,31,,
2014/01/13,19,78,,,47,31,,
2014/01/13,20,77,,,47,31,,
2014/01/13,21,78,,,48,30,,
2014/01/13,22,80,,,50,31,,
2014/01/13,23,73,,,45,28,,
2014/01/13,24,70,,,45,26,,
2014/01/14,01,66,,,42,24,,
2014/01/14,02,65,,,42,24,,
2014/01/14,03,63,,,42,22,,
2014/01/14,04,53,,,34,18,,
2014/01/14,05,45,,,29,16,,
2014/01/14,06,40,,,26,13,,
2014/01/14,07,27,,,16,11,,
2014/01/14,08,26,,,16,11,,
2014/01/14,09,21,,,12,11,,
2014/01/14,10,21,,,7,14,,
2014/01/14,11,49,,,28,21,,
2014/01/14,12,54,,,30,23,,
2014/01/14,13,57,,,31,26,,
2014/01/14,14,58,,,31,26,,
2014/01/14,15,57,,,32,26,,
2014/01/14,16,71,,,44,27,,
2014/01/14,17,76,,,47,29,,
2014/01/14,18,74,,,47,28,,
2014/01/14,19,73,,,43,29,,
2014/01/14,20,74,,,45,30,,
2014/01/14,21,73,,,44,28,,
2014/01/14,22,72,,,44,29,,
2014/01/14,23,69,,,42,27,,
2014/01/14,24,67,,,41,27,,
2014/01/15,01,66,,,42,24,,
2014/01/15,02,67,,,44,23,,
2014/01/15,03,63,,,42,20,,
2014/01/15,04,48,,,32,17,,
2014/01/15,05,26,,,13,13,,
2014/01/15,06,21,,,10,11,,
2014/01/15,07,21,,,10,12,,
2014/01/15,08,21,,,10,12,,
2014/01/15,09,25,,,12,12,,
2014/01/15,10,35,,,20,16,,
2014/01/15,11,53,,,31,22,,
2014/01/15,12,58,,,33,24,,
2014/01/15,13,57,,,34,23,,
2014/01/15,14,58,,,34,23,,
2014/01/15,15,54,,,29,23,,
2014/01/15,16,58,,,31,25,,
2014/01/15,17,70,,,43,26,,
2014/01/15,18,75,,,47,29,,
2014/01/15,19,76,,,47,29,,
2014/01/15,20,74,,,45,29,,
2014/01/15,21,71,,,42,30,,
2014/01/15,22,76,,,45,31,,
2014/01/15,23,73,,,45,27,,
2014/01/15,24,74,,,48,26,,
2014/01/16,01,68,,,45,23,,
2014/01/16,02,66,,,43,23,,
2014/01/16,03,58,,,37,21,,
2014/01/16,04,45,,,30,15,,
2014/01/16,05,30,,,19,12,,
2014/01/16,06,29,,,17,12,,
2014/01/16,07,28,,,17,11,,
2014/01/16,08,20,,,11,10,,
2014/01/16,09,13,,,4,9,,
2014/01/16,10,19,,,6,13,,
2014/01/16,11,43,,,23,20,,
2014/01/16,12,49,,,28,22,,
2014/01/16,13,52,,,30,23,,
2014/01/16,14,53,,,29,24,,
2014/01/16,15,52,,,28,24,,
2014/01/16,16,60,,,34,26,,
2014/01/16,17,73,,,45,28,,
2014/01/16,18,78,,,49,29,,
2014/01/16,19,74,,,45,29,,
2014/01/16,20,76,,,47,29,,
2014/01/16,21,74,,,45,29,,
2014/01/16,22,73,,,45,29,,
2014/01/16,23,73,,,45,27,,
2014/01/16,24,71,,,44,27,,
2014/01/17,01,65,,,41,25,,
2014/01/17,02,64,,,41,23,,
2014/01/17,03,64,,,43,21,,
2014/01/17,04,58,,,41,17,,
2014/01/17,05,50,,,34,16,,
2014/01/17,06,42,,,27,14,,
2014/01/17,07,37,,,24,13,,
2014/01/17,08,35,,,22,13,,
2014/01/17,09,19,,,7,12,,
2014/01/17,10,29,,,14,15,,
2014/01/17,11,46,,,26,20,,
2014/01/17,12,55,,,32,23,,
2014/01/17,13,55,,,30,25,,
2014/01/17,14,53,,,27,26,,
2014/01/17,15,56,,,30,26,,
2014/01/17,16,57,,,30,27,,
2014/01/17,17,61,,,33,28,,
2014/01/17,18,81,,,50,29,,
2014/01/17,19,76,,,46,30,,
2014/01/17,20,75,,,44,32,,
2014/01/17,21,77,,,44,32,,
2014/01/17,22,69,,,38,31,,
2014/01/17,23,72,,,42,30,,
2014/01/17,24,71,,,43,28,,
2014/01/18,01,72,,,45,27,,
2014/01/18,02,62,,,38,26,,
2014/01/18,03,61,,,37,23,,
2014/01/18,04,60,,,37,24,,
2014/01/18,05,55,,,34,21,,
2014/01/18,06,43,,,25,18,,
2014/01/18,07,18,,,7,11,,
2014/01/18,08,12,,,3,10,,
2014/01/18,09,13,,,3,11,,
2014/01/18,10,27,,,12,15,,
2014/01/18,11,47,,,28,19,,
2014/01/18,12,51,,,29,23,,
2014/01/18,13,54,,,29,25,,
2014/01/18,14,62,,,34,27,,
2014/01/18,15,75,,,46,29,,
2014/01/18,16,73,,,44,29,,
2014/01/18,17,74,,,45,30,,
2014/01/18,18,72,,,41,30,,
2014/01/18,19,70,,,40,31,,
2014/01/18,20,76,,,44,32,,
2014/01/18,21,74,,,41,33,,
2014/01/18,22,69,,,38,33,,
2014/01/18,23,68,,,37,31,,
2014/01/18,24,66,,,39,28,,
2014/01/19,01,67,,,42,25,,
2014/01/19,02,59,,,35,24,,
2014/01/19,03,62,,,39,23,,
2014/01/19,04,56,,,33,23,,
2014/01/19,05,50,,,29,22,,
2014/01/19,06,43,,,24,20,,
2014/01/19,07,30,,,14,16,,
2014/01/19,08,27,,,13,14,,
2014/01/19,09,25,,,12,13,,
2014/01/19,10,28,,,13,15,,
2014/01/19,11,51,,,30,20,,
2014/01/19,12,52,,,27,23,,
2014/01/19,13,51,,,26,25,,
2014/01/19,14,61,,,32,28,,
2014/01/19,15,67,,,37,30,,
2014/01/19,16,72,,,42,30,,
2014/01/19,17,74,,,43,30,,
2014/01/19,18,71,,,41,30,,
2014/01/19,19,72,,,42,30,,
2014/01/19,20,73,,,43,32,,
2014/01/19,21,79,,,48,31,,
2014/01/19,22,78,,,47,30,,
2014/01/19,23,76,,,46,29,,
2014/01/19,24,69,,,42,28,,
2014/01/20,01,64,,,39,26,,
2014/01/20,02,61,,,36,24,,
2014/01/20,03,55,,,33,22,,
2014/01/20,04,58,,,39,20,,
2014/01/20,05,51,,,34,17,,
2014/01/20,06,45,,,28,17,,
2014/01/20,07,41,,,26,15,,
2014/01/20,08,43,,,27,16,,
2014/01/20,09,36,,,20,16,,
2014/01/20,10,30,,,13,17,,
2014/01/20,11,46,,,25,21,,
2014/01/20,12,55,,,32,23,,
2014/01/20,13,58,,,32,26,,
2014/01/20,14,56,,,30,25,,
2014/01/20,15,59,,,34,25,,
2014/01/20,16,67,,,40,27,,
2014/01/20,17,69,,,40,29,,
2014/01/20,18,71,,,42,29,,
2014/01/20,19,71,,,42,29,,
2014/01/20,20,71,,,42,29,,
2014/01/20,21,71,,,43,28,,
2014/01/20,22,67,,,39,29,,
2014/01/20,23,71,,,43,28,,
2014/01/20,24,66,,,42,24,,
2014/01/21,01,59,,,35,24,,
2014/01/21,02,57,,,34,23,,
2014/01/21,03,52,,,30,23,,
2014/01/21,04,50,,,31,19,,
2014/01/21,05,35,,,18,17,,
2014/01/21,06,22,,,10,12,,
2014/01/21,07,15,,,5,10,,
2014/01/21,08,14,,,4,10,,
2014/01/21,09,15,,,5,10,,
2014/01/21,10,21,,,8,14,,
2014/01/21,11,45,,,26,20,,
2014/01/21,12,51,,,27,24,,
2014/01/21,13,56,,,32,25,,
2014/01/21,14,54,,,30,26,,
2014/01/21,15,58,,,31,26,,
2014/01/21,16,62,,,34,28,,
2014/01/21,17,68,,,41,28,,
2014/01/21,18,66,,,39,27,,
2014/01/21,19,69,,,41,28,,
2014/01/21,20,72,,,42,31,,
2014/01/21,21,69,,,41,29,,
2014/01/21,22,72,,,42,30,,
2014/01/21,23,70,,,42,29,,
2014/01/21,24,70,,,42,28,,
2014/01/22,01,64,,,38,26,,
2014/01/22,02,64,,,40,24,,
2014/01/22,03,59,,,37,21,,
2014/01/22,04,57,,,37,20,,
2014/01/22,05,38,,,20,17,,
2014/01/22,06,27,,,15,13,,
2014/01/22,07,20,,,11,9,,
2014/01/22,08,19,,,9,10,,
2014/01/22,09,19,,,9,10,,
2014/01/22,10,37,,,21,16,,
2014/01/22,11,51,,,29,22,,
2014/01/22,12,56,,,33,22,,
2014/01/22,13,55,,,29,26,,
2014/01/22,14,54,,,29,26,,
2014/01/22,15,52,,,26,26,,
2014/01/22,16,57,,,31,27,,
2014/01/22,17,65,,,38,27,,
2014/01/22,18,64,,,37,27,,
2014/01/22,19,62,,,34,28,,
2014/01/22,20,66,,,38,28,,
2014/01/22,21,68,,,40,28,,
2014/01/22,22,64,,,38,26,,
2014/01/22,23,62,,,35,27,,
2014/01/22,24,62,,,38,24,,
2014/01/23,01,61,,,39,24,,
2014/01/23,02,56,,,34,23,,
2014/01/23,03,52,,,30,21,,
2014/01/23,04,42,,,23,19,,
2014/01/23,05,35,,,18,17,,
2014/01/23,06,27,,,15,11,,
2014/01/23,07,27,,,17,10,,
2014/01/23,08,26,,,16,10,,
2014/01/23,09,26,,,15,11,,
2014/01/23,10,18,,,5,14,,
2014/01/23,11,42,,,22,20,,
2014/01/23,12,57,,,33,23,,
2014/01/23,13,59,,,33,26,,
2014/01/23,14,59,,,34,24,,
2014/01/23,15,56,,,33,25,,
2014/01/23,16,61,,,34,27,,
2014/01/23,17,70,,,41,29,,
2014/01/23,18,70,,,41,29,,
2014/01/23,19,70,,,40,30,,
2014/01/23,20,65,,,35,30,,
2014/01/23,21,66,,,37,30,,
2014/01/23,22,70,,,41,30,,
2014/01/23,23,66,,,38,28,,
2014/01/23,24,63,,,37,26,,
2014/01/24,01,56,,,33,23,,
2014/01/24,02,56,,,32,23,,
2014/01/24,03,55,,,35,20,,
2014/01/24,04,45,,,27,17,,
2014/01/24,05,28,,,15,13,,
2014/01/24,06,13,,,3,11,,
2014/01/24,07,15,,,5,11,,
2014/01/24,08,15,,,5,11,,
2014/01/24,09,19,,,6,12,,
2014/01/24,10,36,,,20,17,,
2014/01/24,11,45,,,25,20,,
2014/01/24,12,53,,,31,23,,
2014/01/24,13,52,,,27,25,,
2014/01/24,14,54,,,29,25,,
2014/01/24,15,54,,,29,26,,
2014/01/24,16,58,,,30,29,,
2014/01/24,17,66,,,37,29,,
2014/01/24,18,68,,,39,30,,
2014/01/24,19,68,,,37,31,,
2014/01/24,20,69,,,36,32,,
2014/01/24,21,69,,,38,31,,
2014/01/24,22,64,,,33,31,,
2014/01/24,23,64,,,33,31,,
2014/01/24,24,63,,,34,29,,
2014/01/25,01,58,,,32,26,,
2014/01/25,02,62,,,38,25,,
2014/01/25,03,71,,,46,24,,
2014/01/25,04,65,,,41,24,,
2014/01/25,05,57,,,35,23,,
2014/01/25,06,48,,,29,20,,
2014/01/25,07,22,,,7,14,,
2014/01/25,08,15,,,3,13,,
2014/01/25,09,16,,,3,13,,
2014/01/25,10,30,,,15,16,,
2014/01/25,11,44,,,23,21,,
2014/01/25,12,49,,,26,23,,
2014/01/25,13,60,,,32,29,,
2014/01/25,14,67,,,37,30,,
2014/01/25,15,71,,,41,30,,
2014/01/25,16,76,,,45,31,,
2014/01/25,17,74,,,42,31,,
2014/01/25,18,65,,,34,32,,
2014/01/25,19,68,,,34,33,,
2014/01/25,20,71,,,38,34,,
2014/01/25,21,67,,,35,32,,
2014/01/25,22,65,,,34,32,,
2014/01/25,23,64,,,33,31,,
2014/01/25,24,61,,,32,30,,
2014/01/26,01,61,,,34,27,,
2014/01/26,02,58,,,31,27,,
2014/01/26,03,61,,,35,26,,
2014/01/26,04,55,,,29,26,,
2014/01/26,05,47,,,23,24,,
2014/01/26,06,40,,,20,20,,
2014/01/26,07,28,,,13,16,,
2014/01/26,08,25,,,11,14,,
2014/01/26,09,23,,,10,13,,
2014/01/26,10,23,,,9,14,,
2014/01/26,11,37,,,17,22,,
2014/01/26,12,43,,,18,25,,
2014/01/26,13,53,,,27,26,,
2014/01/26,14,58,,,31,28,,
2014/01/26,15,60,,,32,29,,
2014/01/26,16,61,,,31,28,,
2014/01/26,17,59,,,30,29,,
2014/01/26,18,62,,,31,31,,
2014/01/26,19,62,,,32,30,,
2014/01/26,20,64,,,34,30,,
2014/01/26,21,61,,,30,30,,
2014/01/26,22,64,,,35,29,,
2014/01/26,23,67,,,41,26,,
2014/01/26,24,68,,,42,25,,
2014/01/27,01,64,,,41,24,,
2014/01/27,02,62,,,40,23,,
2014/01/27,03,61,,,40,21,,
2014/01/27,04,56,,,36,20,,
2014/01/27,05,49,,,31,20,,
2014/01/27,06,42,,,26,16,,
2014/01/27,07,38,,,24,15,,
2014/01/27,08,35,,,20,15,,
2014/01/27,09,33,,,18,16,,
2014/01/27,10,30,,,13,17,,
2014/01/27,11,37,,,16,21,,
2014/01/27,12,45,,,22,22,,
2014/01/27,13,56,,,30,26,,
2014/01/27,14,61,,,33,28,,
2014/01/27,15,58,,,33,25,,
2014/01/27,16,58,,,30,27,,
2014/01/27,17,61,,,33,28,,
2014/01/27,18,66,,,38,28,,
2014/01/27,19,69,,,41,28,,
2014/01/27,20,71,,,41,30,,
2014/01/27,21,69,,,40,29,,
2014/01/27,22,68,,,39,30,,
2014/01/27,23,66,,,37,29,,
2014/01/27,24,69,,,42,28,,
2014/01/28,01,55,,,31,24,,
2014/01/28,02,53,,,30,23,,
2014/01/28,03,50,,,29,22,,
2014/01/28,04,45,,,26,20,,
2014/01/28,05,38,,,22,15,,
2014/01/28,06,29,,,16,14,,
2014/01/28,07,16,,,6,11,,
2014/01/28,08,16,,,6,10,,
2014/01/28,09,15,,,5,10,,
2014/01/28,10,19,,,5,14,,
2014/01/28,11,36,,,14,22,,
2014/01/28,12,50,,,28,24,,
2014/01/28,13,55,,,30,25,,
2014/01/28,14,54,,,28,25,,
2014/01/28,15,52,,,27,25,,
2014/01/28,16,57,,,31,26,,
2014/01/28,17,67,,,38,28,,
2014/01/28,18,64,,,37,28,,
2014/01/28,19,63,,,35,28,,
2014/01/28,20,69,,,39,29,,
2014/01/28,21,70,,,41,29,,
2014/01/28,22,61,,,32,30,,
2014/01/28,23,56,,,29,27,,
2014/01/28,24,58,,,32,26,,
2014/01/29,01,53,,,30,25,,
2014/01/29,02,56,,,32,24,,
2014/01/29,03,52,,,30,21,,
2014/01/29,04,48,,,27,20,,
2014/01/29,05,39,,,20,18,,
2014/01/29,06,33,,,16,18,,
2014/01/29,07,29,,,17,13,,
2014/01/29,08,29,,,16,14,,
2014/01/29,09,16,,,4,12,,
2014/01/29,10,34,,,18,16,,
2014/01/29,11,48,,,26,22,,
2014/01/29,12,52,,,28,25,,
2014/01/29,13,53,,,27,27,,
2014/01/29,14,52,,,27,25,,
2014/01/29,15,55,,,29,26,,
2014/01/29,16,58,,,30,28,,
2014/01/29,17,57,,,28,29,,
2014/01/29,18,58,,,29,29,,
2014/01/29,19,56,,,27,29,,
2014/01/29,20,60,,,31,29,,
2014/01/29,21,59,,,30,29,,
2014/01/29,22,57,,,29,29,,
2014/01/29,23,58,,,30,28,,
2014/01/29,24,57,,,30,26,,
2014/01/30,01,49,,,26,24,,
2014/01/30,02,52,,,30,22,,
2014/01/30,03,40,,,19,21,,
2014/01/30,04,36,,,16,20,,
2014/01/30,05,30,,,12,18,,
2014/01/30,06,18,,,5,13,,
2014/01/30,07,16,,,4,11,,
2014/01/30,08,19,,,6,13,,
2014/01/30,09,16,,,4,11,,
2014/01/30,10,18,,,5,14,,
2014/01/30,11,34,,,13,21,,
2014/01/30,12,44,,,21,23,,
2014/01/30,13,53,,,27,26,,
2014/01/30,14,54,,,29,25,,
2014/01/30,15,54,,,29,25,,
2014/01/30,16,60,,,32,29,,
2014/01/30,17,60,,,30,30,,
2014/01/30,18,58,,,28,30,,
2014/01/30,19,59,,,29,29,,
2014/01/30,20,57,,,28,30,,
2014/01/30,21,55,,,25,30,,
2014/01/30,22,56,,,27,29,,
2014/01/30,23,53,,,25,28,,
2014/01/30,24,48,,,22,26,,
2014/01/31,01,45,,,22,24,,
2014/01/31,02,47,,,23,24,,
2014/01/31,03,40,,,20,21,,
2014/01/31,04,35,,,16,19,,
2014/01/31,05,30,,,14,15,,
2014/01/31,06,22,,,8,14,,
2014/01/31,07,13,,,2,12,,
2014/01/31,08,14,,,2,12,,
2014/01/31,09,15,,,2,13,,
2014/01/31,10,21,,,4,17,,
2014/01/31,11,27,,,7,20,,
2014/01/31,12,35,,,13,23,,
2014/01/31,13,43,,,18,26,,
2014/01/31,14,44,,,17,27,,
2014/01/31,15,45,,,20,25,,
2014/01/31,16,57,,,27,30,,
2014/01/31,17,61,,,32,30,,
2014/01/31,18,61,,,32,29,,
2014/01/31,19,61,,,31,30,,
2014/01/31,20,71,,,41,31,,
2014/01/31,21,66,,,35,32,,
2014/01/31,22,67,,,35,32,,
2014/01/31,23,69,,,39,32,,
2014/01/31,24,66,,,37,29,,
2014/02/01,01,67,,,40,27,,
2014/02/01,02,63,,,37,26,,
2014/02/01,03,58,,,34,24,,
2014/02/01,04,56,,,32,25,,
2014/02/01,05,49,,,28,22,,
2014/02/01,06,34,,,16,19,,
2014/02/01,07,19,,,5,15,,
2014/02/01,08,17,,,5,12,,
2014/02/01,09,15,,,5,11,,
2014/02/01,10,27,,,12,17,,
2014/02/01,11,41,,,20,21,,
2014/02/01,12,48,,,24,24,,
2014/02/01,13,55,,,30,27,,
2014/02/01,14,63,,,34,29,,
2014/02/01,15,63,,,33,30,,
2014/02/01,16,70,,,41,29,,
2014/02/01,17,72,,,42,31,,
2014/02/01,18,69,,,39,31,,
2014/02/01,19,74,,,43,32,,
2014/02/01,20,71,,,37,33,,
2014/02/01,21,67,,,34,33,,
2014/02/01,22,66,,,34,31,,
2014/02/01,23,63,,,32,31,,
2014/02/01,24,60,,,33,29,,
2014/02/02,01,56,,,30,25,,
2014/02/02,02,57,,,33,25,,
2014/02/02,03,56,,,33,24,,
2014/02/02,04,57,,,32,23,,
2014/02/02,05,61,,,38,23,,
2014/02/02,06,51,,,30,21,,
2014/02/02,07,35,,,17,17,,
2014/02/02,08,30,,,15,16,,
2014/02/02,09,39,,,24,15,,
2014/02/02,10,39,,,23,16,,
2014/02/02,11,54,,,33,21,,
2014/02/02,12,62,,,37,25,,
2014/02/02,13,64,,,38,27,,
2014/02/02,14,69,,,41,29,,
2014/02/02,15,73,,,44,30,,
2014/02/02,16,71,,,40,30,,
2014/02/02,17,67,,,37,30,,
2014/02/02,18,60,,,29,31,,
2014/02/02,19,64,,,32,31,,
2014/02/02,20,64,,,32,32,,
2014/02/02,21,63,,,30,33,,
2014/02/02,22,63,,,30,31,,
2014/02/02,23,58,,,29,30,,
2014/02/02,24,57,,,31,26,,
2014/02/03,01,55,,,29,26,,
2014/02/03,02,52,,,29,23,,
2014/02/03,03,53,,,30,22,,
2014/02/03,04,48,,,28,20,,
2014/02/03,05,44,,,26,19,,
2014/02/03,06,42,,,23,18,,
2014/02/03,07,39,,,21,18,,
2014/02/03,08,36,,,23,14,,
2014/02/03,09,38,,,25,14,,
2014/02/03,10,38,,,23,16,,
2014/02/03,11,41,,,20,22,,
2014/02/03,12,39,,,17,23,,
2014/02/03,13,39,,,17,23,,
2014/02/03,14,40,,,15,24,,
2014/02/03,15,39,,,17,23,,
2014/02/03,16,43,,,18,26,,
2014/02/03,17,44,,,17,27,,
2014/02/03,18,50,,,23,27,,
2014/02/03,19,56,,,26,30,,
2014/02/03,20,53,,,23,30,,
2014/02/03,21,57,,,26,30,,
2014/02/03,22,58,,,29,29,,
2014/02/03,23,53,,,25,27,,
2014/02/03,24,46,,,20,26,,
2014/02/04,01,47,,,23,24,,
2014/02/04,02,45,,,22,23,,
2014/02/04,03,41,,,21,20,,
2014/02/04,04,32,,,14,18,,
2014/02/04,05,23,,,9,13,,
2014/02/04,06,21,,,9,12,,
2014/02/04,07,21,,,9,13,,
2014/02/04,08,21,,,9,12,,
2014/02/04,09,24,,,10,14,,
2014/02/04,10,27,,,11,16,,
2014/02/04,11,44,,,24,20,,
2014/02/04,12,56,,,31,25,,
2014/02/04,13,59,,,32,27,,
2014/02/04,14,60,,,34,27,,
2014/02/04,15,58,,,33,26,,
2014/02/04,16,64,,,35,28,,
2014/02/04,17,78,,,51,28,,
2014/02/04,18,77,,,47,29,,
2014/02/04,19,77,,,47,30,,
2014/02/04,20,72,,,42,30,,
2014/02/04,21,75,,,45,31,,
2014/02/04,22,73,,,43,30,,
2014/02/04,23,72,,,44,28,,
2014/02/04,24,65,,,40,26,,
2014/02/05,01,64,,,40,25,,
2014/02/05,02,57,,,33,24,,
2014/02/05,03,55,,,34,22,,
2014/02/05,04,40,,,23,17,,
2014/02/05,05,32,,,17,14,,
2014/02/05,06,26,,,14,13,,
2014/02/05,07,23,,,10,13,,
2014/02/05,08,24,,,11,12,,
2014/02/05,09,22,,,10,12,,
2014/02/05,10,34,,,18,17,,
2014/02/05,11,46,,,25,22,,
2014/02/05,12,50,,,27,22,,
2014/02/05,13,55,,,30,26,,
2014/02/05,14,53,,,28,25,,
2014/02/05,15,53,,,28,26,,
2014/02/05,16,56,,,30,27,,
2014/02/05,17,63,,,36,27,,
2014/02/05,18,73,,,45,27,,
2014/02/05,19,75,,,47,29,,
2014/02/05,20,77,,,46,31,,
2014/02/05,21,74,,,45,29,,
2014/02/05,22,74,,,45,29,,
2014/02/05,23,72,,,43,29,,
2014/02/05,24,70,,,44,26,,
2014/02/06,01,68,,,44,24,,
2014/02/06,02,60,,,37,23,,
2014/02/06,03,59,,,38,21,,
2014/02/06,04,51,,,33,19,,
2014/02/06,05,39,,,23,16,,
2014/02/06,06,21,,,10,12,,
2014/02/06,07,15,,,5,11,,
2014/02/06,08,15,,,5,11,,
2014/02/06,09,20,,,9,12,,
2014/02/06,10,26,,,12,14,,
2014/02/06,11,51,,,30,21,,
2014/02/06,12,55,,,33,23,,
2014/02/06,13,60,,,35,25,,
2014/02/06,14,59,,,33,26,,
2014/02/06,15,58,,,33,25,,
2014/02/06,16,60,,,33,27,,
2014/02/06,17,67,,,40,28,,
2014/02/06,18,74,,,46,28,,
2014/02/06,19,73,,,45,29,,
2014/02/06,20,73,,,44,29,,
2014/02/06,21,71,,,42,29,,
2014/02/06,22,70,,,42,28,,
2014/02/06,23,71,,,43,29,,
2014/02/06,24,66,,,41,26,,
2014/02/07,01,60,,,36,24,,
2014/02/07,02,60,,,37,23,,
2014/02/07,03,55,,,34,21,,
2014/02/07,04,53,,,34,20,,
2014/02/07,05,48,,,32,16,,
2014/02/07,06,31,,,20,13,,
2014/02/07,07,24,,,12,12,,
2014/02/07,08,22,,,13,11,,
2014/02/07,09,28,,,17,12,,
2014/02/07,10,46,,,29,17,,
2014/02/07,11,57,,,36,21,,
2014/02/07,12,64,,,40,23,,
2014/02/07,13,65,,,39,26,,
2014/02/07,14,64,,,36,28,,
2014/02/07,15,69,,,41,28,,
2014/02/07,16,67,,,39,28,,
2014/02/07,17,71,,,41,29,,
2014/02/07,18,71,,,42,28,,
2014/02/07,19,72,,,42,30,,
2014/02/07,20,73,,,42,31,,
2014/02/07,21,74,,,43,32,,
2014/02/07,22,77,,,46,31,,
2014/02/07,23,73,,,43,30,,
2014/02/07,24,72,,,42,30,,
2014/02/08,01,71,,,44,27,,
2014/02/08,02,65,,,41,25,,
2014/02/08,03,62,,,39,24,,
2014/02/08,04,59,,,35,24,,
2014/02/08,05,60,,,38,22,,
2014/02/08,06,37,,,20,16,,
2014/02/08,07,19,,,7,12,,
2014/02/08,08,17,,,7,11,,
2014/02/08,09,18,,,6,12,,
2014/02/08,10,31,,,17,15,,
2014/02/08,11,51,,,32,19,,
2014/02/08,12,61,,,40,22,,
2014/02/08,13,80,,,52,27,,
2014/02/08,14,88,,,61,27,,
2014/02/08,15,88,,,61,28,,
2014/02/08,16,92,,,63,29,,
2014/02/08,17,86,,,59,28,,
2014/02/08,18,84,,,56,27,,
2014/02/08,19,85,,,58,28,,
2014/02/08,20,82,,,54,28,,
2014/02/08,21,77,,,49,29,,
2014/02/08,22,81,,,53,29,,
2014/02/08,23,74,,,46,28,,
2014/02/08,24,75,,,49,26,,
2014/02/09,01,70,,,45,25,,
2014/02/09,02,72,,,48,24,,
2014/02/09,03,67,,,43,24,,
2014/02/09,04,67,,,44,24,,
2014/02/09,05,64,,,43,22,,
2014/02/09,06,60,,,41,19,,
2014/02/09,07,47,,,31,17,,
2014/02/09,08,34,,,21,14,,
2014/02/09,09,13,,,3,10,,
2014/02/09,10,16,,,4,12,,
2014/02/09,11,46,,,25,21,,
2014/02/09,12,52,,,28,24,,
2014/02/09,13,60,,,34,25,,
2014/02/09,14,73,,,43,31,,
2014/02/09,15,76,,,46,30,,
2014/02/09,16,79,,,48,31,,
2014/02/09,17,76,,,45,31,,
2014/02/09,18,76,,,46,30,,
2014/02/09,19,77,,,46,30,,
2014/02/09,20,76,,,45,31,,
2014/02/09,21,77,,,46,31,,
2014/02/09,22,76,,,45,31,,
2014/02/09,23,70,,,41,29,,
2014/02/09,24,68,,,42,26,,
2014/02/10,01,70,,,46,26,,
2014/02/10,02,67,,,43,25,,
2014/02/10,03,71,,,47,23,,
2014/02/10,04,63,,,43,20,,
2014/02/10,05,62,,,44,18,,
2014/02/10,06,34,,,20,15,,
2014/02/10,07,32,,,18,14,,
2014/02/10,08,32,,,18,14,,
2014/02/10,09,33,,,18,15,,
2014/02/10,10,34,,,18,15,,
2014/02/10,11,46,,,24,23,,
2014/02/10,12,57,,,32,26,,
2014/02/10,13,62,,,35,27,,
2014/02/10,14,59,,,34,26,,
2014/02/10,15,62,,,35,28,,
2014/02/10,16,66,,,38,28,,
2014/02/10,17,73,,,43,30,,
2014/02/10,18,73,,,43,29,,
2014/02/10,19,75,,,45,30,,
2014/02/10,20,74,,,43,31,,
2014/02/10,21,72,,,41,31,,
2014/02/10,22,69,,,38,31,,
2014/02/10,23,72,,,41,31,,
2014/02/10,24,68,,,38,31,,
2014/02/11,01,62,,,36,27,,
2014/02/11,02,62,,,37,25,,
2014/02/11,03,58,,,34,24,,
2014/02/11,04,57,,,33,24,,
2014/02/11,05,59,,,38,23,,
2014/02/11,06,46,,,28,17,,
2014/02/11,07,25,,,11,14,,
2014/02/11,08,24,,,12,13,,
2014/02/11,09,23,,,11,12,,
2014/02/11,10,35,,,21,14,,
2014/02/11,11,56,,,37,20,,
2014/02/11,12,59,,,36,23,,
2014/02/11,13,60,,,35,25,,
2014/02/11,14,64,,,37,28,,
2014/02/11,15,70,,,41,29,,
2014/02/11,16,78,,,48,30,,
2014/02/11,17,79,,,48,31,,
2014/02/11,18,76,,,44,32,,
2014/02/11,19,78,,,46,32,,
2014/02/11,20,77,,,46,31,,
2014/02/11,21,79,,,48,29,,
2014/02/11,22,75,,,46,30,,
2014/02/11,23,72,,,44,28,,
2014/02/11,24,66,,,40,26,,
2014/02/12,01,64,,,40,25,,
2014/02/12,02,59,,,35,24,,
2014/02/12,03,54,,,32,23,,
2014/02/12,04,51,,,31,19,,
2014/02/12,05,39,,,24,16,,
2014/02/12,06,32,,,17,15,,
2014/02/12,07,31,,,17,15,,
2014/02/12,08,34,,,18,16,,
2014/02/12,09,30,,,15,15,,
2014/02/12,10,33,,,18,15,,
2014/02/12,11,60,,,36,23,,
2014/02/12,12,62,,,37,25,,
2014/02/12,13,66,,,37,29,,
2014/02/12,14,56,,,30,26,,
2014/02/12,15,53,,,27,26,,
2014/02/12,16,59,,,31,28,,
2014/02/12,17,61,,,31,30,,
2014/02/12,18,73,,,43,30,,
2014/02/12,19,72,,,41,31,,
2014/02/12,20,74,,,43,31,,
2014/02/12,21,75,,,45,30,,
2014/02/12,22,73,,,44,29,,
2014/02/12,23,74,,,44,29,,
2014/02/12,24,69,,,41,28,,
2014/02/13,01,65,,,40,25,,
2014/02/13,02,64,,,41,24,,
2014/02/13,03,59,,,39,22,,
2014/02/13,04,55,,,36,19,,
2014/02/13,05,45,,,30,15,,
2014/02/13,06,34,,,20,14,,
2014/02/13,07,32,,,19,13,,
2014/02/13,08,34,,,19,14,,
2014/02/13,09,30,,,16,13,,
2014/02/13,10,23,,,8,15,,
2014/02/13,11,41,,,19,22,,
2014/02/13,12,52,,,28,23,,
2014/02/13,13,55,,,32,24,,
2014/02/13,14,55,,,29,26,,
2014/02/13,15,52,,,28,24,,
2014/02/13,16,57,,,29,28,,
2014/02/13,17,72,,,43,29,,
2014/02/13,18,69,,,40,29,,
2014/02/13,19,71,,,43,29,,
2014/02/13,20,69,,,40,29,,
2014/02/13,21,68,,,40,29,,
2014/02/13,22,71,,,42,29,,
2014/02/13,23,65,,,37,27,,
2014/02/13,24,64,,,38,25,,
2014/02/14,01,62,,,38,24,,
2014/02/14,02,62,,,38,24,,
2014/02/14,03,58,,,37,21,,
2014/02/14,04,49,,,31,20,,
2014/02/14,05,33,,,15,18,,
2014/02/14,06,28,,,12,16,,
2014/02/14,07,20,,,7,13,,
2014/02/14,08,20,,,8,13,,
2014/02/14,09,22,,,8,13,,
2014/02/14,10,39,,,23,16,,
2014/02/14,11,55,,,35,20,,
2014/02/14,12,58,,,37,21,,
2014/02/14,13,61,,,39,23,,
2014/02/14,14,56,,,31,25,,
2014/02/14,15,67,,,41,26,,
2014/02/14,16,76,,,47,29,,
2014/02/14,17,76,,,47,29,,
2014/02/14,18,83,,,54,28,,
2014/02/14,19,79,,,50,29,,
2014/02/14,20,80,,,51,28,,
2014/02/14,21,84,,,55,29,,
2014/02/14,22,85,,,55,30,,
2014/02/14,23,85,,,55,30,,
2014/02/14,24,81,,,53,27,,
2014/02/15,01,69,,,45,23,,
2014/02/15,02,66,,,43,22,,
2014/02/15,03,65,,,42,23,,
2014/02/15,04,66,,,43,23,,
2014/02/15,05,56,,,35,21,,
2014/02/15,06,51,,,33,19,,
2014/02/15,07,40,,,25,15,,
2014/02/15,08,24,,,11,13,,
2014/02/15,09,21,,,10,12,,
2014/02/15,10,22,,,9,13,,
2014/02/15,11,36,,,18,19,,
2014/02/15,12,47,,,25,22,,
2014/02/15,13,64,,,40,25,,
2014/02/15,14,79,,,51,29,,
2014/02/15,15,84,,,55,29,,
2014/02/15,16,80,,,50,30,,
2014/02/15,17,74,,,45,29,,
2014/02/15,18,76,,,46,29,,
2014/02/15,19,77,,,47,30,,
2014/02/15,20,81,,,50,31,,
2014/02/15,21,78,,,48,30,,
2014/02/15,22,74,,,44,30,,
2014/02/15,23,71,,,42,30,,
2014/02/15,24,73,,,46,26,,
2014/02/16,01,68,,,42,26,,
2014/02/16,02,61,,,36,25,,
2014/02/16,03,61,,,38,23,,
2014/02/16,04,57,,,33,25,,
2014/02/16,05,55,,,33,21,,
2014/02/16,06,42,,,23,19,,
2014/02/16,07,18,,,5,13,,
2014/02/16,08,17,,,5,12,,
2014/02/16,09,15,,,4,12,,
2014/02/16,10,20,,,5,15,,
2014/02/16,11,45,,,26,20,,
2014/02/16,12,46,,,24,23,,
2014/02/16,13,59,,,32,27,,
2014/02/16,14,70,,,41,30,,
2014/02/16,15,83,,,53,30,,
2014/02/16,16,82,,,50,31,,
2014/02/16,17,82,,,50,32,,
2014/02/16,18,82,,,51,31,,
2014/02/16,19,81,,,51,31,,
2014/02/16,20,77,,,47,31,,
2014/02/16,21,81,,,49,32,,
2014/02/16,22,78,,,47,31,,
2014/02/16,23,78,,,47,30,,
2014/02/16,24,74,,,44,29,,
2014/02/17,01,66,,,40,26,,
2014/02/17,02,65,,,41,24,,
2014/02/17,03,61,,,40,22,,
2014/02/17,04,60,,,40,20,,
2014/02/17,05,41,,,23,18,,
2014/02/17,06,29,,,14,14,,
2014/02/17,07,23,,,11,12,,
2014/02/17,08,21,,,10,12,,
2014/02/17,09,23,,,9,14,,
2014/02/17,10,35,,,17,18,,
2014/02/17,11,53,,,31,22,,
2014/02/17,12,55,,,31,24,,
2014/02/17,13,55,,,29,27,,
2014/02/17,14,56,,,28,27,,
2014/02/17,15,56,,,30,27,,
2014/02/17,16,55,,,26,29,,
2014/02/17,17,66,,,36,29,,
2014/02/17,18,76,,,46,30,,
2014/02/17,19,75,,,44,30,,
2014/02/17,20,75,,,46,29,,
2014/02/17,21,75,,,45,30,,
2014/02/17,22,78,,,47,31,,
2014/02/17,23,71,,,43,29,,
2014/02/17,24,66,,,40,27,,
2014/02/18,01,61,,,37,24,,
2014/02/18,02,60,,,35,24,,
2014/02/18,03,59,,,36,23,,
2014/02/18,04,31,,,14,18,,
2014/02/18,05,18,,,5,14,,
2014/02/18,06,17,,,3,14,,
2014/02/18,07,15,,,3,12,,
2014/02/18,08,13,,,2,12,,
2014/02/18,09,14,,,2,12,,
2014/02/18,10,18,,,4,14,,
2014/02/18,11,44,,,24,20,,
2014/02/18,12,54,,,30,24,,
2014/02/18,13,59,,,31,27,,
2014/02/18,14,59,,,31,28,,
2014/02/18,15,56,,,27,29,,
2014/02/18,16,62,,,32,30,,
2014/02/18,17,62,,,33,29,,
2014/02/18,18,62,,,34,28,,
2014/02/18,19,77,,,48,30,,
2014/02/18,20,79,,,47,31,,
2014/02/18,21,75,,,44,31,,
2014/02/18,22,73,,,43,31,,
2014/02/18,23,72,,,42,29,,
2014/02/18,24,70,,,43,27,,
2014/02/19,01,68,,,43,25,,
2014/02/19,02,65,,,40,26,,
2014/02/19,03,62,,,39,23,,
2014/02/19,04,57,,,36,20,,
2014/02/19,05,38,,,23,15,,
2014/02/19,06,19,,,4,14,,
2014/02/19,07,14,,,2,13,,
2014/02/19,08,14,,,2,13,,
2014/02/19,09,17,,,4,13,,
2014/02/19,10,39,,,23,17,,
2014/02/19,11,50,,,28,23,,
2014/02/19,12,54,,,31,22,,
2014/02/19,13,61,,,34,26,,
2014/02/19,14,60,,,34,26,,
2014/02/19,15,56,,,32,26,,
2014/02/19,16,56,,,27,29,,
2014/02/19,17,60,,,31,29,,
2014/02/19,18,61,,,31,30,,
2014/02/19,19,74,,,43,30,,
2014/02/19,20,77,,,46,30,,
2014/02/19,21,76,,,46,31,,
2014/02/19,22,73,,,42,32,,
2014/02/19,23,76,,,45,30,,
2014/02/19,24,64,,,38,26,,
2014/02/20,01,64,,,38,25,,
2014/02/20,02,65,,,41,25,,
2014/02/20,03,63,,,40,23,,
2014/02/20,04,57,,,36,22,,
2014/02/20,05,40,,,24,16,,
2014/02/20,06,26,,,12,14,,
2014/02/20,07,14,,,3,11,,
2014/02/20,08,12,,,2,10,,
2014/02/20,09,12,,,2,10,,
2014/02/20,10,14,,,2,11,,
2014/02/20,11,37,,,16,20,,
2014/02/20,12,46,,,24,22,,
2014/02/20,13,52,,,29,23,,
2014/02/20,14,51,,,29,23,,
2014/02/20,15,50,,,28,22,,
2014/02/20,16,56,,,29,28,,
2014/02/20,17,65,,,37,28,,
2014/02/20,18,61,,,33,28,,
2014/02/20,19,67,,,39,28,,
2014/02/20,20,74,,,44,30,,
2014/02/20,21,71,,,41,30,,
2014/02/20,22,72,,,42,30,,
2014/02/20,23,71,,,41,30,,
2014/02/20,24,72,,,45,28,,
2014/02/21,01,62,,,37,24,,
2014/02/21,02,63,,,38,25,,
2014/02/21,03,49,,,29,21,,
2014/02/21,04,35,,,17,18,,
2014/02/21,05,34,,,17,17,,
2014/02/21,06,29,,,14,15,,
2014/02/21,07,22,,,9,14,,
2014/02/21,08,24,,,10,14,,
2014/02/21,09,26,,,10,16,,
2014/02/21,10,40,,,20,20,,
2014/02/21,11,46,,,24,22,,
2014/02/21,12,60,,,34,26,,
2014/02/21,13,65,,,39,27,,
2014/02/21,14,58,,,31,26,,
2014/02/21,15,56,,,29,27,,
2014/02/21,16,60,,,32,29,,
2014/02/21,17,61,,,31,30,,
2014/02/21,18,64,,,35,29,,
2014/02/21,19,82,,,50,31,,
2014/02/21,20,82,,,50,32,,
2014/02/21,21,78,,,46,33,,
2014/02/21,22,72,,,41,33,,
2014/02/21,23,77,,,46,31,,
2014/02/21,24,73,,,45,29,,
2014/02/22,01,71,,,46,26,,
2014/02/22,02,68,,,44,25,,
2014/02/22,03,59,,,35,24,,
2014/02/22,04,55,,,32,23,,
2014/02/22,05,50,,,30,20,,
2014/02/22,06,29,,,12,17,,
2014/02/22,07,27,,,13,14,,
2014/02/22,08,26,,,14,12,,
2014/02/22,09,25,,,13,13,,
2014/02/22,10,38,,,21,16,,
2014/02/22,11,52,,,33,19,,
2014/02/22,12,53,,,32,21,,
2014/02/22,13,57,,,33,24,,
2014/02/22,14,62,,,34,29,,
2014/02/22,15,66,,,38,28,,
2014/02/22,16,72,,,42,29,,
2014/02/22,17,74,,,43,31,,
2014/02/22,18,76,,,46,31,,
2014/02/22,19,71,,,39,32,,
2014/02/22,20,71,,,41,31,,
2014/02/22,21,71,,,39,32,,
2014/02/22,22,71,,,40,32,,
2014/02/22,23,75,,,42,33,,
2014/02/22,24,73,,,45,28,,
2014/02/23,01,70,,,44,26,,
2014/02/23,02,67,,,41,26,,
2014/02/23,03,68,,,42,26,,
2014/02/23,04,64,,,39,26,,
2014/02/23,05,63,,,40,23,,
2014/02/23,06,54,,,35,20,,
2014/02/23,07,40,,,24,17,,
2014/02/23,08,36,,,22,14,,
2014/02/23,09,35,,,21,14,,
2014/02/23,10,27,,,12,15,,
2014/02/23,11,43,,,21,23,,
2014/02/23,12,52,,,29,24,,
2014/02/23,13,56,,,29,26,,
2014/02/23,14,59,,,31,28,,
2014/02/23,15,69,,,39,30,,
2014/02/23,16,72,,,41,31,,
2014/02/23,17,72,,,42,31,,
2014/02/23,18,77,,,45,32,,
2014/02/23,19,74,,,42,32,,
2014/02/23,20,75,,,42,33,,
2014/02/23,21,72,,,40,32,,
2014/02/23,22,72,,,40,32,,
2014/02/23,23,69,,,39,30,,
2014/02/23,24,66,,,39,28,,
2014/02/24,01,69,,,44,25,,
2014/02/24,02,66,,,41,26,,
2014/02/24,03,58,,,35,24,,
2014/02/24,04,55,,,35,21,,
2014/02/24,05,51,,,33,19,,
2014/02/24,06,48,,,30,17,,
2014/02/24,07,37,,,21,15,,
2014/02/24,08,27,,,13,14,,
2014/02/24,09,26,,,13,14,,
2014/02/24,10,42,,,28,17,,
2014/02/24,11,56,,,35,22,,
2014/02/24,12,60,,,37,22,,
2014/02/24,13,65,,,40,27,,
2014/02/24,14,64,,,36,26,,
2014/02/24,15,60,,,35,25,,
2014/02/24,16,62,,,36,27,,
2014/02/24,17,68,,,38,29,,
2014/02/24,18,69,,,40,29,,
2014/02/24,19,74,,,46,29,,
2014/02/24,20,75,,,45,30,,
2014/02/24,21,70,,,40,29,,
2014/02/24,22,70,,,41,29,,
2014/02/24,23,64,,,36,28,,
2014/02/24,24,59,,,33,26,,
2014/02/25,01,57,,,32,24,,
2014/02/25,02,52,,,28,24,,
2014/02/25,03,52,,,30,22,,
2014/02/25,04,47,,,29,18,,
2014/02/25,05,38,,,23,17,,
2014/02/25,06,42,,,25,16,,
2014/02/25,07,34,,,18,16,,
2014/02/25,08,30,,,16,16,,
2014/02/25,09,27,,,13,14,,
2014/02/25,10,25,,,10,15,,
2014/02/25,11,34,,,13,21,,
2014/02/25,12,49,,,25,25,,
2014/02/25,13,54,,,28,26,,
2014/02/25,14,57,,,29,27,,
2014/02/25,15,64,,,36,29,,
2014/02/25,16,61,,,33,29,,
2014/02/25,17,69,,,40,29,,
2014/02/25,18,74,,,44,30,,
2014/02/25,19,71,,,41,30,,
2014/02/25,20,64,,,35,29,,
2014/02/25,21,66,,,37,30,,
2014/02/25,22,69,,,39,30,,
2014/02/25,23,67,,,37,29,,
2014/02/25,24,60,,,35,25,,
2014/02/26,01,57,,,32,24,,
2014/02/26,02,56,,,31,24,,
2014/02/26,03,47,,,25,22,,
2014/02/26,04,49,,,29,20,,
2014/02/26,05,41,,,26,15,,
2014/02/26,06,38,,,25,13,,
2014/02/26,07,37,,,23,13,,
2014/02/26,08,34,,,20,14,,
2014/02/26,09,32,,,19,14,,
2014/02/26,10,38,,,21,17,,
2014/02/26,11,50,,,26,24,,
2014/02/26,12,51,,,27,24,,
2014/02/26,13,52,,,26,27,,
2014/02/26,14,54,,,26,28,,
2014/02/26,15,61,,,33,28,,
2014/02/26,16,56,,,27,28,,
2014/02/26,17,62,,,33,29,,
2014/02/26,18,60,,,32,29,,
2014/02/26,19,59,,,29,30,,
2014/02/26,20,63,,,33,31,,
2014/02/26,21,59,,,29,31,,
2014/02/26,22,61,,,32,28,,
2014/02/26,23,57,,,29,28,,
2014/02/26,24,55,,,29,26,,
2014/02/27,01,54,,,31,25,,
2014/02/27,02,48,,,25,23,,
2014/02/27,03,45,,,23,21,,
2014/02/27,04,41,,,24,17,,
2014/02/27,05,29,,,13,16,,
2014/02/27,06,27,,,13,15,,
2014/02/27,07,25,,,10,15,,
2014/02/27,08,23,,,10,13,,
2014/02/27,09,25,,,12,14,,
2014/02/27,10,25,,,11,14,,
2014/02/27,11,29,,,11,18,,
2014/02/27,12,45,,,21,24,,
2014/02/27,13,57,,,30,27,,
2014/02/27,14,58,,,31,28,,
2014/02/27,15,63,,,34,29,,
2014/02/27,16,61,,,33,28,,
2014/02/27,17,61,,,32,29,,
2014/02/27,18,60,,,30,30,,
2014/02/27,19,59,,,28,30,,
2014/02/27,20,62,,,30,31,,
2014/02/27,21,64,,,33,31,,
2014/02/27,22,64,,,34,30,,
2014/02/27,23,62,,,32,30,,
2014/02/27,24,57,,,29,27,,
2014/02/28,01,50,,,25,26,,
2014/02/28,02,47,,,22,25,,
2014/02/28,03,40,,,17,23,,
2014/02/28,04,37,,,17,20,,
2014/02/28,05,25,,,6,19,,
2014/02/28,06,17,,,3,15,,
2014/02/28,07,15,,,3,12,,
2014/02/28,08,13,,,3,11,,
2014/02/28,09,13,,,2,11,,
2014/02/28,10,20,,,5,15,,
2014/02/28,11,27,,,6,21,,
2014/02/28,12,36,,,12,24,,
2014/02/28,13,44,,,17,27,,
2014/02/28,14,46,,,19,27,,
2014/02/28,15,49,,,21,28,,
2014/02/28,16,54,,,25,28,,
2014/02/28,17,65,,,34,31,,
2014/02/28,18,59,,,28,30,,
2014/02/28,19,62,,,30,32,,
2014/02/28,20,66,,,33,34,,
2014/02/28,21,67,,,34,32,,
2014/02/28,22,64,,,32,31,,
2014/02/28,23,64,,,33,31,,
2014/02/28,24,61,,,32,29,,
2014/03/01,01,58,,,31,27,,
2014/03/01,02,48,,,22,25,,
2014/03/01,03,45,,,22,25,,
2014/03/01,04,48,,,24,25,,
2014/03/01,05,44,,,23,21,,
2014/03/01,06,36,,,16,20,,
2014/03/01,07,28,,,11,18,,
2014/03/01,08,17,,,4,14,,
2014/03/01,09,17,,,4,14,,
2014/03/01,10,24,,,9,15,,
2014/03/01,11,38,,,18,20,,
2014/03/01,12,42,,,18,24,,
2014/03/01,13,54,,,28,26,,
2014/03/01,14,59,,,30,29,,
2014/03/01,15,59,,,30,29,,
2014/03/01,16,61,,,31,29,,
2014/03/01,17,69,,,38,31,,
2014/03/01,18,66,,,36,31,,
2014/03/01,19,60,,,29,31,,
2014/03/01,20,62,,,30,32,,
2014/03/01,21,61,,,29,33,,
2014/03/01,22,53,,,23,32,,
2014/03/01,23,54,,,23,31,,
2014/03/01,24,50,,,21,29,,
2014/03/02,01,47,,,21,26,,
2014/03/02,02,41,,,17,24,,
2014/03/02,03,38,,,15,24,,
2014/03/02,04,40,,,17,23,,
2014/03/02,05,39,,,18,21,,
2014/03/02,06,29,,,11,17,,
2014/03/02,07,20,,,6,14,,
2014/03/02,08,18,,,7,12,,
2014/03/02,09,16,,,5,11,,
2014/03/02,10,19,,,6,14,,
2014/03/02,11,31,,,12,20,,
2014/03/02,12,47,,,22,26,,
2014/03/02,13,58,,,31,27,,
2014/03/02,14,63,,,34,29,,
2014/03/02,15,64,,,35,30,,
2014/03/02,16,61,,,32,29,,
2014/03/02,17,76,,,44,32,,
2014/03/02,18,78,,,46,31,,
2014/03/02,19,79,,,47,31,,
2014/03/02,20,79,,,46,32,,
2014/03/02,21,77,,,46,31,,
2014/03/02,22,76,,,44,32,,
2014/03/02,23,74,,,44,29,,
2014/03/02,24,71,,,44,28,,
2014/03/03,01,63,,,37,26,,
2014/03/03,02,60,,,36,25,,
2014/03/03,03,57,,,35,23,,
2014/03/03,04,53,,,34,19,,
2014/03/03,05,47,,,30,17,,
2014/03/03,06,40,,,25,15,,
2014/03/03,07,30,,,18,12,,
2014/03/03,08,28,,,16,12,,
2014/03/03,09,29,,,15,13,,
2014/03/03,10,26,,,10,16,,
2014/03/03,11,39,,,17,22,,
2014/03/03,12,50,,,26,24,,
2014/03/03,13,53,,,29,25,,
2014/03/03,14,59,,,34,27,,
2014/03/03,15,58,,,33,26,,
2014/03/03,16,61,,,33,29,,
2014/03/03,17,59,,,31,28,,
2014/03/03,18,68,,,39,29,,
2014/03/03,19,73,,,45,28,,
2014/03/03,20,76,,,45,30,,
2014/03/03,21,77,,,48,29,,
2014/03/03,22,74,,,44,30,,
2014/03/03,23,69,,,43,28,,
2014/03/03,24,63,,,38,26,,
2014/03/04,01,57,,,34,23,,
2014/03/04,02,50,,,26,23,,
2014/03/04,03,48,,,26,23,,
2014/03/04,04,44,,,25,18,,
2014/03/04,05,39,,,23,16,,
2014/03/04,06,23,,,11,14,,
2014/03/04,07,11,,,3,10,,
2014/03/04,08,12,,,2,10,,
2014/03/04,09,11,,,2,11,,
2014/03/04,10,18,,,6,13,,
2014/03/04,11,36,,,17,19,,
2014/03/04,12,47,,,25,22,,
2014/03/04,13,49,,,28,22,,
2014/03/04,14,50,,,29,22,,
2014/03/04,15,51,,,28,23,,
2014/03/04,16,57,,,29,28,,
2014/03/04,17,58,,,30,28,,
2014/03/04,18,60,,,31,27,,
2014/03/04,19,59,,,31,29,,
2014/03/04,20,57,,,29,29,,
2014/03/04,21,59,,,31,29,,
2014/03/04,22,60,,,31,29,,
2014/03/04,23,59,,,32,28,,
2014/03/04,24,55,,,29,26,,
2014/03/05,01,50,,,26,25,,
2014/03/05,02,51,,,27,25,,
2014/03/05,03,54,,,32,22,,
2014/03/05,04,53,,,33,20,,
2014/03/05,05,45,,,26,19,,
2014/03/05,06,39,,,24,15,,
2014/03/05,07,34,,,21,14,,
2014/03/05,08,31,,,18,13,,
2014/03/05,09,31,,,18,13,,
2014/03/05,10,32,,,17,14,,
2014/03/05,11,48,,,25,22,,
2014/03/05,12,49,,,27,22,,
2014/03/05,13,56,,,31,26,,
2014/03/05,14,57,,,30,28,,
2014/03/05,15,54,,,28,27,,
2014/03/05,16,57,,,28,29,,
2014/03/05,17,69,,,40,28,,
2014/03/05,18,73,,,45,30,,
2014/03/05,19,73,,,44,29,,
2014/03/05,20,77,,,47,30,,
2014/03/05,21,77,,,47,30,,
2014/03/05,22,73,,,42,31,,
2014/03/05,23,69,,,40,29,,
2014/03/05,24,57,,,32,25,,
2014/03/06,01,55,,,29,25,,
2014/03/06,02,52,,,28,24,,
2014/03/06,03,48,,,26,23,,
2014/03/06,04,45,,,25,20,,
2014/03/06,05,38,,,21,17,,
2014/03/06,06,32,,,17,15,,
2014/03/06,07,24,,,13,11,,
2014/03/06,08,19,,,9,10,,
2014/03/06,09,20,,,10,10,,
2014/03/06,10,25,,,12,13,,
2014/03/06,11,43,,,22,21,,
2014/03/06,12,49,,,27,21,,
2014/03/06,13,63,,,37,26,,
2014/03/06,14,62,,,36,26,,
2014/03/06,15,65,,,38,27,,
2014/03/06,16,68,,,39,29,,
2014/03/06,17,65,,,37,28,,
2014/03/06,18,68,,,40,28,,
2014/03/06,19,67,,,40,29,,
2014/03/06,20,69,,,39,30,,
2014/03/06,21,68,,,40,29,,
2014/03/06,22,76,,,46,30,,
2014/03/06,23,66,,,39,28,,
2014/03/06,24,61,,,37,24,,
2014/03/07,01,63,,,39,24,,
2014/03/07,02,67,,,44,23,,
2014/03/07,03,63,,,41,23,,
2014/03/07,04,49,,,29,20,,
2014/03/07,05,31,,,18,14,,
2014/03/07,06,3,,,2,2,,
2014/03/07,07,8,,,1,6,,
2014/03/07,08,12,,,3,11,,
2014/03/07,09,13,,,2,11,,
2014/03/07,10,19,,,6,14,,
2014/03/07,11,41,,,21,19,,
2014/03/07,12,54,,,30,24,,
2014/03/07,13,59,,,32,27,,
2014/03/07,14,56,,,29,26,,
2014/03/07,15,56,,,30,27,,
2014/03/07,16,59,,,32,28,,
2014/03/07,17,62,,,34,28,,
2014/03/07,18,74,,,45,29,,
2014/03/07,19,80,,,50,31,,
2014/03/07,20,79,,,46,33,,
2014/03/07,21,74,,,43,30,,
2014/03/07,22,71,,,40,31,,
2014/03/07,23,67,,,38,29,,
2014/03/07,24,66,,,38,28,,
2014/03/08,01,62,,,37,25,,
2014/03/08,02,54,,,29,24,,
2014/03/08,03,48,,,25,24,,
2014/03/08,04,52,,,30,22,,
2014/03/08,05,51,,,31,21,,
2014/03/08,06,39,,,21,18,,
2014/03/08,07,18,,,5,13,,
2014/03/08,08,13,,,2,11,,
2014/03/08,09,14,,,2,11,,
2014/03/08,10,34,,,18,16,,
2014/03/08,11,49,,,29,20,,
2014/03/08,12,49,,,27,22,,
2014/03/08,13,54,,,28,26,,
2014/03/08,14,61,,,32,29,,
2014/03/08,15,77,,,47,31,,
2014/03/08,16,78,,,47,32,,
2014/03/08,17,77,,,45,32,,
2014/03/08,18,72,,,41,31,,
2014/03/08,19,71,,,41,31,,
2014/03/08,20,72,,,40,32,,
2014/03/08,21,70,,,38,31,,
2014/03/08,22,71,,,40,31,,
2014/03/08,23,69,,,39,29,,
2014/03/08,24,68,,,40,28,,
2014/03/09,01,68,,,42,27,,
2014/03/09,02,68,,,43,25,,
2014/03/09,03,62,,,37,25,,
2014/03/09,04,55,,,31,24,,
2014/03/09,05,57,,,35,22,,
2014/03/09,06,49,,,29,20,,
2014/03/09,07,39,,,24,15,,
2014/03/09,08,35,,,21,14,,
2014/03/09,09,29,,,16,13,,
2014/03/09,10,29,,,14,15,,
2014/03/09,11,39,,,20,19,,
2014/03/09,12,48,,,24,25,,
2014/03/09,13,57,,,31,26,,
2014/03/09,14,76,,,46,29,,
2014/03/09,15,76,,,46,31,,
2014/03/09,16,76,,,45,31,,
2014/03/09,17,77,,,44,31,,
2014/03/09,18,74,,,43,31,,
2014/03/09,19,72,,,41,32,,
2014/03/09,20,75,,,42,33,,
2014/03/09,21,75,,,43,32,,
2014/03/09,22,70,,,38,31,,
2014/03/09,23,69,,,40,29,,
2014/03/09,24,67,,,41,26,,
2014/03/10,01,64,,,38,26,,
2014/03/10,02,66,,,41,25,,
2014/03/10,03,64,,,40,24,,
2014/03/10,04,45,,,25,21,,
2014/03/10,05,37,,,20,18,,
2014/03/10,06,18,,,4,14,,
2014/03/10,07,12,,,2,11,,
2014/03/10,08,13,,,3,10,,
2014/03/10,09,11,,,2,10,,
2014/03/10,10,15,,,3,13,,
2014/03/10,11,36,,,14,21,,
2014/03/10,12,48,,,25,23,,
2014/03/10,13,53,,,28,26,,
2014/03/10,14,54,,,28,26,,
2014/03/10,15,55,,,30,25,,
2014/03/10,16,59,,,32,27,,
2014/03/10,17,71,,,43,29,,
2014/03/10,18,71,,,42,29,,
2014/03/10,19,70,,,40,30,,
2014/03/10,20,73,,,43,30,,
2014/03/10,21,72,,,44,29,,
2014/03/10,22,69,,,41,28,,
2014/03/10,23,70,,,43,27,,
2014/03/10,24,61,,,37,24,,
2014/03/11,01,68,,,44,24,,
2014/03/11,02,68,,,45,24,,
2014/03/11,03,60,,,39,21,,
2014/03/11,04,44,,,27,17,,
2014/03/11,05,32,,,17,15,,
2014/03/11,06,23,,,9,13,,
2014/03/11,07,19,,,9,11,,
2014/03/11,08,19,,,10,10,,
2014/03/11,09,18,,,8,10,,
2014/03/11,10,21,,,9,12,,
2014/03/11,11,37,,,19,18,,
2014/03/11,12,43,,,23,20,,
2014/03/11,13,60,,,35,26,,
2014/03/11,14,71,,,43,28,,
2014/03/11,15,72,,,45,27,,
2014/03/11,16,69,,,41,28,,
2014/03/11,17,73,,,45,28,,
2014/03/11,18,73,,,44,30,,
2014/03/11,19,71,,,40,31,,
2014/03/11,20,73,,,43,29,,
2014/03/11,21,74,,,45,31,,
2014/03/11,22,71,,,40,30,,
2014/03/11,23,73,,,45,29,,
2014/03/11,24,72,,,43,29,,
2014/03/12,01,66,,,40,26,,
2014/03/12,02,63,,,40,23,,
2014/03/12,03,55,,,34,21,,
2014/03/12,04,43,,,26,17,,
2014/03/12,05,25,,,10,15,,
2014/03/12,06,19,,,7,13,,
2014/03/12,07,18,,,6,13,,
2014/03/12,08,18,,,5,13,,
2014/03/12,09,20,,,6,15,,
2014/03/12,10,23,,,7,17,,
2014/03/12,11,40,,,17,23,,
2014/03/12,12,42,,,19,23,,
2014/03/12,13,54,,,27,27,,
2014/03/12,14,63,,,35,27,,
2014/03/12,15,58,,,32,27,,
2014/03/12,16,58,,,30,29,,
2014/03/12,17,56,,,28,28,,
2014/03/12,18,63,,,34,29,,
2014/03/12,19,64,,,34,31,,
2014/03/12,20,62,,,31,31,,
2014/03/12,21,62,,,32,31,,
2014/03/12,22,65,,,34,30,,
2014/03/12,23,62,,,34,28,,
2014/03/12,24,61,,,33,28,,
2014/03/13,01,60,,,34,26,,
2014/03/13,02,59,,,34,25,,
2014/03/13,03,52,,,30,21,,
2014/03/13,04,42,,,24,18,,
2014/03/13,05,29,,,13,15,,
2014/03/13,06,17,,,4,13,,
2014/03/13,07,12,,,1,10,,
2014/03/13,08,12,,,2,10,,
2014/03/13,09,13,,,2,11,,
2014/03/13,10,19,,,5,14,,
2014/03/13,11,31,,,12,19,,
2014/03/13,12,39,,,15,24,,
2014/03/13,13,43,,,18,26,,
2014/03/13,14,53,,,26,27,,
2014/03/13,15,57,,,29,27,,
2014/03/13,16,61,,,31,29,,
2014/03/13,17,58,,,30,29,,
2014/03/13,18,58,,,29,29,,
2014/03/13,19,60,,,30,30,,
2014/03/13,20,60,,,31,30,,
2014/03/13,21,59,,,29,31,,
2014/03/13,22,62,,,32,30,,
2014/03/13,23,51,,,25,27,,
2014/03/13,24,44,,,19,25,,
2014/03/14,01,44,,,21,23,,
2014/03/14,02,42,,,20,23,,
2014/03/14,03,39,,,18,21,,
2014/03/14,04,31,,,13,19,,
2014/03/14,05,21,,,4,17,,
2014/03/14,06,16,,,3,13,,
2014/03/14,07,15,,,2,13,,
2014/03/14,08,15,,,2,13,,
2014/03/14,09,16,,,2,14,,
2014/03/14,10,29,,,13,17,,
2014/03/14,11,44,,,21,23,,
2014/03/14,12,47,,,26,23,,
2014/03/14,13,57,,,30,27,,
2014/03/14,14,60,,,33,26,,
2014/03/14,15,58,,,31,27,,
2014/03/14,16,58,,,30,29,,
2014/03/14,17,66,,,39,28,,
2014/03/14,18,74,,,45,31,,
2014/03/14,19,73,,,41,32,,
2014/03/14,20,70,,,39,31,,
2014/03/14,21,71,,,41,31,,
2014/03/14,22,69,,,37,32,,
2014/03/14,23,65,,,34,31,,
2014/03/14,24,62,,,33,28,,
2014/03/15,01,60,,,33,28,,
2014/03/15,02,55,,,31,25,,
2014/03/15,03,48,,,25,23,,
2014/03/15,04,43,,,20,23,,
2014/03/15,05,33,,,14,21,,
2014/03/15,06,22,,,6,17,,
2014/03/15,07,18,,,4,14,,
2014/03/15,08,15,,,3,12,,
2014/03/15,09,15,,,2,13,,
2014/03/15,10,34,,,17,16,,
2014/03/15,11,47,,,27,20,,
2014/03/15,12,51,,,27,23,,
2014/03/15,13,55,,,30,26,,
2014/03/15,14,61,,,33,27,,
2014/03/15,15,62,,,34,28,,
2014/03/15,16,76,,,47,30,,
2014/03/15,17,72,,,41,31,,
2014/03/15,18,71,,,40,31,,
2014/03/15,19,73,,,42,33,,
2014/03/15,20,70,,,40,31,,
2014/03/15,21,72,,,41,31,,
2014/03/15,22,72,,,40,33,,
2014/03/15,23,69,,,39,29,,
2014/03/15,24,66,,,37,29,,
2014/03/16,01,66,,,37,29,,
2014/03/16,02,67,,,40,27,,
2014/03/16,03,64,,,39,26,,
2014/03/16,04,58,,,34,24,,
2014/03/16,05,62,,,39,22,,
2014/03/16,06,55,,,36,19,,
2014/03/16,07,27,,,13,14,,
2014/03/16,08,14,,,3,11,,
2014/03/16,09,14,,,3,12,,
2014/03/16,10,20,,,5,15,,
2014/03/16,11,32,,,13,19,,
2014/03/16,12,40,,,17,23,,
2014/03/16,13,46,,,21,25,,
2014/03/16,14,51,,,23,28,,
2014/03/16,15,59,,,31,28,,
2014/03/16,16,64,,,34,30,,
2014/03/16,17,64,,,32,32,,
2014/03/16,18,62,,,32,31,,
2014/03/16,19,63,,,32,32,,
2014/03/16,20,66,,,34,32,,
2014/03/16,21,64,,,33,31,,
2014/03/16,22,60,,,28,31,,
2014/03/16,23,54,,,27,28,,
2014/03/16,24,49,,,22,28,,
2014/03/17,01,46,,,20,26,,
2014/03/17,02,44,,,20,24,,
2014/03/17,03,41,,,18,21,,
2014/03/17,04,39,,,19,20,,
2014/03/17,05,36,,,19,17,,
2014/03/17,06,30,,,15,15,,
2014/03/17,07,23,,,11,12,,
2014/03/17,08,15,,,3,12,,
2014/03/17,09,15,,,2,12,,
2014/03/17,10,21,,,6,17,,
2014/03/17,11,33,,,11,22,,
2014/03/17,12,37,,,14,23,,
2014/03/17,13,42,,,17,26,,
2014/03/17,14,44,,,16,26,,
2014/03/17,15,42,,,16,25,,
2014/03/17,16,54,,,25,30,,
2014/03/17,17,59,,,33,28,,
2014/03/17,18,59,,,30,30,,
2014/03/17,19,56,,,25,31,,
2014/03/17,20,54,,,23,30,,
2014/03/17,21,54,,,23,30,,
2014/03/17,22,52,,,22,30,,
2014/03/17,23,49,,,20,29,,
2014/03/17,24,47,,,21,26,,
2014/03/18,01,43,,,17,25,,
2014/03/18,02,40,,,16,25,,
2014/03/18,03,33,,,10,23,,
2014/03/18,04,28,,,8,21,,
2014/03/18,05,24,,,7,18,,
2014/03/18,06,22,,,5,17,,
2014/03/18,07,15,,,4,11,,
2014/03/18,08,12,,,2,10,,
2014/03/18,09,11,,,2,10,,
2014/03/18,10,15,,,3,12,,
2014/03/18,11,32,,,10,22,,
2014/03/18,12,41,,,16,25,,
2014/03/18,13,49,,,23,26,,
2014/03/18,14,52,,,26,26,,
2014/03/18,15,54,,,27,27,,
2014/03/18,16,58,,,28,29,,
2014/03/18,17,60,,,31,29,,
2014/03/18,18,55,,,25,30,,
2014/03/18,19,56,,,24,32,,
2014/03/18,20,51,,,20,32,,
2014/03/18,21,56,,,24,31,,
2014/03/18,22,55,,,24,31,,
2014/03/18,23,45,,,18,28,,
2014/03/18,24,42,,,15,27,,
2014/03/19,01,41,,,17,24,,
2014/03/19,02,38,,,15,23,,
2014/03/19,03,38,,,17,21,,
2014/03/19,04,30,,,11,20,,
2014/03/19,05,18,,,3,15,,
2014/03/19,06,17,,,3,14,,
2014/03/19,07,16,,,3,14,,
2014/03/19,08,17,,,4,13,,
2014/03/19,09,19,,,6,13,,
2014/03/19,10,39,,,22,16,,
2014/03/19,11,47,,,25,23,,
2014/03/19,12,49,,,26,23,,
2014/03/19,13,55,,,29,27,,
2014/03/19,14,57,,,29,28,,
2014/03/19,15,55,,,28,27,,
2014/03/19,16,53,,,27,28,,
2014/03/19,17,57,,,27,30,,
2014/03/19,18,65,,,34,31,,
2014/03/19,19,71,,,38,31,,
2014/03/19,20,69,,,38,32,,
2014/03/19,21,67,,,36,32,,
2014/03/19,22,62,,,31,32,,
2014/03/19,23,58,,,28,30,,
2014/03/19,24,58,,,29,28,,
2014/03/20,01,51,,,24,26,,
2014/03/20,02,47,,,22,25,,
2014/03/20,03,48,,,25,23,,
2014/03/20,04,45,,,23,21,,
2014/03/20,05,41,,,21,19,,
2014/03/20,06,35,,,18,17,,
2014/03/20,07,24,,,12,12,,
2014/03/20,08,21,,,9,11,,
2014/03/20,09,20,,,9,11,,
2014/03/20,10,23,,,9,16,,
2014/03/20,11,32,,,12,20,,
2014/03/20,12,41,,,18,23,,
2014/03/20,13,55,,,29,27,,
2014/03/20,14,55,,,28,27,,
2014/03/20,15,53,,,26,27,,
2014/03/20,16,56,,,28,28,,
2014/03/20,17,57,,,29,29,,
2014/03/20,18,60,,,30,31,,
2014/03/20,19,63,,,30,31,,
2014/03/20,20,62,,,29,33,,
2014/03/20,21,65,,,33,32,,
2014/03/20,22,64,,,32,32,,
2014/03/20,23,61,,,30,30,,
2014/03/20,24,56,,,27,30,,
2014/03/21,01,57,,,31,27,,
2014/03/21,02,47,,,23,25,,
2014/03/21,03,44,,,21,24,,
2014/03/21,04,41,,,18,23,,
2014/03/21,05,40,,,17,23,,
2014/03/21,06,34,,,16,19,,
2014/03/21,07,23,,,9,13,,
2014/03/21,08,21,,,9,13,,
2014/03/21,09,22,,,8,13,,
2014/03/21,10,28,,,11,17,,
2014/03/21,11,37,,,16,21,,
2014/03/21,12,49,,,25,24,,
2014/03/21,13,56,,,29,27,,
2014/03/21,14,59,,,31,28,,
2014/03/21,15,61,,,32,28,,
2014/03/21,16,60,,,31,29,,
2014/03/21,17,63,,,32,31,,
2014/03/21,18,69,,,38,31,,
2014/03/21,19,68,,,37,31,,
2014/03/21,20,70,,,38,32,,
2014/03/21,21,71,,,40,31,,
2014/03/21,22,71,,,41,31,,
2014/03/21,23,64,,,36,28,,
2014/03/21,24,56,,,29,27,,
2014/03/22,01,54,,,30,26,,
2014/03/22,02,55,,,31,25,,
2014/03/22,03,56,,,32,24,,
2014/03/22,04,52,,,29,23,,
2014/03/22,05,45,,,24,21,,
2014/03/22,06,42,,,23,19,,
2014/03/22,07,28,,,13,15,,
2014/03/22,08,21,,,9,12,,
2014/03/22,09,22,,,8,13,,
2014/03/22,10,35,,,19,16,,
2014/03/22,11,46,,,26,20,,
2014/03/22,12,53,,,29,24,,
2014/03/22,13,57,,,31,26,,
2014/03/22,14,66,,,37,29,,
2014/03/22,15,69,,,39,30,,
2014/03/22,16,67,,,37,30,,
2014/03/22,17,70,,,39,32,,
2014/03/22,18,74,,,41,32,,
2014/03/22,19,71,,,40,32,,
2014/03/22,20,69,,,35,33,,
2014/03/22,21,68,,,35,33,,
2014/03/22,22,65,,,34,32,,
2014/03/22,23,66,,,36,32,,
2014/03/22,24,65,,,35,30,,
2014/03/23,01,61,,,34,27,,
2014/03/23,02,56,,,30,25,,
2014/03/23,03,55,,,31,25,,
2014/03/23,04,51,,,28,23,,
2014/03/23,05,43,,,21,22,,
2014/03/23,06,35,,,17,18,,
2014/03/23,07,23,,,9,14,,
2014/03/23,08,12,,,2,10,,
2014/03/23,09,13,,,2,10,,
2014/03/23,10,31,,,15,16,,
2014/03/23,11,41,,,19,22,,
2014/03/23,12,46,,,22,24,,
2014/03/23,13,46,,,20,26,,
2014/03/23,14,52,,,24,29,,
2014/03/23,15,56,,,27,29,,
2014/03/23,16,54,,,25,29,,
2014/03/23,17,56,,,26,31,,
2014/03/23,18,58,,,26,31,,
2014/03/23,19,57,,,26,30,,
2014/03/23,20,57,,,27,31,,
2014/03/23,21,57,,,27,30,,
2014/03/23,22,56,,,27,30,,
2014/03/23,23,60,,,30,29,,
2014/03/23,24,53,,,26,27,,
2014/03/24,01,48,,,24,24,,
2014/03/24,02,42,,,18,24,,
2014/03/24,03,40,,,17,22,,
2014/03/24,04,39,,,20,20,,
2014/03/24,05,33,,,17,16,,
2014/03/24,06,29,,,14,15,,
2014/03/24,07,26,,,12,14,,
2014/03/24,08,24,,,11,13,,
2014/03/24,09,19,,,7,12,,
2014/03/24,10,20,,,4,16,,
2014/03/24,11,29,,,8,21,,
2014/03/24,12,39,,,15,24,,
2014/03/24,13,51,,,24,26,,
2014/03/24,14,51,,,25,27,,
2014/03/24,15,52,,,25,27,,
2014/03/24,16,55,,,27,28,,
2014/03/24,17,56,,,27,29,,
2014/03/24,18,54,,,25,29,,
2014/03/24,19,53,,,21,32,,
2014/03/24,20,61,,,28,33,,
2014/03/24,21,63,,,31,31,,
2014/03/24,22,57,,,27,31,,
2014/03/24,23,55,,,27,29,,
2014/03/24,24,56,,,29,27,,
2014/03/25,01,52,,,26,26,,
2014/03/25,02,51,,,25,25,,
2014/03/25,03,45,,,21,24,,
2014/03/25,04,34,,,15,21,,
2014/03/25,05,27,,,9,18,,
2014/03/25,06,22,,,6,16,,
2014/03/25,07,15,,,2,13,,
2014/03/25,08,12,,,2,11,,
2014/03/25,09,12,,,2,11,,
2014/03/25,10,18,,,4,14,,
2014/03/25,11,30,,,10,20,,
2014/03/25,12,39,,,15,24,,
2014/03/25,13,43,,,16,26,,
2014/03/25,14,46,,,20,26,,
2014/03/25,15,49,,,21,28,,
2014/03/25,16,50,,,22,28,,
2014/03/25,17,49,,,21,28,,
2014/03/25,18,52,,,22,30,,
2014/03/25,19,51,,,19,31,,
2014/03/25,20,55,,,24,31,,
2014/03/25,21,55,,,25,31,,
2014/03/25,22,53,,,24,30,,
2014/03/25,23,51,,,22,29,,
2014/03/25,24,47,,,19,27,,
2014/03/26,01,45,,,19,26,,
2014/03/26,02,39,,,15,24,,
2014/03/26,03,31,,,9,22,,
2014/03/26,04,30,,,11,19,,
2014/03/26,05,26,,,8,18,,
2014/03/26,06,20,,,5,15,,
2014/03/26,07,16,,,3,14,,
2014/03/26,08,16,,,5,11,,
2014/03/26,09,15,,,4,12,,
2014/03/26,10,27,,,11,16,,
2014/03/26,11,40,,,18,22,,
2014/03/26,12,36,,,13,23,,
2014/03/26,13,44,,,18,26,,
2014/03/26,14,48,,,21,27,,
2014/03/26,15,47,,,20,26,,
2014/03/26,16,51,,,23,29,,
2014/03/26,17,53,,,23,30,,
2014/03/26,18,55,,,23,32,,
2014/03/26,19,55,,,23,32,,
2014/03/26,20,60,,,27,32,,
2014/03/26,21,63,,,31,32,,
2014/03/26,22,63,,,32,31,,
2014/03/26,23,59,,,28,32,,
2014/03/26,24,56,,,26,30,,
2014/03/27,01,44,,,18,27,,
2014/03/27,02,42,,,18,25,,
2014/03/27,03,40,,,17,23,,
2014/03/27,04,35,,,14,21,,
2014/03/27,05,26,,,6,21,,
2014/03/27,06,22,,,5,18,,
2014/03/27,07,25,,,8,18,,
2014/03/27,08,19,,,4,16,,
2014/03/27,09,18,,,5,14,,
2014/03/27,10,27,,,11,16,,
2014/03/27,11,36,,,14,21,,
2014/03/27,12,44,,,20,25,,
2014/03/27,13,50,,,22,28,,
2014/03/27,14,51,,,24,27,,
2014/03/27,15,47,,,21,26,,
2014/03/27,16,50,,,21,30,,
2014/03/27,17,52,,,22,30,,
2014/03/27,18,50,,,20,30,,
2014/03/27,19,49,,,18,30,,
2014/03/27,20,53,,,22,31,,
2014/03/27,21,53,,,23,30,,
2014/03/27,22,54,,,24,30,,
2014/03/27,23,44,,,16,28,,
2014/03/27,24,43,,,16,26,,
2014/03/28,01,42,,,17,25,,
2014/03/28,02,38,,,14,24,,
2014/03/28,03,34,,,12,22,,
2014/03/28,04,29,,,8,21,,
2014/03/28,05,25,,,9,17,,
2014/03/28,06,21,,,5,15,,
2014/03/28,07,17,,,4,13,,
2014/03/28,08,14,,,3,11,,
2014/03/28,09,13,,,2,12,,
2014/03/28,10,21,,,6,16,,
2014/03/28,11,29,,,8,21,,
2014/03/28,12,36,,,13,22,,
2014/03/28,13,41,,,17,25,,
2014/03/28,14,45,,,20,26,,
2014/03/28,15,43,,,19,24,,
2014/03/28,16,54,,,26,28,,
2014/03/28,17,53,,,25,29,,
2014/03/28,18,55,,,24,31,,
2014/03/28,19,53,,,22,32,,
2014/03/28,20,58,,,26,32,,
2014/03/28,21,65,,,33,33,,
2014/03/28,22,62,,,29,33,,
2014/03/28,23,62,,,29,33,,
2014/03/28,24,60,,,29,31,,
2014/03/29,01,56,,,26,29,,
2014/03/29,02,43,,,18,25,,
2014/03/29,03,43,,,18,25,,
2014/03/29,04,44,,,19,24,,
2014/03/29,05,41,,,19,22,,
2014/03/29,06,28,,,10,18,,
2014/03/29,07,19,,,4,15,,
2014/03/29,08,15,,,3,13,,
2014/03/29,09,17,,,4,13,,
2014/03/29,10,23,,,6,17,,
2014/03/29,11,32,,,10,22,,
2014/03/29,12,38,,,14,24,,
2014/03/29,13,46,,,19,27,,
2014/03/29,14,54,,,24,30,,
2014/03/29,15,55,,,25,29,,
2014/03/29,16,53,,,23,31,,
2014/03/29,17,59,,,26,33,,
2014/03/29,18,57,,,24,32,,
2014/03/29,19,58,,,24,34,,
2014/03/29,20,65,,,30,35,,
2014/03/29,21,63,,,30,34,,
2014/03/29,22,63,,,30,32,,
2014/03/29,23,61,,,29,32,,
2014/03/29,24,59,,,29,30,,
2014/03/30,01,49,,,22,28,,
2014/03/30,02,47,,,22,27,,
2014/03/30,03,38,,,14,24,,
2014/03/30,04,37,,,12,25,,
2014/03/30,05,36,,,12,24,,
2014/03/30,06,29,,,9,21,,
2014/03/30,07,20,,,3,17,,
2014/03/30,08,21,,,7,15,,
2014/03/30,09,22,,,8,15,,
2014/03/30,10,21,,,5,15,,
2014/03/30,11,33,,,13,21,,
2014/03/30,12,40,,,15,25,,
2014/03/30,13,47,,,20,27,,
2014/03/30,14,55,,,26,30,,
2014/03/30,15,56,,,26,30,,
2014/03/30,16,57,,,26,31,,
2014/03/30,17,61,,,28,32,,
2014/03/30,18,49,,,22,27,,
2014/03/30,19,54,,,22,32,,
2014/03/30,20,54,,,22,32,,
2014/03/30,21,58,,,25,32,,
2014/03/30,22,53,,,22,31,,
2014/03/30,23,51,,,20,30,,
2014/03/30,24,51,,,21,30,,
2014/03/31,01,46,,,20,26,,
2014/03/31,02,39,,,15,24,,
2014/03/31,03,36,,,13,23,,
2014/03/31,04,30,,,10,20,,
2014/03/31,05,29,,,9,20,,
2014/03/31,06,19,,,3,16,,
2014/03/31,07,15,,,2,13,,
2014/03/31,08,14,,,3,12,,
2014/03/31,09,13,,,3,11,,
2014/03/31,10,19,,,4,15,,
2014/03/31,11,30,,,9,22,,
2014/03/31,12,38,,,14,25,,
2014/03/31,13,48,,,22,27,,
2014/03/31,14,48,,,21,27,,
2014/03/31,15,51,,,22,28,,
2014/03/31,16,49,,,21,28,,
2014/03/31,17,55,,,25,31,,
2014/03/31,18,52,,,22,29,,
2014/03/31,19,51,,,21,29,,
2014/03/31,20,53,,,23,30,,
2014/03/31,21,53,,,21,31,,
2014/03/31,22,53,,,23,30,,
2014/03/31,23,46,,,18,29,,
2014/03/31,24,44,,,16,28,,
2014/04/01,01,42,,,16,26,,
2014/04/01,02,41,,,17,24,,
2014/04/01,03,36,,,14,23,,
2014/04/01,04,33,,,12,21,,
2014/04/01,05,27,,,8,20,,
2014/04/01,06,28,,,10,18,,
2014/04/01,07,25,,,10,15,,
2014/04/01,08,20,,,9,12,,
2014/04/01,09,20,,,8,12,,
2014/04/01,10,22,,,9,14,,
2014/04/01,11,36,,,15,22,,
2014/04/01,12,37,,,13,24,,
2014/04/01,13,41,,,16,25,,
2014/04/01,14,43,,,17,26,,
2014/04/01,15,41,,,16,25,,
2014/04/01,16,45,,,18,28,,
2014/04/01,17,47,,,19,28,,
2014/04/01,18,45,,,17,28,,
2014/04/01,19,47,,,19,27,,
2014/04/01,20,46,,,18,27,,
2014/04/01,21,45,,,15,29,,
2014/04/01,22,44,,,16,28,,
2014/04/01,23,42,,,15,27,,
2014/04/01,24,42,,,16,27,,
2014/04/02,01,37,,,14,24,,
2014/04/02,02,37,,,14,23,,
2014/04/02,03,32,,,11,22,,
2014/04/02,04,26,,,7,18,,
2014/04/02,05,20,,,4,17,,
2014/04/02,06,18,,,4,16,,
2014/04/02,07,17,,,3,13,,
2014/04/02,08,13,,,3,10,,
2014/04/02,09,14,,,2,13,,
2014/04/02,10,18,,,4,14,,
2014/04/02,11,30,,,10,21,,
2014/04/02,12,35,,,12,23,,
2014/04/02,13,44,,,18,26,,
2014/04/02,14,44,,,18,27,,
2014/04/02,15,45,,,19,26,,
2014/04/02,16,48,,,20,28,,
2014/04/02,17,50,,,21,29,,
2014/04/02,18,50,,,20,30,,
2014/04/02,19,49,,,18,31,,
2014/04/02,20,51,,,20,31,,
2014/04/02,21,55,,,24,31,,
2014/04/02,22,57,,,27,30,,
2014/04/02,23,52,,,24,28,,
2014/04/02,24,44,,,18,27,,
2014/04/03,01,40,,,15,25,,
2014/04/03,02,36,,,12,24,,
2014/04/03,03,31,,,10,21,,
2014/04/03,04,26,,,8,17,,
2014/04/03,05,21,,,5,16,,
2014/04/03,06,18,,,4,14,,
2014/04/03,07,16,,,3,13,,
2014/04/03,08,18,,,4,14,,
2014/04/03,09,17,,,3,14,,
2014/04/03,10,18,,,3,15,,
2014/04/03,11,29,,,8,20,,
2014/04/03,12,37,,,13,23,,
2014/04/03,13,40,,,16,24,,
2014/04/03,14,42,,,16,26,,
2014/04/03,15,41,,,15,26,,
2014/04/03,16,48,,,19,28,,
2014/04/03,17,52,,,23,28,,
2014/04/03,18,45,,,17,28,,
2014/04/03,19,50,,,21,29,,
2014/04/03,20,50,,,21,30,,
2014/04/03,21,50,,,20,29,,
2014/04/03,22,51,,,22,29,,
2014/04/03,23,51,,,23,29,,
2014/04/03,24,45,,,19,27,,
2014/04/04,01,42,,,17,25,,
2014/04/04,02,41,,,16,24,,
2014/04/04,03,38,,,15,23,,
2014/04/04,04,30,,,10,20,,
2014/04/04,05,24,,,6,17,,
2014/04/04,06,18,,,4,14,,
2014/04/04,07,16,,,3,13,,
2014/04/04,08,19,,,5,13,,
2014/04/04,09,18,,,5,14,,
2014/04/04,10,22,,,5,17,,
2014/04/04,11,31,,,10,21,,
2014/04/04,12,37,,,14,24,,
2014/04/04,13,44,,,17,28,,
2014/04/04,14,47,,,19,28,,
2014/04/04,15,49,,,21,28,,
2014/04/04,16,52,,,22,30,,
2014/04/04,17,51,,,21,30,,
2014/04/04,18,51,,,20,30,,
2014/04/04,19,52,,,21,30,,
2014/04/04,20,59,,,26,33,,
2014/04/04,21,61,,,29,32,,
2014/04/04,22,59,,,26,31,,
2014/04/04,23,55,,,24,31,,
2014/04/04,24,51,,,21,31,,
2014/04/05,01,46,,,19,26,,
2014/04/05,02,43,,,18,24,,
2014/04/05,03,37,,,14,24,,
2014/04/05,04,38,,,14,24,,
2014/04/05,05,31,,,10,22,,
2014/04/05,06,27,,,8,19,,
2014/04/05,07,21,,,6,15,,
2014/04/05,08,15,,,4,12,,
2014/04/05,09,16,,,4,12,,
2014/04/05,10,23,,,8,16,,
2014/04/05,11,31,,,13,19,,
2014/04/05,12,38,,,16,23,,
2014/04/05,13,46,,,21,26,,
2014/04/05,14,53,,,26,27,,
2014/04/05,15,53,,,24,29,,
2014/04/05,16,49,,,20,30,,
2014/04/05,17,50,,,19,31,,
2014/04/05,18,49,,,20,30,,
2014/04/05,19,53,,,22,31,,
2014/04/05,20,54,,,22,31,,
2014/04/05,21,53,,,22,31,,
2014/04/05,22,52,,,22,30,,
2014/04/05,23,53,,,24,29,,
2014/04/05,24,48,,,22,27,,
2014/04/06,01,48,,,23,25,,
2014/04/06,02,44,,,18,25,,
2014/04/06,03,43,,,20,23,,
2014/04/06,04,40,,,16,24,,
2014/04/06,05,33,,,11,21,,
2014/04/06,06,27,,,9,18,,
2014/04/06,07,21,,,5,17,,
2014/04/06,08,16,,,4,13,,
2014/04/06,09,16,,,4,13,,
2014/04/06,10,18,,,5,14,,
2014/04/06,11,30,,,12,17,,
2014/04/06,12,36,,,15,22,,
2014/04/06,13,38,,,15,23,,
2014/04/06,14,46,,,19,27,,
2014/04/06,15,49,,,21,28,,
2014/04/06,16,50,,,21,30,,
2014/04/06,17,48,,,19,28,,
2014/04/06,18,54,,,23,31,,
2014/04/06,19,56,,,26,30,,
2014/04/06,20,50,,,20,30,,
2014/04/06,21,51,,,22,29,,
2014/04/06,22,51,,,23,28,,
2014/04/06,23,52,,,26,27,,
2014/04/06,24,50,,,24,25,,
2014/04/07,01,45,,,22,23,,
2014/04/07,02,49,,,27,23,,
2014/04/07,03,41,,,20,21,,
2014/04/07,04,34,,,15,19,,
2014/04/07,05,33,,,15,18,,
2014/04/07,06,29,,,15,15,,
2014/04/07,07,22,,,10,13,,
2014/04/07,08,18,,,8,10,,
2014/04/07,09,17,,,7,11,,
2014/04/07,10,37,,,22,16,,
2014/04/07,11,46,,,24,22,,
2014/04/07,12,51,,,27,24,,
2014/04/07,13,45,,,19,27,,
2014/04/07,14,44,,,19,26,,
2014/04/07,15,45,,,19,26,,
2014/04/07,16,49,,,21,27,,
2014/04/07,17,50,,,22,29,,
2014/04/07,18,47,,,18,28,,
2014/04/07,19,48,,,19,29,,
2014/04/07,20,50,,,21,29,,
2014/04/07,21,51,,,22,29,,
2014/04/07,22,47,,,20,28,,
2014/04/07,23,47,,,20,28,,
2014/04/07,24,45,,,19,26,,
2014/04/08,01,46,,,22,25,,
2014/04/08,02,45,,,20,24,,
2014/04/08,03,41,,,19,22,,
2014/04/08,04,35,,,15,21,,
2014/04/08,05,30,,,12,18,,
2014/04/08,06,15,,,3,13,,
2014/04/08,07,13,,,2,12,,
2014/04/08,08,12,,,2,10,,
2014/04/08,09,12,,,2,10,,
2014/04/08,10,17,,,3,13,,
2014/04/08,11,33,,,12,21,,
2014/04/08,12,41,,,15,25,,
2014/04/08,13,41,,,16,26,,
2014/04/08,14,42,,,15,26,,
2014/04/08,15,44,,,17,27,,
2014/04/08,16,45,,,17,29,,
2014/04/08,17,49,,,20,29,,
2014/04/08,18,48,,,19,29,,
2014/04/08,19,50,,,20,30,,
2014/04/08,20,49,,,20,30,,
2014/04/08,21,49,,,20,29,,
2014/04/08,22,48,,,19,29,,
2014/04/08,23,45,,,17,28,,
2014/04/08,24,44,,,19,26,,
2014/04/09,01,38,,,13,25,,
2014/04/09,02,38,,,15,23,,
2014/04/09,03,32,,,11,21,,
2014/04/09,04,27,,,9,18,,
2014/04/09,05,20,,,5,15,,
2014/04/09,06,17,,,3,14,,
2014/04/09,07,14,,,3,11,,
2014/04/09,08,15,,,4,13,,
2014/04/09,09,13,,,2,12,,
2014/04/09,10,16,,,2,15,,
2014/04/09,11,27,,,6,21,,
2014/04/09,12,34,,,10,23,,
2014/04/09,13,41,,,16,25,,
2014/04/09,14,43,,,16,26,,
2014/04/09,15,41,,,16,26,,
2014/04/09,16,49,,,18,31,,
2014/04/09,17,46,,,17,29,,
2014/04/09,18,47,,,17,30,,
2014/04/09,19,50,,,20,30,,
2014/04/09,20,47,,,17,30,,
2014/04/09,21,50,,,20,30,,
2014/04/09,22,49,,,20,30,,
2014/04/09,23,46,,,18,28,,
2014/04/09,24,43,,,17,26,,
2014/04/10,01,44,,,18,26,,
2014/04/10,02,43,,,20,23,,
2014/04/10,03,39,,,17,21,,
2014/04/10,04,38,,,17,22,,
2014/04/10,05,32,,,13,19,,
2014/04/10,06,22,,,6,16,,
2014/04/10,07,18,,,3,15,,
2014/04/10,08,16,,,3,14,,
2014/04/10,09,16,,,4,12,,
2014/04/10,10,20,,,2,18,,
2014/04/10,11,32,,,9,23,,
2014/04/10,12,38,,,15,24,,
2014/04/10,13,41,,,15,26,,
2014/04/10,14,42,,,16,25,,
2014/04/10,15,42,,,17,25,,
2014/04/10,16,48,,,19,29,,
2014/04/10,17,50,,,20,30,,
2014/04/10,18,47,,,18,29,,
2014/04/10,19,48,,,18,30,,
2014/04/10,20,52,,,22,30,,
2014/04/10,21,55,,,24,30,,
2014/04/10,22,51,,,23,29,,
2014/04/10,23,48,,,20,28,,
2014/04/10,24,46,,,20,26,,
2014/04/11,01,45,,,20,25,,
2014/04/11,02,39,,,15,25,,
2014/04/11,03,36,,,13,23,,
2014/04/11,04,28,,,7,20,,
2014/04/11,05,25,,,6,19,,
2014/04/11,06,21,,,3,18,,
2014/04/11,07,16,,,2,14,,
2014/04/11,08,16,,,2,13,,
2014/04/11,09,16,,,5,13,,
2014/04/11,10,25,,,7,16,,
2014/04/11,11,30,,,11,20,,
2014/04/11,12,35,,,10,24,,
2014/04/11,13,42,,,16,25,,
2014/04/11,14,42,,,16,26,,
2014/04/11,15,41,,,16,25,,
2014/04/11,16,48,,,19,29,,
2014/04/11,17,45,,,16,29,,
2014/04/11,18,49,,,20,29,,
2014/04/11,19,54,,,23,31,,
2014/04/11,20,57,,,25,33,,
2014/04/11,21,57,,,26,31,,
2014/04/11,22,55,,,24,32,,
2014/04/11,23,53,,,23,30,,
2014/04/11,24,48,,,20,28,,
2014/04/12,01,44,,,17,27,,
2014/04/12,02,42,,,17,25,,
2014/04/12,03,39,,,15,24,,
2014/04/12,04,38,,,14,24,,
2014/04/12,05,32,,,12,21,,
2014/04/12,06,27,,,9,19,,
2014/04/12,07,20,,,5,14,,
2014/04/12,08,15,,,4,13,,
2014/04/12,09,15,,,3,12,,
2014/04/12,10,20,,,4,15,,
2014/04/12,11,31,,,12,19,,
2014/04/12,12,36,,,13,23,,
2014/04/12,13,40,,,15,25,,
2014/04/12,14,46,,,18,27,,
2014/04/12,15,48,,,20,28,,
2014/04/12,16,46,,,17,29,,
2014/04/12,17,49,,,18,30,,
2014/04/12,18,46,,,16,30,,
2014/04/12,19,49,,,19,31,,
2014/04/12,20,57,,,25,32,,
2014/04/12,21,58,,,26,31,,
2014/04/12,22,57,,,26,32,,
2014/04/12,23,55,,,26,29,,
2014/04/12,24,49,,,21,29,,
2014/04/13,01,41,,,15,26,,
2014/04/13,02,39,,,15,24,,
2014/04/13,03,38,,,14,23,,
2014/04/13,04,36,,,12,24,,
2014/04/13,05,32,,,10,22,,
2014/04/13,06,27,,,9,18,,
2014/04/13,07,18,,,3,14,,
2014/04/13,08,18,,,5,12,,
2014/04/13,09,14,,,3,11,,
2014/04/13,10,21,,,6,17,,
2014/04/13,11,32,,,11,21,,
2014/04/13,12,40,,,15,25,,
2014/04/13,13,39,,,14,25,,
2014/04/13,14,47,,,19,29,,
2014/04/13,15,52,,,23,29,,
2014/04/13,16,55,,,25,31,,
2014/04/13,17,53,,,21,31,,
2014/04/13,18,50,,,19,31,,
2014/04/13,19,54,,,22,32,,
2014/04/13,20,57,,,27,32,,
2014/04/13,21,59,,,28,31,,
2014/04/13,22,55,,,25,30,,
2014/04/13,23,50,,,22,29,,
2014/04/13,24,47,,,21,26,,
2014/04/14,01,36,,,11,25,,
2014/04/14,02,36,,,13,23,,
2014/04/14,03,31,,,10,22,,
2014/04/14,04,28,,,9,19,,
2014/04/14,05,20,,,3,16,,
2014/04/14,06,18,,,4,14,,
2014/04/14,07,16,,,3,13,,
2014/04/14,08,14,,,3,12,,
2014/04/14,09,13,,,3,12,,
2014/04/14,10,18,,,3,14,,
2014/04/14,11,32,,,12,21,,
2014/04/14,12,37,,,16,21,,
2014/04/14,13,40,,,15,24,,
2014/04/14,14,41,,,17,24,,
2014/04/14,15,41,,,17,24,,
2014/04/14,16,43,,,18,26,,
2014/04/14,17,43,,,18,26,,
2014/04/14,18,44,,,17,26,,
2014/04/14,19,46,,,18,28,,
2014/04/14,20,48,,,21,26,,
2014/04/14,21,49,,,19,28,,
2014/04/14,22,48,,,20,28,,
2014/04/14,23,46,,,19,26,,
2014/04/14,24,39,,,14,25,,
2014/04/15,01,37,,,14,24,,
2014/04/15,02,35,,,12,24,,
2014/04/15,03,35,,,13,21,,
2014/04/15,04,27,,,7,20,,
2014/04/15,05,25,,,6,20,,
2014/04/15,06,19,,,2,17,,
2014/04/15,07,16,,,3,14,,
2014/04/15,08,15,,,4,12,,
2014/04/15,09,13,,,2,11,,
2014/04/15,10,17,,,3,14,,
2014/04/15,11,35,,,14,21,,
2014/04/15,12,41,,,18,24,,
2014/04/15,13,47,,,21,26,,
2014/04/15,14,45,,,18,27,,
2014/04/15,15,49,,,21,28,,
2014/04/15,16,49,,,20,29,,
2014/04/15,17,53,,,23,31,,
2014/04/15,18,51,,,21,30,,
2014/04/15,19,52,,,22,31,,
2014/04/15,20,51,,,21,31,,
2014/04/15,21,54,,,24,30,,
2014/04/15,22,56,,,25,31,,
2014/04/15,23,51,,,24,28,,
2014/04/15,24,48,,,21,27,,
2014/04/16,01,49,,,23,26,,
2014/04/16,02,42,,,18,25,,
2014/04/16,03,34,,,11,22,,
2014/04/16,04,27,,,9,18,,
2014/04/16,05,17,,,3,14,,
2014/04/16,06,16,,,2,14,,
2014/04/16,07,17,,,3,14,,
2014/04/16,08,17,,,2,15,,
2014/04/16,09,18,,,5,13,,
2014/04/16,10,25,,,8,16,,
2014/04/16,11,29,,,10,19,,
2014/04/16,12,39,,,15,23,,
2014/04/16,13,46,,,20,26,,
2014/04/16,14,45,,,19,26,,
2014/04/16,15,49,,,24,26,,
2014/04/16,16,54,,,24,30,,
2014/04/16,17,50,,,20,30,,
2014/04/16,18,49,,,19,29,,
2014/04/16,19,50,,,20,30,,
2014/04/16,20,54,,,23,31,,
2014/04/16,21,53,,,22,30,,
2014/04/16,22,51,,,21,29,,
2014/04/16,23,47,,,19,28,,
2014/04/16,24,44,,,18,26,,
2014/04/17,01,43,,,18,25,,
2014/04/17,02,40,,,17,24,,
2014/04/17,03,33,,,13,22,,
2014/04/17,04,26,,,8,17,,
2014/04/17,05,21,,,6,15,,
2014/04/17,06,19,,,5,15,,
2014/04/17,07,18,,,5,13,,
2014/04/17,08,16,,,3,14,,
2014/04/17,09,16,,,2,15,,
2014/04/17,10,21,,,3,18,,
2014/04/17,11,35,,,12,23,,
2014/04/17,12,46,,,21,24,,
2014/04/17,13,47,,,20,27,,
2014/04/17,14,48,,,23,25,,
2014/04/17,15,51,,,23,28,,
2014/04/17,16,56,,,27,30,,
2014/04/17,17,57,,,27,30,,
2014/04/17,18,56,,,26,30,,
2014/04/17,19,56,,,25,31,,
2014/04/17,20,63,,,31,31,,
2014/04/17,21,59,,,27,32,,
2014/04/17,22,55,,,23,32,,
2014/04/17,23,54,,,23,31,,
2014/04/17,24,50,,,21,29,,
2014/04/18,01,46,,,20,26,,
2014/04/18,02,43,,,17,26,,
2014/04/18,03,38,,,14,24,,
2014/04/18,04,33,,,11,21,,
2014/04/18,05,28,,,9,19,,
2014/04/18,06,25,,,8,16,,
2014/04/18,07,16,,,2,14,,
2014/04/18,08,15,,,2,13,,
2014/04/18,09,15,,,3,13,,
2014/04/18,10,20,,,4,16,,
2014/04/18,11,29,,,9,19,,
2014/04/18,12,35,,,13,22,,
2014/04/18,13,43,,,16,26,,
2014/04/18,14,43,,,18,25,,
2014/04/18,15,43,,,16,26,,
2014/04/18,16,48,,,18,30,,
2014/04/18,17,49,,,20,29,,
2014/04/18,18,44,,,16,29,,
2014/04/18,19,52,,,22,30,,
2014/04/18,20,55,,,23,31,,
2014/04/18,21,54,,,24,32,,
2014/04/18,22,55,,,24,32,,
2014/04/18,23,55,,,24,32,,
2014/04/18,24,53,,,23,30,,
2014/04/19,01,50,,,22,28,,
2014/04/19,02,47,,,21,26,,
2014/04/19,03,46,,,20,26,,
2014/04/19,04,42,,,18,24,,
2014/04/19,05,36,,,13,22,,
2014/04/19,06,27,,,8,20,,
2014/04/19,07,19,,,5,14,,
2014/04/19,08,16,,,5,12,,
2014/04/19,09,16,,,3,13,,
2014/04/19,10,20,,,5,15,,
2014/04/19,11,28,,,10,18,,
2014/04/19,12,36,,,14,23,,
2014/04/19,13,40,,,15,25,,
2014/04/19,14,48,,,19,28,,
2014/04/19,15,48,,,19,30,,
2014/04/19,16,50,,,21,30,,
2014/04/19,17,50,,,19,31,,
2014/04/19,18,47,,,18,29,,
2014/04/19,19,60,,,28,31,,
2014/04/19,20,60,,,28,31,,
2014/04/19,21,59,,,28,31,,
2014/04/19,22,59,,,28,31,,
2014/04/19,23,53,,,24,29,,
2014/04/19,24,49,,,21,28,,
2014/04/20,01,46,,,21,25,,
2014/04/20,02,43,,,18,24,,
2014/04/20,03,43,,,19,24,,
2014/04/20,04,41,,,16,25,,
2014/04/20,05,34,,,12,22,,
2014/04/20,06,26,,,8,19,,
2014/04/20,07,19,,,3,16,,
2014/04/20,08,13,,,2,12,,
2014/04/20,09,14,,,3,12,,
2014/04/20,10,18,,,4,14,,
2014/04/20,11,29,,,11,18,,
2014/04/20,12,38,,,15,22,,
2014/04/20,13,41,,,16,25,,
2014/04/20,14,51,,,23,28,,
2014/04/20,15,53,,,23,29,,
2014/04/20,16,51,,,21,30,,
2014/04/20,17,51,,,22,29,,
2014/04/20,18,54,,,22,32,,
2014/04/20,19,51,,,20,31,,
2014/04/20,20,50,,,20,30,,
2014/04/20,21,52,,,23,30,,
2014/04/20,22,52,,,23,31,,
2014/04/20,23,52,,,24,28,,
2014/04/20,24,50,,,23,27,,
2014/04/21,01,41,,,17,25,,
2014/04/21,02,40,,,16,23,,
2014/04/21,03,33,,,11,22,,
2014/04/21,04,28,,,8,20,,
2014/04/21,05,22,,,8,15,,
2014/04/21,06,16,,,4,13,,
2014/04/21,07,16,,,3,13,,
2014/04/21,08,14,,,3,12,,
2014/04/21,09,14,,,2,13,,
2014/04/21,10,20,,,4,16,,
2014/04/21,11,34,,,15,19,,
2014/04/21,12,37,,,13,24,,
2014/04/21,13,42,,,16,26,,
2014/04/21,14,41,,,16,25,,
2014/04/21,15,45,,,20,26,,
2014/04/21,16,45,,,18,27,,
2014/04/21,17,46,,,17,29,,
2014/04/21,18,42,,,14,29,,
2014/04/21,19,42,,,13,29,,
2014/04/21,20,47,,,17,30,,
2014/04/21,21,49,,,19,31,,
2014/04/21,22,47,,,17,30,,
2014/04/21,23,43,,,15,28,,
2014/04/21,24,39,,,13,26,,
2014/04/22,01,37,,,14,24,,
2014/04/22,02,34,,,12,24,,
2014/04/22,03,31,,,10,21,,
2014/04/22,04,28,,,8,20,,
2014/04/22,05,21,,,4,17,,
2014/04/22,06,15,,,2,12,,
2014/04/22,07,13,,,2,12,,
2014/04/22,08,14,,,3,12,,
2014/04/22,09,15,,,3,12,,
2014/04/22,10,17,,,3,14,,
2014/04/22,11,31,,,11,20,,
2014/04/22,12,41,,,16,25,,
2014/04/22,13,45,,,19,25,,
2014/04/22,14,46,,,19,26,,
2014/04/22,15,47,,,20,27,,
2014/04/22,16,49,,,23,27,,
2014/04/22,17,52,,,25,28,,
2014/04/22,18,50,,,23,27,,
2014/04/22,19,47,,,19,28,,
2014/04/22,20,48,,,19,30,,
2014/04/22,21,51,,,21,31,,
2014/04/22,22,50,,,20,30,,
2014/04/22,23,48,,,19,29,,
2014/04/22,24,46,,,20,26,,
2014/04/23,01,46,,,22,24,,
2014/04/23,02,44,,,20,24,,
2014/04/23,03,37,,,14,23,,
2014/04/23,04,30,,,11,19,,
2014/04/23,05,25,,,8,17,,
2014/04/23,06,17,,,5,12,,
2014/04/23,07,15,,,4,11,,
2014/04/23,08,16,,,4,12,,
2014/04/23,09,18,,,5,14,,
2014/04/23,10,22,,,7,15,,
2014/04/23,11,29,,,8,21,,
2014/04/23,12,39,,,16,23,,
2014/04/23,13,45,,,21,25,,
2014/04/23,14,46,,,20,26,,
2014/04/23,15,49,,,23,26,,
2014/04/23,16,51,,,23,28,,
2014/04/23,17,50,,,22,28,,
2014/04/23,18,49,,,19,30,,
2014/04/23,19,50,,,20,30,,
2014/04/23,20,54,,,24,29,,
2014/04/23,21,53,,,23,30,,
2014/04/23,22,57,,,27,30,,
2014/04/23,23,55,,,26,29,,
2014/04/23,24,46,,,19,26,,
2014/04/24,01,41,,,16,25,,
2014/04/24,02,38,,,15,24,,
2014/04/24,03,35,,,14,21,,
2014/04/24,04,25,,,8,16,,
2014/04/24,05,20,,,4,15,,
2014/04/24,06,18,,,4,14,,
2014/04/24,07,16,,,4,13,,
2014/04/24,08,17,,,3,14,,
2014/04/24,09,17,,,3,14,,
2014/04/24,10,20,,,4,16,,
2014/04/24,11,33,,,13,20,,
2014/04/24,12,39,,,16,24,,
2014/04/24,13,49,,,23,27,,
2014/04/24,14,51,,,24,28,,
2014/04/24,15,44,,,19,26,,
2014/04/24,16,49,,,21,29,,
2014/04/24,17,49,,,21,28,,
2014/04/24,18,48,,,20,29,,
2014/04/24,19,47,,,17,30,,
2014/04/24,20,51,,,21,30,,
2014/04/24,21,55,,,26,30,,
2014/04/24,22,52,,,24,28,,
2014/04/24,23,44,,,17,27,,
2014/04/24,24,45,,,20,26,,
2014/04/25,01,44,,,19,24,,
2014/04/25,02,39,,,15,24,,
2014/04/25,03,34,,,12,22,,
2014/04/25,04,30,,,10,19,,
2014/04/25,05,22,,,7,14,,
2014/04/25,06,15,,,3,14,,
2014/04/25,07,12,,,2,10,,
2014/04/25,08,16,,,4,12,,
2014/04/25,09,15,,,2,13,,
2014/04/25,10,18,,,3,16,,
2014/04/25,11,31,,,12,18,,
2014/04/25,12,40,,,16,23,,
2014/04/25,13,46,,,20,27,,
2014/04/25,14,47,,,22,26,,
2014/04/25,15,48,,,21,27,,
2014/04/25,16,54,,,23,30,,
2014/04/25,17,53,,,24,30,,
2014/04/25,18,51,,,21,30,,
2014/04/25,19,54,,,23,30,,
2014/04/25,20,57,,,24,33,,
2014/04/25,21,64,,,32,32,,
2014/04/25,22,56,,,25,32,,
2014/04/25,23,55,,,24,31,,
2014/04/25,24,53,,,23,30,,
2014/04/26,01,47,,,20,27,,
2014/04/26,02,47,,,22,26,,
2014/04/26,03,46,,,21,25,,
2014/04/26,04,42,,,17,25,,
2014/04/26,05,37,,,15,23,,
2014/04/26,06,30,,,11,19,,
2014/04/26,07,19,,,5,14,,
2014/04/26,08,14,,,3,12,,
2014/04/26,09,14,,,3,12,,
2014/04/26,10,20,,,6,15,,
2014/04/26,11,33,,,12,21,,
2014/04/26,12,38,,,14,24,,
2014/04/26,13,46,,,20,26,,
2014/04/26,14,54,,,25,30,,
2014/04/26,15,55,,,25,30,,
2014/04/26,16,54,,,24,31,,
2014/04/26,17,55,,,24,31,,
2014/04/26,18,56,,,23,33,,
2014/04/26,19,65,,,33,31,,
2014/04/26,20,57,,,25,31,,
2014/04/26,21,65,,,33,32,,
2014/04/26,22,64,,,34,31,,
2014/04/26,23,63,,,34,31,,
2014/04/26,24,58,,,30,28,,
2014/04/27,01,52,,,26,26,,
2014/04/27,02,48,,,23,25,,
2014/04/27,03,49,,,25,24,,
2014/04/27,04,47,,,22,24,,
2014/04/27,05,38,,,16,22,,
2014/04/27,06,32,,,13,18,,
2014/04/27,07,21,,,8,12,,
2014/04/27,08,21,,,9,13,,
2014/04/27,09,20,,,8,13,,
2014/04/27,10,25,,,9,16,,
2014/04/27,11,37,,,16,21,,
2014/04/27,12,46,,,21,26,,
2014/04/27,13,51,,,24,27,,
2014/04/27,14,56,,,27,29,,
2014/04/27,15,61,,,30,31,,
2014/04/27,16,59,,,29,31,,
2014/04/27,17,58,,,28,30,,
2014/04/27,18,61,,,30,32,,
2014/04/27,19,62,,,30,32,,
2014/04/27,20,62,,,30,32,,
2014/04/27,21,64,,,32,31,,
2014/04/27,22,58,,,29,31,,
2014/04/27,23,54,,,24,31,,
2014/04/27,24,55,,,27,29,,
2014/04/28,01,49,,,25,25,,
2014/04/28,02,49,,,24,25,,
2014/04/28,03,45,,,22,23,,
2014/04/28,04,38,,,18,20,,
2014/04/28,05,35,,,15,20,,
2014/04/28,06,26,,,10,16,,
2014/04/28,07,17,,,6,12,,
2014/04/28,08,18,,,6,12,,
2014/04/28,09,20,,,8,13,,
2014/04/28,10,23,,,9,13,,
2014/04/28,11,33,,,12,21,,
2014/04/28,12,40,,,17,23,,
2014/04/28,13,44,,,19,25,,
2014/04/28,14,49,,,24,26,,
2014/04/28,15,51,,,26,25,,
2014/04/28,16,55,,,28,27,,
2014/04/28,17,59,,,30,29,,
2014/04/28,18,58,,,29,30,,
2014/04/28,19,58,,,27,31,,
2014/04/28,20,65,,,33,31,,
2014/04/28,21,63,,,32,31,,
2014/04/28,22,64,,,33,32,,
2014/04/28,23,58,,,26,31,,
2014/04/28,24,56,,,28,28,,
2014/04/29,01,52,,,26,25,,
2014/04/29,02,42,,,18,24,,
2014/04/29,03,41,,,16,25,,
2014/04/29,04,38,,,14,24,,
2014/04/29,05,33,,,11,22,,
2014/04/29,06,28,,,9,19,,
2014/04/29,07,18,,,3,14,,
2014/04/29,08,15,,,3,12,,
2014/04/29,09,18,,,4,14,,
2014/04/29,10,23,,,7,16,,
2014/04/29,11,33,,,14,19,,
2014/04/29,12,43,,,19,24,,
2014/04/29,13,52,,,25,27,,
2014/04/29,14,61,,,30,30,,
2014/04/29,15,62,,,33,30,,
2014/04/29,16,66,,,35,31,,
2014/04/29,17,63,,,31,31,,
2014/04/29,18,60,,,28,31,,
2014/04/29,19,60,,,29,32,,
2014/04/29,20,64,,,32,32,,
2014/04/29,21,64,,,33,31,,
2014/04/29,22,65,,,34,30,,
2014/04/29,23,57,,,28,29,,
2014/04/29,24,56,,,28,28,,
2014/04/30,01,53,,,28,25,,
2014/04/30,02,47,,,22,26,,
2014/04/30,03,36,,,14,22,,
2014/04/30,04,31,,,11,21,,
2014/04/30,05,20,,,6,16,,
2014/04/30,06,17,,,3,14,,
2014/04/30,07,13,,,2,12,,
2014/04/30,08,15,,,2,13,,
2014/04/30,09,18,,,3,14,,
2014/04/30,10,20,,,5,15,,
2014/04/30,11,33,,,12,22,,
2014/04/30,12,42,,,18,23,,
2014/04/30,13,50,,,25,25,,
2014/04/30,14,53,,,27,26,,
2014/04/30,15,56,,,29,27,,
2014/04/30,16,60,,,30,30,,
2014/04/30,17,61,,,30,30,,
2014/04/30,18,54,,,26,29,,
2014/04/30,19,54,,,23,30,,
2014/04/30,20,57,,,26,31,,
2014/04/30,21,56,,,26,30,,
2014/04/30,22,53,,,23,30,,
2014/04/30,23,52,,,23,29,,
2014/04/30,24,47,,,20,27,,
2014/05/01,01,49,,,24,25,,
2014/05/01,02,46,,,20,25,,
2014/05/01,03,39,,,15,24,,
2014/05/01,04,29,,,8,21,,
2014/05/01,05,27,,,8,19,,
2014/05/01,06,23,,,8,15,,
2014/05/01,07,20,,,5,15,,
2014/05/01,08,19,,,5,14,,
2014/05/01,09,20,,,5,15,,
2014/05/01,10,23,,,6,17,,
2014/05/01,11,42,,,18,24,,
2014/05/01,12,50,,,24,26,,
2014/05/01,13,51,,,24,28,,
2014/05/01,14,56,,,27,28,,
2014/05/01,15,54,,,26,28,,
2014/05/01,16,59,,,29,30,,
2014/05/01,17,50,,,21,29,,
2014/05/01,18,50,,,21,29,,
2014/05/01,19,54,,,24,30,,
2014/05/01,20,63,,,31,31,,
2014/05/01,21,65,,,33,31,,
2014/05/01,22,61,,,30,32,,
2014/05/01,23,64,,,34,30,,
2014/05/01,24,58,,,30,27,,
2014/05/02,01,51,,,25,26,,
2014/05/02,02,48,,,23,25,,
2014/05/02,03,45,,,22,23,,
2014/05/02,04,36,,,16,20,,
2014/05/02,05,27,,,8,18,,
2014/05/02,06,20,,,4,16,,
2014/05/02,07,21,,,7,14,,
2014/05/02,08,22,,,8,14,,
2014/05/02,09,21,,,6,14,,
2014/05/02,10,26,,,10,17,,
2014/05/02,11,35,,,15,20,,
2014/05/02,12,43,,,19,24,,
2014/05/02,13,48,,,22,27,,
2014/05/02,14,50,,,22,28,,
2014/05/02,15,51,,,23,28,,
2014/05/02,16,59,,,27,32,,
2014/05/02,17,60,,,29,31,,
2014/05/02,18,65,,,33,33,,
2014/05/02,19,67,,,35,32,,
2014/05/02,20,70,,,36,32,,
2014/05/02,21,72,,,39,33,,
2014/05/02,22,69,,,37,33,,
2014/05/02,23,66,,,33,32,,
2014/05/02,24,63,,,33,31,,
2014/05/03,01,59,,,31,28,,
2014/05/03,02,59,,,32,26,,
2014/05/03,03,60,,,33,26,,
2014/05/03,04,56,,,30,26,,
2014/05/03,05,41,,,19,22,,
2014/05/03,06,31,,,11,20,,
2014/05/03,07,19,,,5,15,,
2014/05/03,08,17,,,5,13,,
2014/05/03,09,18,,,5,13,,
2014/05/03,10,21,,,6,15,,
2014/05/03,11,33,,,15,19,,
2014/05/03,12,43,,,20,24,,
2014/05/03,13,51,,,24,28,,
2014/05/03,14,54,,,26,28,,
2014/05/03,15,62,,,30,31,,
2014/05/03,16,64,,,31,32,,
2014/05/03,17,67,,,34,33,,
2014/05/03,18,65,,,33,33,,
2014/05/03,19,69,,,36,33,,
2014/05/03,20,72,,,39,33,,
2014/05/03,21,72,,,39,33,,
2014/05/03,22,69,,,35,33,,
2014/05/03,23,66,,,34,32,,
2014/05/03,24,59,,,30,29,,
2014/05/04,01,48,,,22,26,,
2014/05/04,02,46,,,21,25,,
2014/05/04,03,43,,,18,24,,
2014/05/04,04,41,,,16,24,,
2014/05/04,05,36,,,14,22,,
2014/05/04,06,28,,,10,17,,
2014/05/04,07,16,,,3,12,,
2014/05/04,08,15,,,2,13,,
2014/05/04,09,17,,,4,14,,
2014/05/04,10,18,,,4,14,,
2014/05/04,11,29,,,10,20,,
2014/05/04,12,39,,,17,22,,
2014/05/04,13,46,,,20,25,,
2014/05/04,14,56,,,27,29,,
2014/05/04,15,59,,,29,31,,
2014/05/04,16,58,,,27,30,,
2014/05/04,17,57,,,26,31,,
2014/05/04,18,63,,,31,32,,
2014/05/04,19,64,,,32,33,,
2014/05/04,20,64,,,31,33,,
2014/05/04,21,64,,,32,33,,
2014/05/04,22,70,,,36,33,,
2014/05/04,23,63,,,32,31,,
2014/05/04,24,61,,,31,30,,
2014/05/05,01,55,,,28,28,,
2014/05/05,02,43,,,18,25,,
2014/05/05,03,43,,,19,24,,
2014/05/05,04,41,,,16,24,,
2014/05/05,05,36,,,13,23,,
2014/05/05,06,26,,,9,18,,
2014/05/05,07,16,,,4,12,,
2014/05/05,08,15,,,3,13,,
2014/05/05,09,18,,,4,14,,
2014/05/05,10,22,,,6,16,,
2014/05/05,11,35,,,15,20,,
2014/05/05,12,41,,,19,23,,
2014/05/05,13,52,,,24,28,,
2014/05/05,14,58,,,30,28,,
2014/05/05,15,64,,,33,32,,
2014/05/05,16,66,,,35,31,,
2014/05/05,17,67,,,36,31,,
2014/05/05,18,62,,,31,33,,
2014/05/05,19,66,,,33,33,,
2014/05/05,20,67,,,34,34,,
2014/05/05,21,65,,,34,32,,
2014/05/05,22,66,,,34,31,,
2014/05/05,23,63,,,33,30,,
2014/05/05,24,59,,,30,29,,
2014/05/06,01,55,,,29,27,,
2014/05/06,02,50,,,24,26,,
2014/05/06,03,49,,,25,25,,
2014/05/06,04,45,,,20,25,,
2014/05/06,05,42,,,20,22,,
2014/05/06,06,29,,,13,17,,
2014/05/06,07,21,,,8,13,,
2014/05/06,08,19,,,7,13,,
2014/05/06,09,18,,,4,14,,
2014/05/06,10,19,,,5,16,,
2014/05/06,11,36,,,16,20,,
2014/05/06,12,43,,,20,24,,
2014/05/06,13,49,,,23,26,,
2014/05/06,14,51,,,22,28,,
2014/05/06,15,54,,,24,29,,
2014/05/06,16,56,,,25,31,,
2014/05/06,17,57,,,25,32,,
2014/05/06,18,57,,,25,31,,
2014/05/06,19,54,,,23,31,,
2014/05/06,20,54,,,23,31,,
2014/05/06,21,56,,,24,32,,
2014/05/06,22,56,,,26,31,,
2014/05/06,23,52,,,23,29,,
2014/05/06,24,44,,,18,26,,
2014/05/07,01,49,,,22,26,,
2014/05/07,02,43,,,17,24,,
2014/05/07,03,36,,,13,23,,
2014/05/07,04,29,,,9,20,,
2014/05/07,05,27,,,8,19,,
2014/05/07,06,20,,,3,17,,
2014/05/07,07,16,,,3,12,,
2014/05/07,08,14,,,2,12,,
2014/05/07,09,16,,,3,13,,
2014/05/07,10,20,,,5,15,,
2014/05/07,11,30,,,8,21,,
2014/05/07,12,37,,,14,23,,
2014/05/07,13,46,,,19,26,,
2014/05/07,14,47,,,22,25,,
2014/05/07,15,42,,,17,24,,
2014/05/07,16,49,,,21,29,,
2014/05/07,17,50,,,22,29,,
2014/05/07,18,48,,,19,29,,
2014/05/07,19,52,,,22,30,,
2014/05/07,20,57,,,27,30,,
2014/05/07,21,58,,,28,29,,
2014/05/07,22,54,,,24,30,,
2014/05/07,23,52,,,25,28,,
2014/05/07,24,53,,,26,27,,
2014/05/08,01,51,,,27,25,,
2014/05/08,02,44,,,19,26,,
2014/05/08,03,41,,,18,23,,
2014/05/08,04,35,,,14,20,,
2014/05/08,05,25,,,9,16,,
2014/05/08,06,19,,,5,14,,
2014/05/08,07,19,,,5,13,,
2014/05/08,08,22,,,7,14,,
2014/05/08,09,19,,,6,13,,
2014/05/08,10,24,,,9,15,,
2014/05/08,11,40,,,18,22,,
2014/05/08,12,45,,,19,26,,
2014/05/08,13,49,,,22,28,,
2014/05/08,14,58,,,30,28,,
2014/05/08,15,54,,,28,27,,
2014/05/08,16,59,,,30,29,,
2014/05/08,17,59,,,31,29,,
2014/05/08,18,59,,,29,30,,
2014/05/08,19,59,,,28,30,,
2014/05/08,20,56,,,25,30,,
2014/05/08,21,58,,,29,29,,
2014/05/08,22,60,,,30,29,,
2014/05/08,23,54,,,27,28,,
2014/05/08,24,52,,,25,27,,
2014/05/09,01,47,,,22,25,,
2014/05/09,02,45,,,20,26,,
2014/05/09,03,39,,,18,23,,
2014/05/09,04,31,,,12,19,,
2014/05/09,05,22,,,6,17,,
2014/05/09,06,18,,,4,14,,
2014/05/09,07,16,,,4,12,,
2014/05/09,08,15,,,3,12,,
2014/05/09,09,16,,,3,13,,
2014/05/09,10,19,,,4,15,,
2014/05/09,11,33,,,13,21,,
2014/05/09,12,40,,,16,24,,
2014/05/09,13,46,,,21,25,,
2014/05/09,14,49,,,23,25,,
2014/05/09,15,51,,,24,27,,
2014/05/09,16,62,,,30,32,,
2014/05/09,17,58,,,27,31,,
2014/05/09,18,62,,,31,31,,
2014/05/09,19,62,,,30,31,,
2014/05/09,20,61,,,29,33,,
2014/05/09,21,64,,,30,33,,
2014/05/09,22,65,,,32,33,,
2014/05/09,23,65,,,33,30,,
2014/05/09,24,59,,,29,30,,
2014/05/10,01,55,,,27,28,,
2014/05/10,02,50,,,25,25,,
2014/05/10,03,47,,,22,25,,
2014/05/10,04,43,,,19,26,,
2014/05/10,05,35,,,12,22,,
2014/05/10,06,26,,,8,19,,
2014/05/10,07,18,,,4,15,,
2014/05/10,08,17,,,3,14,,
2014/05/10,09,16,,,3,13,,
2014/05/10,10,18,,,4,15,,
2014/05/10,11,30,,,12,18,,
2014/05/10,12,40,,,16,24,,
2014/05/10,13,45,,,19,26,,
2014/05/10,14,56,,,27,29,,
2014/05/10,15,55,,,27,29,,
2014/05/10,16,57,,,28,29,,
2014/05/10,17,57,,,28,30,,
2014/05/10,18,60,,,30,31,,
2014/05/10,19,64,,,31,32,,
2014/05/10,20,64,,,32,33,,
2014/05/10,21,67,,,35,33,,
2014/05/10,22,66,,,33,33,,
2014/05/10,23,66,,,35,31,,
2014/05/10,24,64,,,33,31,,
2014/05/11,01,59,,,31,29,,
2014/05/11,02,49,,,24,26,,
2014/05/11,03,47,,,22,25,,
2014/05/11,04,43,,,20,24,,
2014/05/11,05,41,,,18,22,,
2014/05/11,06,30,,,11,18,,
2014/05/11,07,21,,,5,15,,
2014/05/11,08,19,,,5,14,,
2014/05/11,09,21,,,6,15,,
2014/05/11,10,30,,,13,17,,
2014/05/11,11,41,,,21,20,,
2014/05/11,12,52,,,28,24,,
2014/05/11,13,53,,,27,27,,
2014/05/11,14,64,,,34,29,,
2014/05/11,15,63,,,33,31,,
2014/05/11,16,64,,,34,31,,
2014/05/11,17,63,,,32,32,,
2014/05/11,18,61,,,29,33,,
2014/05/11,19,66,,,33,33,,
2014/05/11,20,67,,,33,34,,
2014/05/11,21,65,,,33,32,,
2014/05/11,22,58,,,26,32,,
2014/05/11,23,55,,,23,31,,
2014/05/11,24,51,,,23,28,,
2014/05/12,01,48,,,23,26,,
2014/05/12,02,47,,,22,26,,
2014/05/12,03,45,,,21,25,,
2014/05/12,04,39,,,20,20,,
2014/05/12,05,25,,,7,17,,
2014/05/12,06,20,,,5,16,,
2014/05/12,07,20,,,5,16,,
2014/05/12,08,19,,,5,16,,
2014/05/12,09,18,,,4,14,,
2014/05/12,10,23,,,7,16,,
2014/05/12,11,39,,,14,24,,
2014/05/12,12,46,,,21,26,,
2014/05/12,13,51,,,24,28,,
2014/05/12,14,54,,,27,27,,
2014/05/12,15,61,,,34,27,,
2014/05/12,16,56,,,28,27,,
2014/05/12,17,55,,,26,29,,
2014/05/12,18,61,,,31,31,,
2014/05/12,19,60,,,30,30,,
2014/05/12,20,62,,,32,30,,
2014/05/12,21,58,,,28,30,,
2014/05/12,22,56,,,28,29,,
2014/05/12,23,55,,,27,28,,
2014/05/12,24,56,,,28,28,,
2014/05/13,01,50,,,25,25,,
2014/05/13,02,46,,,21,25,,
2014/05/13,03,38,,,17,21,,
2014/05/13,04,29,,,12,17,,
2014/05/13,05,20,,,6,14,,
2014/05/13,06,19,,,5,14,,
2014/05/13,07,17,,,5,12,,
2014/05/13,08,17,,,4,12,,
2014/05/13,09,16,,,4,12,,
2014/05/13,10,21,,,7,14,,
2014/05/13,11,37,,,13,24,,
2014/05/13,12,47,,,21,26,,
2014/05/13,13,57,,,28,29,,
2014/05/13,14,54,,,26,27,,
2014/05/13,15,54,,,27,27,,
2014/05/13,16,56,,,28,28,,
2014/05/13,17,60,,,31,30,,
2014/05/13,18,57,,,28,29,,
2014/05/13,19,64,,,32,31,,
2014/05/13,20,69,,,37,32,,
2014/05/13,21,70,,,38,32,,
2014/05/13,22,67,,,36,31,,
2014/05/13,23,65,,,34,30,,
2014/05/13,24,62,,,34,28,,
2014/05/14,01,51,,,25,26,,
2014/05/14,02,44,,,19,25,,
2014/05/14,03,38,,,15,23,,
2014/05/14,04,32,,,14,19,,
2014/05/14,05,23,,,9,15,,
2014/05/14,06,16,,,2,14,,
2014/05/14,07,16,,,4,12,,
2014/05/14,08,15,,,3,13,,
2014/05/14,09,16,,,2,15,,
2014/05/14,10,21,,,6,15,,
2014/05/14,11,37,,,14,23,,
2014/05/14,12,47,,,23,24,,
2014/05/14,13,54,,,26,29,,
2014/05/14,14,56,,,29,28,,
2014/05/14,15,57,,,30,28,,
2014/05/14,16,71,,,41,30,,
2014/05/14,17,66,,,37,31,,
2014/05/14,18,67,,,35,32,,
2014/05/14,19,64,,,31,33,,
2014/05/14,20,64,,,32,32,,
2014/05/14,21,67,,,36,32,,
2014/05/14,22,67,,,35,31,,
2014/05/14,23,67,,,35,31,,
2014/05/14,24,57,,,28,29,,
2014/05/15,01,54,,,28,27,,
2014/05/15,02,51,,,25,26,,
2014/05/15,03,50,,,26,25,,
2014/05/15,04,40,,,20,21,,
2014/05/15,05,26,,,8,17,,
2014/05/15,06,17,,,4,14,,
2014/05/15,07,20,,,6,14,,
2014/05/15,08,17,,,4,14,,
2014/05/15,09,15,,,2,12,,
2014/05/15,10,23,,,5,17,,
2014/05/15,11,41,,,19,23,,
2014/05/15,12,50,,,26,24,,
2014/05/15,13,53,,,27,26,,
2014/05/15,14,53,,,28,26,,
2014/05/15,15,55,,,30,26,,
2014/05/15,16,55,,,27,28,,
2014/05/15,17,58,,,30,28,,
2014/05/15,18,61,,,31,30,,
2014/05/15,19,65,,,33,32,,
2014/05/15,20,71,,,38,33,,
2014/05/15,21,68,,,37,31,,
2014/05/15,22,66,,,36,29,,
2014/05/15,23,59,,,31,28,,
2014/05/15,24,54,,,27,27,,
2014/05/16,01,50,,,25,25,,
2014/05/16,02,49,,,24,24,,
2014/05/16,03,42,,,18,24,,
2014/05/16,04,33,,,15,18,,
2014/05/16,05,20,,,6,15,,
2014/05/16,06,17,,,3,14,,
2014/05/16,07,15,,,2,13,,
2014/05/16,08,14,,,2,12,,
2014/05/16,09,17,,,3,14,,
2014/05/16,10,21,,,5,17,,
2014/05/16,11,37,,,16,20,,
2014/05/16,12,44,,,21,24,,
2014/05/16,13,50,,,23,27,,
2014/05/16,14,55,,,28,27,,
2014/05/16,15,56,,,29,26,,
2014/05/16,16,60,,,31,29,,
2014/05/16,17,65,,,34,31,,
2014/05/16,18,64,,,33,32,,
2014/05/16,19,62,,,30,32,,
2014/05/16,20,68,,,35,33,,
2014/05/16,21,67,,,35,33,,
2014/05/16,22,65,,,33,32,,
2014/05/16,23,64,,,31,31,,
2014/05/16,24,62,,,32,30,,
2014/05/17,01,58,,,32,28,,
2014/05/17,02,55,,,28,27,,
2014/05/17,03,48,,,24,24,,
2014/05/17,04,48,,,24,24,,
2014/05/17,05,39,,,17,22,,
2014/05/17,06,30,,,12,19,,
2014/05/17,07,28,,,9,19,,
2014/05/17,08,27,,,9,18,,
2014/05/17,09,22,,,5,17,,
2014/05/17,10,27,,,9,18,,
2014/05/17,11,38,,,17,22,,
2014/05/17,12,48,,,23,26,,
2014/05/17,13,48,,,22,27,,
2014/05/17,14,61,,,30,31,,
2014/05/17,15,64,,,34,30,,
2014/05/17,16,64,,,33,30,,
2014/05/17,17,59,,,27,32,,
2014/05/17,18,56,,,25,32,,
2014/05/17,19,61,,,29,32,,
2014/05/17,20,66,,,34,32,,
2014/05/17,21,70,,,36,34,,
2014/05/17,22,70,,,38,32,,
2014/05/17,23,66,,,34,32,,
2014/05/17,24,65,,,35,31,,
2014/05/18,01,58,,,31,27,,
2014/05/18,02,49,,,22,27,,
2014/05/18,03,49,,,23,26,,
2014/05/18,04,46,,,21,26,,
2014/05/18,05,45,,,21,24,,
2014/05/18,06,33,,,15,19,,
2014/05/18,07,24,,,8,17,,
2014/05/18,08,23,,,8,16,,
2014/05/18,09,19,,,3,16,,
2014/05/18,10,20,,,5,15,,
2014/05/18,11,34,,,12,22,,
2014/05/18,12,43,,,17,26,,
2014/05/18,13,46,,,19,27,,
2014/05/18,14,56,,,27,30,,
2014/05/18,15,55,,,26,29,,
2014/05/18,16,55,,,25,30,,
2014/05/18,17,56,,,26,31,,
2014/05/18,18,53,,,23,31,,
2014/05/18,19,60,,,28,33,,
2014/05/18,20,62,,,30,31,,
2014/05/18,21,64,,,32,32,,
2014/05/18,22,60,,,29,31,,
2014/05/18,23,58,,,28,30,,
2014/05/18,24,54,,,26,28,,
2014/05/19,01,50,,,24,26,,
2014/05/19,02,47,,,23,24,,
2014/05/19,03,44,,,21,23,,
2014/05/19,04,33,,,16,17,,
2014/05/19,05,30,,,14,16,,
2014/05/19,06,26,,,10,16,,
2014/05/19,07,25,,,10,14,,
2014/05/19,08,22,,,9,12,,
2014/05/19,09,22,,,10,13,,
2014/05/19,10,33,,,15,18,,
2014/05/19,11,46,,,20,25,,
2014/05/19,12,49,,,25,24,,
2014/05/19,13,53,,,26,27,,
2014/05/19,14,55,,,27,28,,
2014/05/19,15,57,,,30,27,,
2014/05/19,16,58,,,31,27,,
2014/05/19,17,61,,,30,31,,
2014/05/19,18,59,,,28,31,,
2014/05/19,19,57,,,26,31,,
2014/05/19,20,60,,,29,32,,
2014/05/19,21,63,,,32,31,,
2014/05/19,22,62,,,32,30,,
2014/05/19,23,59,,,30,29,,
2014/05/19,24,57,,,29,28,,
2014/05/20,01,53,,,27,26,,
2014/05/20,02,46,,,20,26,,
2014/05/20,03,37,,,15,23,,
2014/05/20,04,28,,,8,20,,
2014/05/20,05,24,,,6,18,,
2014/05/20,06,22,,,5,17,,
2014/05/20,07,21,,,5,16,,
2014/05/20,08,19,,,4,16,,
2014/05/20,09,20,,,6,14,,
2014/05/20,10,21,,,6,15,,
2014/05/20,11,40,,,17,23,,
2014/05/20,12,53,,,26,26,,
2014/05/20,13,55,,,28,27,,
2014/05/20,14,53,,,26,27,,
2014/05/20,15,60,,,33,28,,
2014/05/20,16,62,,,32,30,,
2014/05/20,17,59,,,28,31,,
2014/05/20,18,57,,,26,31,,
2014/05/20,19,64,,,32,31,,
2014/05/20,20,63,,,31,32,,
2014/05/20,21,66,,,36,31,,
2014/05/20,22,63,,,32,31,,
2014/05/20,23,60,,,30,30,,
2014/05/20,24,55,,,27,28,,
2014/05/21,01,52,,,26,27,,
2014/05/21,02,53,,,27,26,,
2014/05/21,03,50,,,27,24,,
2014/05/21,04,44,,,23,21,,
2014/05/21,05,23,,,8,15,,
2014/05/21,06,16,,,4,14,,
2014/05/21,07,15,,,3,12,,
2014/05/21,08,16,,,2,13,,
2014/05/21,09,16,,,3,14,,
2014/05/21,10,22,,,7,16,,
2014/05/21,11,30,,,9,21,,
2014/05/21,12,42,,,17,25,,
2014/05/21,13,50,,,22,27,,
2014/05/21,14,48,,,20,28,,
2014/05/21,15,45,,,18,27,,
2014/05/21,16,54,,,22,31,,
2014/05/21,17,58,,,28,30,,
2014/05/21,18,57,,,25,32,,
2014/05/21,19,61,,,29,33,,
2014/05/21,20,64,,,33,32,,
2014/05/21,21,63,,,31,31,,
2014/05/21,22,59,,,27,31,,
2014/05/21,23,55,,,26,30,,
2014/05/21,24,51,,,23,28,,
2014/05/22,01,47,,,22,25,,
2014/05/22,02,49,,,25,25,,
2014/05/22,03,38,,,16,22,,
2014/05/22,04,32,,,13,19,,
2014/05/22,05,24,,,9,16,,
2014/05/22,06,19,,,5,15,,
2014/05/22,07,17,,,4,12,,
2014/05/22,08,16,,,4,12,,
2014/05/22,09,16,,,3,13,,
2014/05/22,10,22,,,7,16,,
2014/05/22,11,41,,,18,23,,
2014/05/22,12,50,,,25,26,,
2014/05/22,13,50,,,24,26,,
2014/05/22,14,53,,,27,26,,
2014/05/22,15,53,,,26,27,,
2014/05/22,16,61,,,31,30,,
2014/05/22,17,61,,,31,31,,
2014/05/22,18,62,,,31,32,,
2014/05/22,19,59,,,27,32,,
2014/05/22,20,65,,,33,32,,
2014/05/22,21,64,,,33,31,,
2014/05/22,22,60,,,31,30,,
2014/05/22,23,61,,,32,29,,
2014/05/22,24,57,,,27,29,,
2014/05/23,01,51,,,24,27,,
2014/05/23,02,44,,,21,24,,
2014/05/23,03,40,,,19,21,,
2014/05/23,04,36,,,16,20,,
2014/05/23,05,31,,,13,18,,
2014/05/23,06,22,,,9,14,,
2014/05/23,07,22,,,9,14,,
2014/05/23,08,20,,,7,13,,
2014/05/23,09,21,,,7,14,,
2014/05/23,10,25,,,8,17,,
2014/05/23,11,31,,,11,20,,
2014/05/23,12,46,,,21,26,,
2014/05/23,13,54,,,26,28,,
2014/05/23,14,47,,,21,26,,
2014/05/23,15,52,,,25,27,,
2014/05/23,16,57,,,29,29,,
2014/05/23,17,61,,,30,30,,
2014/05/23,18,57,,,26,31,,
2014/05/23,19,57,,,26,31,,
2014/05/23,20,59,,,28,31,,
2014/05/23,21,64,,,31,31,,
2014/05/23,22,66,,,34,32,,
2014/05/23,23,62,,,30,31,,
2014/05/23,24,62,,,32,30,,
2014/05/24,01,55,,,26,30,,
2014/05/24,02,54,,,26,27,,
2014/05/24,03,50,,,24,26,,
2014/05/24,04,46,,,22,25,,
2014/05/24,05,42,,,19,21,,
2014/05/24,06,33,,,13,20,,
2014/05/24,07,17,,,4,13,,
2014/05/24,08,16,,,4,12,,
2014/05/24,09,15,,,3,13,,
2014/05/24,10,16,,,2,15,,
2014/05/24,11,31,,,10,21,,
2014/05/24,12,44,,,19,25,,
2014/05/24,13,50,,,23,27,,
2014/05/24,14,63,,,32,31,,
2014/05/24,15,59,,,29,30,,
2014/05/24,16,61,,,30,32,,
2014/05/24,17,61,,,29,32,,
2014/05/24,18,64,,,31,34,,
2014/05/24,19,68,,,35,33,,
2014/05/24,20,75,,,41,34,,
2014/05/24,21,75,,,40,34,,
2014/05/24,22,73,,,39,34,,
2014/05/24,23,71,,,38,34,,
2014/05/24,24,65,,,34,32,,
2014/05/25,01,58,,,29,28,,
2014/05/25,02,58,,,31,27,,
2014/05/25,03,53,,,28,26,,
2014/05/25,04,51,,,25,26,,
2014/05/25,05,46,,,24,22,,
2014/05/25,06,30,,,11,19,,
2014/05/25,07,21,,,6,15,,
2014/05/25,08,19,,,4,15,,
2014/05/25,09,21,,,6,15,,
2014/05/25,10,24,,,9,16,,
2014/05/25,11,37,,,16,22,,
2014/05/25,12,45,,,21,25,,
2014/05/25,13,51,,,24,27,,
2014/05/25,14,64,,,33,30,,
2014/05/25,15,72,,,40,32,,
2014/05/25,16,73,,,40,33,,
2014/05/25,17,72,,,38,35,,
2014/05/25,18,69,,,36,35,,
2014/05/25,19,68,,,35,34,,
2014/05/25,20,71,,,37,33,,
2014/05/25,21,66,,,34,32,,
2014/05/25,22,65,,,33,32,,
2014/05/25,23,63,,,32,30,,
2014/05/25,24,55,,,27,28,,
2014/05/26,01,49,,,24,26,,
2014/05/26,02,49,,,24,25,,
2014/05/26,03,43,,,20,23,,
2014/05/26,04,33,,,15,19,,
2014/05/26,05,24,,,9,16,,
2014/05/26,06,18,,,3,16,,
2014/05/26,07,16,,,2,14,,
2014/05/26,08,14,,,2,12,,
2014/05/26,09,16,,,3,15,,
2014/05/26,10,27,,,9,18,,
2014/05/26,11,47,,,20,26,,
2014/05/26,12,55,,,29,27,,
2014/05/26,13,62,,,34,28,,
2014/05/26,14,58,,,28,30,,
2014/05/26,15,54,,,27,28,,
2014/05/26,16,64,,,35,29,,
2014/05/26,17,63,,,33,32,,
2014/05/26,18,62,,,30,31,,
2014/05/26,19,68,,,36,32,,
2014/05/26,20,69,,,36,33,,
2014/05/26,21,66,,,34,32,,
2014/05/26,22,68,,,36,32,,
2014/05/26,23,68,,,36,32,,
2014/05/26,24,61,,,32,29,,
2014/05/27,01,52,,,26,26,,
2014/05/27,02,50,,,26,25,,
2014/05/27,03,46,,,22,24,,
2014/05/27,04,36,,,16,20,,
2014/05/27,05,24,,,7,17,,
2014/05/27,06,21,,,6,15,,
2014/05/27,07,20,,,6,14,,
2014/05/27,08,21,,,8,15,,
2014/05/27,09,22,,,8,13,,
2014/05/27,10,22,,,8,15,,
2014/05/27,11,38,,,16,22,,
2014/05/27,12,55,,,28,27,,
2014/05/27,13,56,,,28,28,,
2014/05/27,14,54,,,27,27,,
2014/05/27,15,62,,,36,26,,
2014/05/27,16,60,,,29,30,,
2014/05/27,17,61,,,30,30,,
2014/05/27,18,64,,,33,30,,
2014/05/27,19,63,,,32,31,,
2014/05/27,20,62,,,32,31,,
2014/05/27,21,66,,,34,32,,
2014/05/27,22,66,,,35,31,,
2014/05/27,23,68,,,36,32,,
2014/05/27,24,61,,,32,28,,
2014/05/28,01,60,,,33,26,,
2014/05/28,02,54,,,29,25,,
2014/05/28,03,51,,,29,22,,
2014/05/28,04,46,,,26,20,,
2014/05/28,05,32,,,17,15,,
2014/05/28,06,26,,,13,14,,
2014/05/28,07,22,,,10,12,,
2014/05/28,08,24,,,12,12,,
2014/05/28,09,25,,,12,14,,
2014/05/28,10,27,,,13,15,,
2014/05/28,11,41,,,19,22,,
2014/05/28,12,55,,,29,27,,
2014/05/28,13,65,,,35,30,,
2014/05/28,14,65,,,36,28,,
2014/05/28,15,60,,,32,28,,
2014/05/28,16,57,,,27,29,,
2014/05/28,17,61,,,29,31,,
2014/05/28,18,65,,,32,33,,
2014/05/28,19,72,,,37,35,,
2014/05/28,20,77,,,43,34,,
2014/05/28,21,73,,,39,34,,
2014/05/28,22,70,,,37,33,,
2014/05/28,23,68,,,36,32,,
2014/05/28,24,62,,,32,31,,
2014/05/29,01,53,,,28,27,,
2014/05/29,02,54,,,28,26,,
2014/05/29,03,46,,,24,23,,
2014/05/29,04,38,,,19,19,,
2014/05/29,05,25,,,10,15,,
2014/05/29,06,16,,,2,15,,
2014/05/29,07,16,,,3,14,,
2014/05/29,08,15,,,3,13,,
2014/05/29,09,16,,,3,14,,
2014/05/29,10,26,,,9,17,,
2014/05/29,11,49,,,27,22,,
2014/05/29,12,61,,,34,27,,
2014/05/29,13,63,,,35,28,,
2014/05/29,14,62,,,35,27,,
2014/05/29,15,58,,,30,28,,
2014/05/29,16,62,,,32,30,,
2014/05/29,17,64,,,33,30,,
2014/05/29,18,67,,,35,33,,
2014/05/29,19,66,,,33,32,,
2014/05/29,20,66,,,33,33,,
2014/05/29,21,69,,,36,33,,
2014/05/29,22,68,,,36,33,,
2014/05/29,23,66,,,35,32,,
2014/05/29,24,64,,,35,29,,
2014/05/30,01,63,,,36,27,,
2014/05/30,02,58,,,33,26,,
2014/05/30,03,49,,,26,24,,
2014/05/30,04,36,,,15,20,,
2014/05/30,05,21,,,5,16,,
2014/05/30,06,19,,,3,15,,
2014/05/30,07,16,,,3,14,,
2014/05/30,08,18,,,4,14,,
2014/05/30,09,22,,,6,15,,
2014/05/30,10,26,,,8,18,,
2014/05/30,11,49,,,25,25,,
2014/05/30,12,57,,,30,27,,
2014/05/30,13,58,,,31,27,,
2014/05/30,14,59,,,33,27,,
2014/05/30,15,63,,,36,26,,
2014/05/30,16,74,,,44,30,,
2014/05/30,17,72,,,40,32,,
2014/05/30,18,73,,,41,33,,
2014/05/30,19,76,,,42,34,,
2014/05/30,20,76,,,42,33,,
2014/05/30,21,80,,,45,36,,
2014/05/30,22,77,,,43,34,,
2014/05/30,23,75,,,42,33,,
2014/05/30,24,71,,,38,33,,
2014/05/31,01,63,,,33,31,,
2014/05/31,02,57,,,30,27,,
2014/05/31,03,56,,,30,27,,
2014/05/31,04,57,,,32,25,,
2014/05/31,05,50,,,26,24,,
2014/05/31,06,37,,,17,20,,
2014/05/31,07,24,,,8,16,,
2014/05/31,08,17,,,4,13,,
2014/05/31,09,16,,,3,13,,
2014/05/31,10,24,,,9,16,,
2014/05/31,11,42,,,21,21,,
2014/05/31,12,52,,,27,26,,
2014/05/31,13,61,,,32,29,,
2014/05/31,14,67,,,37,29,,
2014/05/31,15,70,,,38,32,,
2014/05/31,16,77,,,44,34,,
2014/05/31,17,79,,,45,34,,
2014/05/31,18,77,,,43,35,,
2014/05/31,19,77,,,43,35,,
2014/05/31,20,79,,,44,34,,
2014/05/31,21,81,,,46,34,,
2014/05/31,22,80,,,46,34,,
2014/05/31,23,77,,,45,33,,
2014/05/31,24,73,,,41,32,,
2014/06/01,01,66,,,35,30,,
2014/06/01,02,59,,,33,28,,
2014/06/01,03,56,,,31,26,,
2014/06/01,04,53,,,28,25,,
2014/06/01,05,50,,,27,24,,
2014/06/01,06,42,,,21,21,,
2014/06/01,07,24,,,6,18,,
2014/06/01,08,18,,,4,14,,
2014/06/01,09,19,,,5,15,,
2014/06/01,10,28,,,11,17,,
2014/06/01,11,39,,,20,20,,
2014/06/01,12,50,,,25,25,,
2014/06/01,13,60,,,33,27,,
2014/06/01,14,78,,,47,32,,
2014/06/01,15,79,,,46,33,,
2014/06/01,16,74,,,43,31,,
2014/06/01,17,83,,,48,35,,
2014/06/01,18,79,,,44,35,,
2014/06/01,19,74,,,41,33,,
2014/06/01,20,66,,,33,33,,
2014/06/01,21,74,,,41,32,,
2014/06/01,22,71,,,39,32,,
2014/06/01,23,68,,,37,30,,
2014/06/01,24,61,,,33,28,,
2014/06/02,01,57,,,30,28,,
2014/06/02,02,53,,,26,26,,
2014/06/02,03,51,,,28,24,,
2014/06/02,04,47,,,24,23,,
2014/06/02,05,31,,,13,18,,
2014/06/02,06,21,,,5,16,,
2014/06/02,07,15,,,3,12,,
2014/06/02,08,16,,,3,13,,
2014/06/02,09,18,,,4,14,,
2014/06/02,10,24,,,9,17,,
2014/06/02,11,56,,,31,25,,
2014/06/02,12,63,,,35,28,,
2014/06/02,13,68,,,39,29,,
2014/06/02,14,68,,,41,27,,
2014/06/02,15,67,,,38,29,,
2014/06/02,16,69,,,40,30,,
2014/06/02,17,71,,,41,30,,
2014/06/02,18,76,,,44,33,,
2014/06/02,19,74,,,42,31,,
2014/06/02,20,72,,,42,31,,
2014/06/02,21,73,,,43,30,,
2014/06/02,22,69,,,40,31,,
2014/06/02,23,67,,,36,30,,
2014/06/02,24,59,,,30,29,,
2014/06/03,01,54,,,27,27,,
2014/06/03,02,52,,,28,25,,
2014/06/03,03,46,,,22,23,,
2014/06/03,04,37,,,18,21,,
2014/06/03,05,27,,,9,18,,
2014/06/03,06,21,,,5,15,,
2014/06/03,07,18,,,3,15,,
2014/06/03,08,17,,,3,15,,
2014/06/03,09,17,,,3,15,,
2014/06/03,10,29,,,12,17,,
2014/06/03,11,50,,,28,21,,
2014/06/03,12,57,,,32,26,,
2014/06/03,13,64,,,36,30,,
2014/06/03,14,64,,,38,27,,
2014/06/03,15,68,,,39,28,,
2014/06/03,16,66,,,38,28,,
2014/06/03,17,66,,,37,29,,
2014/06/03,18,67,,,36,30,,
2014/06/03,19,71,,,39,32,,
2014/06/03,20,70,,,39,31,,
2014/06/03,21,70,,,40,31,,
2014/06/03,22,69,,,38,31,,
2014/06/03,23,70,,,38,32,,
2014/06/03,24,65,,,36,29,,
2014/06/04,01,60,,,32,28,,
2014/06/04,02,54,,,29,25,,
2014/06/04,03,50,,,26,24,,
2014/06/04,04,45,,,24,21,,
2014/06/04,05,32,,,16,16,,
2014/06/04,06,27,,,10,17,,
2014/06/04,07,19,,,6,14,,
2014/06/04,08,16,,,4,12,,
2014/06/04,09,18,,,4,14,,
2014/06/04,10,33,,,15,18,,
2014/06/04,11,48,,,25,24,,
2014/06/04,12,60,,,34,27,,
2014/06/04,13,64,,,37,28,,
2014/06/04,14,62,,,36,27,,
2014/06/04,15,58,,,30,28,,
2014/06/04,16,65,,,35,30,,
2014/06/04,17,65,,,33,33,,
2014/06/04,18,70,,,38,32,,
2014/06/04,19,69,,,36,33,,
2014/06/04,20,70,,,38,32,,
2014/06/04,21,70,,,38,34,,
2014/06/04,22,67,,,35,32,,
2014/06/04,23,63,,,33,31,,
2014/06/04,24,58,,,29,29,,
2014/06/05,01,55,,,27,28,,
2014/06/05,02,54,,,28,26,,
2014/06/05,03,46,,,22,24,,
2014/06/05,04,39,,,19,20,,
2014/06/05,05,24,,,7,15,,
2014/06/05,06,19,,,4,16,,
2014/06/05,07,18,,,3,14,,
2014/06/05,08,14,,,3,12,,
2014/06/05,09,16,,,3,14,,
2014/06/05,10,23,,,5,17,,
2014/06/05,11,44,,,21,23,,
2014/06/05,12,52,,,27,26,,
2014/06/05,13,58,,,30,28,,
2014/06/05,14,58,,,30,28,,
2014/06/05,15,51,,,23,27,,
2014/06/05,16,59,,,28,31,,
2014/06/05,17,58,,,28,30,,
2014/06/05,18,63,,,33,31,,
2014/06/05,19,64,,,32,32,,
2014/06/05,20,66,,,35,32,,
2014/06/05,21,68,,,36,31,,
2014/06/05,22,65,,,32,31,,
2014/06/05,23,63,,,33,29,,
2014/06/05,24,62,,,33,29,,
2014/06/06,01,56,,,28,28,,
2014/06/06,02,51,,,25,26,,
2014/06/06,03,47,,,22,24,,
2014/06/06,04,27,,,8,19,,
2014/06/06,05,22,,,5,17,,
2014/06/06,06,17,,,2,14,,
2014/06/06,07,15,,,3,12,,
2014/06/06,08,16,,,3,14,,
2014/06/06,09,21,,,5,16,,
2014/06/06,10,27,,,9,17,,
2014/06/06,11,39,,,17,22,,
2014/06/06,12,45,,,20,25,,
2014/06/06,13,49,,,23,27,,
2014/06/06,14,49,,,23,27,,
2014/06/06,15,46,,,22,26,,
2014/06/06,16,54,,,24,30,,
2014/06/06,17,67,,,37,31,,
2014/06/06,18,66,,,36,30,,
2014/06/06,19,67,,,35,32,,
2014/06/06,20,66,,,34,32,,
2014/06/06,21,69,,,36,33,,
2014/06/06,22,68,,,36,32,,
2014/06/06,23,64,,,33,30,,
2014/06/06,24,64,,,35,30,,
2014/06/07,01,62,,,34,28,,
2014/06/07,02,59,,,32,27,,
2014/06/07,03,54,,,28,26,,
2014/06/07,04,49,,,23,26,,
2014/06/07,05,44,,,21,23,,
2014/06/07,06,35,,,14,20,,
2014/06/07,07,18,,,5,13,,
2014/06/07,08,19,,,6,13,,
2014/06/07,09,19,,,6,13,,
2014/06/07,10,26,,,9,18,,
2014/06/07,11,35,,,13,22,,
2014/06/07,12,41,,,17,24,,
2014/06/07,13,47,,,21,26,,
2014/06/07,14,59,,,31,29,,
2014/06/07,15,65,,,35,30,,
2014/06/07,16,62,,,32,31,,
2014/06/07,17,60,,,30,31,,
2014/06/07,18,60,,,29,31,,
2014/06/07,19,65,,,33,32,,
2014/06/07,20,68,,,35,31,,
2014/06/07,21,67,,,35,32,,
2014/06/07,22,65,,,33,32,,
2014/06/07,23,67,,,36,32,,
2014/06/07,24,63,,,32,30,,
2014/06/08,01,58,,,31,27,,
2014/06/08,02,56,,,30,26,,
2014/06/08,03,52,,,27,25,,
2014/06/08,04,51,,,26,24,,
2014/06/08,05,51,,,28,23,,
2014/06/08,06,38,,,17,20,,
2014/06/08,07,19,,,3,16,,
2014/06/08,08,17,,,3,15,,
2014/06/08,09,20,,,6,14,,
2014/06/08,10,22,,,6,16,,
2014/06/08,11,34,,,14,21,,
2014/06/08,12,44,,,21,24,,
2014/06/08,13,52,,,26,26,,
2014/06/08,14,59,,,32,28,,
2014/06/08,15,65,,,35,30,,
2014/06/08,16,65,,,33,31,,
2014/06/08,17,65,,,34,31,,
2014/06/08,18,66,,,36,30,,
2014/06/08,19,68,,,36,32,,
2014/06/08,20,64,,,32,32,,
2014/06/08,21,65,,,34,31,,
2014/06/08,22,63,,,34,29,,
2014/06/08,23,61,,,32,30,,
2014/06/08,24,56,,,29,27,,
2014/06/09,01,50,,,24,26,,
2014/06/09,02,46,,,21,25,,
2014/06/09,03,45,,,23,22,,
2014/06/09,04,33,,,13,19,,
2014/06/09,05,29,,,9,19,,
2014/06/09,06,23,,,6,17,,
2014/06/09,07,21,,,5,15,,
2014/06/09,08,22,,,8,15,,
2014/06/09,09,26,,,9,17,,
2014/06/09,10,28,,,10,17,,
2014/06/09,11,48,,,25,24,,
2014/06/09,12,53,,,29,25,,
2014/06/09,13,59,,,33,26,,
2014/06/09,14,61,,,33,27,,
2014/06/09,15,54,,,28,26,,
2014/06/09,16,56,,,29,26,,
2014/06/09,17,66,,,37,29,,
2014/06/09,18,65,,,37,30,,
2014/06/09,19,69,,,37,32,,
2014/06/09,20,69,,,36,32,,
2014/06/09,21,70,,,39,31,,
2014/06/09,22,69,,,39,30,,
2014/06/09,23,63,,,35,29,,
2014/06/09,24,60,,,33,28,,
2014/06/10,01,55,,,30,25,,
2014/06/10,02,51,,,27,24,,
2014/06/10,03,45,,,23,22,,
2014/06/10,04,39,,,20,19,,
2014/06/10,05,33,,,16,17,,
2014/06/10,06,24,,,9,14,,
2014/06/10,07,17,,,3,13,,
2014/06/10,08,19,,,5,14,,
2014/06/10,09,16,,,2,13,,
2014/06/10,10,22,,,6,16,,
2014/06/10,11,48,,,24,24,,
2014/06/10,12,58,,,32,27,,
2014/06/10,13,57,,,30,27,,
2014/06/10,14,56,,,30,26,,
2014/06/10,15,60,,,33,27,,
2014/06/10,16,67,,,36,30,,
2014/06/10,17,63,,,32,31,,
2014/06/10,18,65,,,33,32,,
2014/06/10,19,71,,,39,33,,
2014/06/10,20,70,,,38,32,,
2014/06/10,21,73,,,40,32,,
2014/06/10,22,69,,,38,32,,
2014/06/10,23,70,,,39,32,,
2014/06/10,24,66,,,37,29,,
2014/06/11,01,65,,,37,28,,
2014/06/11,02,53,,,27,26,,
2014/06/11,03,45,,,21,24,,
2014/06/11,04,42,,,20,21,,
2014/06/11,05,28,,,11,17,,
2014/06/11,06,23,,,8,15,,
2014/06/11,07,19,,,6,14,,
2014/06/11,08,21,,,7,14,,
2014/06/11,09,19,,,4,15,,
2014/06/11,10,28,,,12,17,,
2014/06/11,11,46,,,24,22,,
2014/06/11,12,48,,,24,24,,
2014/06/11,13,52,,,26,26,,
2014/06/11,14,54,,,26,28,,
2014/06/11,15,55,,,28,26,,
2014/06/11,16,65,,,35,30,,
2014/06/11,17,63,,,34,30,,
2014/06/11,18,61,,,29,31,,
2014/06/11,19,65,,,33,32,,
2014/06/11,20,68,,,35,33,,
2014/06/11,21,66,,,34,32,,
2014/06/11,22,69,,,38,31,,
2014/06/11,23,66,,,36,30,,
2014/06/11,24,64,,,33,30,,
2014/06/12,01,56,,,30,28,,
2014/06/12,02,48,,,22,27,,
2014/06/12,03,42,,,17,25,,
2014/06/12,04,34,,,13,21,,
2014/06/12,05,28,,,12,16,,
2014/06/12,06,18,,,3,15,,
2014/06/12,07,16,,,3,14,,
2014/06/12,08,18,,,4,14,,
2014/06/12,09,22,,,6,16,,
2014/06/12,10,24,,,7,17,,
2014/06/12,11,40,,,17,22,,
2014/06/12,12,53,,,27,26,,
2014/06/12,13,50,,,23,27,,
2014/06/12,14,52,,,26,26,,
2014/06/12,15,52,,,24,27,,
2014/06/12,16,62,,,32,31,,
2014/06/12,17,60,,,29,31,,
2014/06/12,18,59,,,28,30,,
2014/06/12,19,65,,,34,31,,
2014/06/12,20,67,,,35,32,,
2014/06/12,21,67,,,37,30,,
2014/06/12,22,70,,,38,31,,
2014/06/12,23,64,,,34,30,,
2014/06/12,24,59,,,30,29,,
2014/06/13,01,58,,,31,27,,
2014/06/13,02,51,,,25,26,,
2014/06/13,03,48,,,24,24,,
2014/06/13,04,36,,,18,18,,
2014/06/13,05,28,,,11,17,,
2014/06/13,06,23,,,7,16,,
2014/06/13,07,16,,,3,13,,
2014/06/13,08,18,,,4,14,,
2014/06/13,09,21,,,7,14,,
2014/06/13,10,33,,,15,19,,
2014/06/13,11,47,,,24,23,,
2014/06/13,12,53,,,28,25,,
2014/06/13,13,61,,,33,28,,
2014/06/13,14,64,,,36,28,,
2014/06/13,15,64,,,36,28,,
2014/06/13,16,61,,,33,30,,
2014/06/13,17,64,,,32,31,,
2014/06/13,18,66,,,34,31,,
2014/06/13,19,70,,,37,32,,
2014/06/13,20,79,,,46,34,,
2014/06/13,21,81,,,47,35,,
2014/06/13,22,73,,,40,33,,
2014/06/13,23,74,,,39,34,,
2014/06/13,24,72,,,40,33,,
2014/06/14,01,65,,,37,29,,
2014/06/14,02,61,,,33,28,,
2014/06/14,03,58,,,30,27,,
2014/06/14,04,48,,,22,26,,
2014/06/14,05,45,,,21,24,,
2014/06/14,06,28,,,9,19,,
2014/06/14,07,20,,,6,15,,
2014/06/14,08,20,,,6,14,,
2014/06/14,09,20,,,6,14,,
2014/06/14,10,29,,,12,18,,
2014/06/14,11,42,,,20,22,,
2014/06/14,12,47,,,23,24,,
2014/06/14,13,53,,,26,28,,
2014/06/14,14,74,,,44,30,,
2014/06/14,15,77,,,45,32,,
2014/06/14,16,72,,,40,33,,
2014/06/14,17,68,,,37,32,,
2014/06/14,18,73,,,40,32,,
2014/06/14,19,76,,,43,34,,
2014/06/14,20,78,,,44,34,,
2014/06/14,21,80,,,45,34,,
2014/06/14,22,77,,,44,34,,
2014/06/14,23,75,,,42,32,,
2014/06/14,24,67,,,36,31,,
2014/06/15,01,62,,,33,29,,
2014/06/15,02,61,,,34,28,,
2014/06/15,03,56,,,29,27,,
2014/06/15,04,54,,,27,27,,
2014/06/15,05,48,,,23,24,,
2014/06/15,06,42,,,21,21,,
2014/06/15,07,30,,,14,16,,
2014/06/15,08,34,,,17,16,,
2014/06/15,09,41,,,24,18,,
2014/06/15,10,48,,,28,20,,
2014/06/15,11,55,,,30,25,,
2014/06/15,12,59,,,34,26,,
2014/06/15,13,63,,,35,27,,
2014/06/15,14,71,,,40,31,,
2014/06/15,15,74,,,43,31,,
2014/06/15,16,70,,,39,32,,
2014/06/15,17,70,,,38,33,,
2014/06/15,18,69,,,36,32,,
2014/06/15,19,67,,,35,33,,
2014/06/15,20,68,,,36,32,,
2014/06/15,21,69,,,37,32,,
2014/06/15,22,70,,,39,32,,
2014/06/15,23,59,,,29,30,,
2014/06/15,24,57,,,30,29,,
2014/06/16,01,54,,,26,28,,
2014/06/16,02,50,,,23,27,,
2014/06/16,03,48,,,23,24,,
2014/06/16,04,42,,,20,22,,
2014/06/16,05,25,,,8,17,,
2014/06/16,06,24,,,7,16,,
2014/06/16,07,22,,,6,15,,
2014/06/16,08,21,,,5,16,,
2014/06/16,09,21,,,5,16,,
2014/06/16,10,27,,,8,20,,
2014/06/16,11,51,,,26,25,,
2014/06/16,12,56,,,32,25,,
2014/06/16,13,55,,,29,27,,
2014/06/16,14,60,,,36,25,,
2014/06/16,15,60,,,33,28,,
2014/06/16,16,65,,,38,28,,
2014/06/16,17,65,,,38,28,,
2014/06/16,18,62,,,35,28,,
2014/06/16,19,63,,,35,28,,
2014/06/16,20,65,,,35,30,,
2014/06/16,21,68,,,38,29,,
2014/06/16,22,64,,,36,28,,
2014/06/16,23,63,,,33,30,,
2014/06/16,24,59,,,32,28,,
2014/06/17,01,52,,,27,25,,
2014/06/17,02,49,,,26,24,,
2014/06/17,03,40,,,20,20,,
2014/06/17,04,32,,,14,19,,
2014/06/17,05,19,,,4,15,,
2014/06/17,06,18,,,4,14,,
2014/06/17,07,18,,,2,15,,
2014/06/17,08,16,,,2,14,,
2014/06/17,09,19,,,5,15,,
2014/06/17,10,26,,,9,18,,
2014/06/17,11,53,,,28,25,,
2014/06/17,12,59,,,32,28,,
2014/06/17,13,63,,,34,29,,
2014/06/17,14,63,,,36,27,,
2014/06/17,15,63,,,35,28,,
2014/06/17,16,67,,,37,30,,
2014/06/17,17,65,,,34,30,,
2014/06/17,18,67,,,37,31,,
2014/06/17,19,69,,,37,32,,
2014/06/17,20,70,,,39,31,,
2014/06/17,21,75,,,44,32,,
2014/06/17,22,70,,,39,32,,
2014/06/17,23,63,,,34,30,,
2014/06/17,24,59,,,31,29,,
2014/06/18,01,52,,,25,27,,
2014/06/18,02,49,,,23,26,,
2014/06/18,03,41,,,15,24,,
2014/06/18,04,30,,,10,20,,
2014/06/18,05,22,,,7,16,,
2014/06/18,06,22,,,6,16,,
2014/06/18,07,18,,,4,14,,
2014/06/18,08,17,,,3,15,,
2014/06/18,09,20,,,4,16,,
2014/06/18,10,28,,,10,19,,
2014/06/18,11,45,,,21,24,,
2014/06/18,12,50,,,24,25,,
2014/06/18,13,56,,,28,28,,
2014/06/18,14,56,,,29,27,,
2014/06/18,15,45,,,20,27,,
2014/06/18,16,58,,,28,30,,
2014/06/18,17,62,,,31,31,,
2014/06/18,18,63,,,32,31,,
2014/06/18,19,66,,,34,32,,
2014/06/18,20,65,,,33,32,,
2014/06/18,21,67,,,36,32,,
2014/06/18,22,65,,,33,32,,
2014/06/18,23,63,,,33,30,,
2014/06/18,24,64,,,36,28,,
2014/06/19,01,63,,,35,28,,
2014/06/19,02,55,,,29,26,,
2014/06/19,03,51,,,26,24,,
2014/06/19,04,39,,,17,22,,
2014/06/19,05,35,,,15,19,,
2014/06/19,06,28,,,11,17,,
2014/06/19,07,24,,,10,14,,
2014/06/19,08,27,,,11,16,,
2014/06/19,09,24,,,9,15,,
2014/06/19,10,33,,,14,19,,
2014/06/19,11,50,,,29,21,,
2014/06/19,12,59,,,34,26,,
2014/06/19,13,62,,,34,28,,
2014/06/19,14,65,,,38,29,,
2014/06/19,15,64,,,35,29,,
2014/06/19,16,70,,,40,29,,
2014/06/19,17,66,,,35,30,,
2014/06/19,18,68,,,38,30,,
2014/06/19,19,72,,,41,31,,
2014/06/19,20,73,,,42,32,,
2014/06/19,21,74,,,41,32,,
2014/06/19,22,72,,,42,32,,
2014/06/19,23,70,,,39,30,,
2014/06/19,24,61,,,32,29,,
2014/06/20,01,61,,,34,28,,
2014/06/20,02,55,,,29,26,,
2014/06/20,03,51,,,26,25,,
2014/06/20,04,47,,,25,22,,
2014/06/20,05,30,,,13,16,,
2014/06/20,06,24,,,8,16,,
2014/06/20,07,16,,,3,13,,
2014/06/20,08,16,,,3,14,,
2014/06/20,09,18,,,3,15,,
2014/06/20,10,26,,,9,18,,
2014/06/20,11,44,,,22,23,,
2014/06/20,12,55,,,29,25,,
2014/06/20,13,55,,,31,25,,
2014/06/20,14,56,,,31,24,,
2014/06/20,15,51,,,27,24,,
2014/06/20,16,59,,,31,28,,
2014/06/20,17,64,,,35,29,,
2014/06/20,18,69,,,39,30,,
2014/06/20,19,74,,,42,32,,
2014/06/20,20,80,,,46,34,,
2014/06/20,21,82,,,49,34,,
2014/06/20,22,80,,,47,34,,
2014/06/20,23,80,,,47,33,,
2014/06/20,24,74,,,42,31,,
2014/06/21,01,66,,,36,30,,
2014/06/21,02,61,,,32,28,,
2014/06/21,03,52,,,24,28,,
2014/06/21,04,48,,,22,26,,
2014/06/21,05,46,,,24,23,,
2014/06/21,06,31,,,12,19,,
2014/06/21,07,17,,,4,14,,
2014/06/21,08,16,,,3,14,,
2014/06/21,09,17,,,3,14,,
2014/06/21,10,28,,,10,18,,
2014/06/21,11,42,,,20,22,,
2014/06/21,12,45,,,19,26,,
2014/06/21,13,53,,,26,28,,
2014/06/21,14,67,,,38,30,,
2014/06/21,15,73,,,41,32,,
2014/06/21,16,72,,,40,33,,
2014/06/21,17,73,,,41,32,,
2014/06/21,18,74,,,41,33,,
2014/06/21,19,77,,,43,33,,
2014/06/21,20,78,,,44,35,,
2014/06/21,21,80,,,45,35,,
2014/06/21,22,83,,,49,33,,
2014/06/21,23,80,,,46,32,,
2014/06/21,24,72,,,42,30,,
2014/06/22,01,66,,,37,29,,
2014/06/22,02,60,,,33,28,,
2014/06/22,03,58,,,31,28,,
2014/06/22,04,56,,,28,28,,
2014/06/22,05,42,,,18,23,,
2014/06/22,06,29,,,12,18,,
2014/06/22,07,22,,,5,17,,
2014/06/22,08,21,,,6,16,,
2014/06/22,09,27,,,9,17,,
2014/06/22,10,28,,,10,18,,
2014/06/22,11,38,,,18,20,,
2014/06/22,12,48,,,25,23,,
2014/06/22,13,53,,,28,25,,
2014/06/22,14,61,,,32,29,,
2014/06/22,15,70,,,39,32,,
2014/06/22,16,72,,,40,32,,
2014/06/22,17,73,,,40,33,,
2014/06/22,18,70,,,37,33,,
2014/06/22,19,76,,,40,34,,
2014/06/22,20,75,,,42,33,,
2014/06/22,21,73,,,41,33,,
2014/06/22,22,70,,,38,32,,
2014/06/22,23,63,,,31,31,,
2014/06/22,24,58,,,29,30,,
2014/06/23,01,53,,,27,26,,
2014/06/23,02,47,,,23,26,,
2014/06/23,03,47,,,24,24,,
2014/06/23,04,41,,,20,21,,
2014/06/23,05,27,,,10,17,,
2014/06/23,06,23,,,6,17,,
2014/06/23,07,16,,,3,14,,
2014/06/23,08,16,,,2,13,,
2014/06/23,09,17,,,3,15,,
2014/06/23,10,29,,,13,18,,
2014/06/23,11,50,,,26,24,,
2014/06/23,12,57,,,34,23,,
2014/06/23,13,59,,,34,26,,
2014/06/23,14,57,,,32,25,,
2014/06/23,15,63,,,37,25,,
2014/06/23,16,63,,,35,28,,
2014/06/23,17,60,,,31,29,,
2014/06/23,18,61,,,31,30,,
2014/06/23,19,67,,,34,32,,
2014/06/23,20,67,,,36,31,,
2014/06/23,21,65,,,35,31,,
2014/06/23,22,66,,,36,31,,
2014/06/23,23,67,,,38,29,,
2014/06/23,24,55,,,29,28,,
2014/06/24,01,54,,,28,26,,
2014/06/24,02,50,,,24,26,,
2014/06/24,03,36,,,14,22,,
2014/06/24,04,30,,,12,17,,
2014/06/24,05,22,,,7,15,,
2014/06/24,06,18,,,3,15,,
2014/06/24,07,19,,,4,15,,
2014/06/24,08,19,,,3,15,,
2014/06/24,09,18,,,3,15,,
2014/06/24,10,26,,,9,18,,
2014/06/24,11,53,,,29,25,,
2014/06/24,12,56,,,31,25,,
2014/06/24,13,56,,,29,27,,
2014/06/24,14,59,,,32,27,,
2014/06/24,15,60,,,33,27,,
2014/06/24,16,63,,,34,30,,
2014/06/24,17,61,,,31,30,,
2014/06/24,18,59,,,31,29,,
2014/06/24,19,66,,,35,31,,
2014/06/24,20,70,,,38,31,,
2014/06/24,21,72,,,42,30,,
2014/06/24,22,63,,,33,29,,
2014/06/24,23,65,,,37,29,,
2014/06/24,24,60,,,32,29,,
2014/06/25,01,54,,,27,26,,
2014/06/25,02,55,,,30,25,,
2014/06/25,03,47,,,24,23,,
2014/06/25,04,37,,,17,19,,
2014/06/25,05,32,,,15,18,,
2014/06/25,06,30,,,11,19,,
2014/06/25,07,28,,,10,17,,
2014/06/25,08,24,,,10,14,,
2014/06/25,09,24,,,10,14,,
2014/06/25,10,33,,,15,18,,
2014/06/25,11,40,,,19,21,,
2014/06/25,12,49,,,25,26,,
2014/06/25,13,56,,,30,27,,
2014/06/25,14,57,,,30,26,,
2014/06/25,15,58,,,29,29,,
2014/06/25,16,62,,,32,30,,
2014/06/25,17,68,,,38,30,,
2014/06/25,18,66,,,34,31,,
2014/06/25,19,69,,,35,33,,
2014/06/25,20,72,,,41,32,,
2014/06/25,21,76,,,42,34,,
2014/06/25,22,73,,,41,32,,
2014/06/25,23,74,,,43,31,,
2014/06/25,24,67,,,36,31,,
2014/06/26,01,58,,,30,28,,
2014/06/26,02,55,,,29,26,,
2014/06/26,03,45,,,22,23,,
2014/06/26,04,37,,,19,20,,
2014/06/26,05,23,,,8,15,,
2014/06/26,06,17,,,3,15,,
2014/06/26,07,17,,,2,15,,
2014/06/26,08,17,,,3,15,,
2014/06/26,09,18,,,3,15,,
2014/06/26,10,24,,,5,19,,
2014/06/26,11,48,,,25,23,,
2014/06/26,12,57,,,31,27,,
2014/06/26,13,58,,,31,27,,
2014/06/26,14,60,,,31,29,,
2014/06/26,15,63,,,33,30,,
2014/06/26,16,66,,,35,31,,
2014/06/26,17,66,,,35,31,,
2014/06/26,18,69,,,37,32,,
2014/06/26,19,67,,,35,32,,
2014/06/26,20,75,,,44,32,,
2014/06/26,21,74,,,42,33,,
2014/06/26,22,73,,,41,32,,
2014/06/26,23,70,,,39,31,,
2014/06/26,24,68,,,36,32,,
2014/06/27,01,62,,,33,29,,
2014/06/27,02,57,,,30,28,,
2014/06/27,03,48,,,22,25,,
2014/06/27,04,41,,,18,23,,
2014/06/27,05,34,,,16,17,,
2014/06/27,06,21,,,6,16,,
2014/06/27,07,22,,,6,16,,
2014/06/27,08,23,,,7,16,,
2014/06/27,09,23,,,7,16,,
2014/06/27,10,29,,,11,18,,
2014/06/27,11,40,,,17,23,,
2014/06/27,12,51,,,26,25,,
2014/06/27,13,59,,,31,28,,
2014/06/27,14,57,,,29,27,,
2014/06/27,15,61,,,32,29,,
2014/06/27,16,64,,,33,31,,
2014/06/27,17,73,,,41,32,,
2014/06/27,18,81,,,48,33,,
2014/06/27,19,79,,,46,34,,
2014/06/27,20,85,,,51,34,,
2014/06/27,21,83,,,50,33,,
2014/06/27,22,80,,,46,33,,
2014/06/27,23,83,,,51,32,,
2014/06/27,24,78,,,47,32,,
2014/06/28,01,67,,,37,30,,
2014/06/28,02,65,,,36,28,,
2014/06/28,03,58,,,31,28,,
2014/06/28,04,56,,,28,28,,
2014/06/28,05,50,,,25,24,,
2014/06/28,06,30,,,8,21,,
2014/06/28,07,21,,,5,16,,
2014/06/28,08,16,,,3,14,,
2014/06/28,09,19,,,4,14,,
2014/06/28,10,32,,,14,18,,
2014/06/28,11,50,,,29,21,,
2014/06/28,12,59,,,32,25,,
2014/06/28,13,60,,,33,28,,
2014/06/28,14,65,,,36,29,,
2014/06/28,15,78,,,47,32,,
2014/06/28,16,75,,,42,32,,
2014/06/28,17,69,,,37,32,,
2014/06/28,18,67,,,36,33,,
2014/06/28,19,77,,,44,34,,
2014/06/28,20,83,,,49,34,,
2014/06/28,21,81,,,48,34,,
2014/06/28,22,83,,,50,33,,
2014/06/28,23,79,,,46,33,,
2014/06/28,24,69,,,38,32,,
2014/06/29,01,62,,,35,29,,
2014/06/29,02,54,,,27,28,,
2014/06/29,03,54,,,26,27,,
2014/06/29,04,51,,,24,26,,
2014/06/29,05,46,,,23,23,,
2014/06/29,06,39,,,18,21,,
2014/06/29,07,25,,,9,16,,
2014/06/29,08,25,,,8,17,,
2014/06/29,09,35,,,16,19,,
2014/06/29,10,40,,,22,19,,
2014/06/29,11,47,,,26,21,,
2014/06/29,12,52,,,28,24,,
2014/06/29,13,61,,,33,27,,
2014/06/29,14,76,,,47,29,,
2014/06/29,15,75,,,45,31,,
2014/06/29,16,72,,,43,30,,
2014/06/29,17,74,,,44,30,,
2014/06/29,18,74,,,42,32,,
2014/06/29,19,77,,,45,32,,
2014/06/29,20,80,,,47,33,,
2014/06/29,21,78,,,47,33,,
2014/06/29,22,76,,,45,32,,
2014/06/29,23,69,,,38,31,,
2014/06/29,24,65,,,35,30,,
2014/06/30,01,60,,,32,28,,
2014/06/30,02,52,,,24,27,,
2014/06/30,03,40,,,17,24,,
2014/06/30,04,33,,,12,20,,
2014/06/30,05,28,,,10,18,,
2014/06/30,06,23,,,6,16,,
2014/06/30,07,26,,,9,18,,
2014/06/30,08,29,,,13,16,,
2014/06/30,09,28,,,12,17,,
2014/06/30,10,30,,,13,17,,
2014/06/30,11,46,,,21,24,,
2014/06/30,12,50,,,23,26,,
2014/06/30,13,48,,,22,26,,
2014/06/30,14,52,,,24,27,,
2014/06/30,15,48,,,21,27,,
2014/06/30,16,57,,,28,29,,
2014/06/30,17,69,,,37,32,,
2014/06/30,18,71,,,38,32,,
2014/06/30,19,71,,,40,32,,
2014/06/30,20,72,,,39,32,,
2014/06/30,21,68,,,37,31,,
2014/06/30,22,69,,,37,32,,
2014/06/30,23,67,,,37,31,,
2014/06/30,24,65,,,34,30,,
