計測日,計測時間,全体,空調,照明,動力,電灯,冷凍・冷熱,その他
2012/09/01,01,21,,,12,9,,
2012/09/01,02,21,,,12,9,,
2012/09/01,03,19,,,10,9,,
2012/09/01,04,22,,,12,10,,
2012/09/01,05,19,,,10,9,,
2012/09/01,06,19,,,11,9,,
2012/09/01,07,20,,,11,9,,
2012/09/01,08,18,,,11,7,,
2012/09/01,09,15,,,9,6,,
2012/09/01,10,19,,,12,6,,
2012/09/01,11,18,,,12,6,,
2012/09/01,12,19,,,13,6,,
2012/09/01,13,20,,,13,7,,
2012/09/01,14,19,,,12,6,,
2012/09/01,15,21,,,14,7,,
2012/09/01,16,20,,,13,7,,
2012/09/01,17,18,,,11,7,,
2012/09/01,18,20,,,12,8,,
2012/09/01,19,20,,,12,9,,
2012/09/01,20,19,,,11,9,,
2012/09/01,21,17,,,9,9,,
2012/09/01,22,19,,,11,9,,
2012/09/01,23,20,,,12,9,,
2012/09/01,24,20,,,12,9,,
2012/09/02,01,20,,,12,9,,
2012/09/02,02,20,,,11,9,,
2012/09/02,03,18,,,10,9,,
2012/09/02,04,19,,,10,9,,
2012/09/02,05,19,,,9,10,,
2012/09/02,06,19,,,10,9,,
2012/09/02,07,18,,,11,7,,
2012/09/02,08,17,,,11,6,,
2012/09/02,09,15,,,9,6,,
2012/09/02,10,18,,,12,6,,
2012/09/02,11,18,,,11,6,,
2012/09/02,12,18,,,12,6,,
2012/09/02,13,20,,,13,7,,
2012/09/02,14,20,,,14,6,,
2012/09/02,15,20,,,14,6,,
2012/09/02,16,20,,,13,6,,
2012/09/02,17,18,,,12,6,,
2012/09/02,18,20,,,12,8,,
2012/09/02,19,20,,,12,9,,
2012/09/02,20,19,,,11,9,,
2012/09/02,21,17,,,9,9,,
2012/09/02,22,19,,,11,9,,
2012/09/02,23,19,,,11,9,,
2012/09/02,24,19,,,10,9,,
2012/09/03,01,19,,,10,9,,
2012/09/03,02,18,,,10,9,,
2012/09/03,03,18,,,10,9,,
2012/09/03,04,21,,,12,9,,
2012/09/03,05,19,,,9,9,,
2012/09/03,06,19,,,10,9,,
2012/09/03,07,19,,,11,9,,
2012/09/03,08,17,,,11,7,,
2012/09/03,09,15,,,9,6,,
2012/09/03,10,19,,,12,7,,
2012/09/03,11,17,,,11,6,,
2012/09/03,12,20,,,13,6,,
2012/09/03,13,20,,,13,7,,
2012/09/03,14,20,,,14,6,,
2012/09/03,15,21,,,14,6,,
2012/09/03,16,20,,,14,6,,
2012/09/03,17,19,,,12,6,,
2012/09/03,18,22,,,13,9,,
2012/09/03,19,20,,,12,8,,
2012/09/03,20,20,,,11,9,,
2012/09/03,21,17,,,9,8,,
2012/09/03,22,21,,,12,9,,
2012/09/03,23,21,,,12,9,,
2012/09/03,24,20,,,11,9,,
2012/09/04,01,19,,,11,9,,
2012/09/04,02,22,,,13,9,,
2012/09/04,03,18,,,9,9,,
2012/09/04,04,20,,,12,8,,
2012/09/04,05,19,,,10,10,,
2012/09/04,06,20,,,11,9,,
2012/09/04,07,19,,,11,8,,
2012/09/04,08,18,,,11,7,,
2012/09/04,09,16,,,9,6,,
2012/09/04,10,20,,,14,6,,
2012/09/04,11,19,,,13,7,,
2012/09/04,12,20,,,14,6,,
2012/09/04,13,20,,,14,6,,
2012/09/04,14,21,,,14,6,,
2012/09/04,15,22,,,15,8,,
2012/09/04,16,22,,,13,9,,
2012/09/04,17,21,,,12,9,,
2012/09/04,18,20,,,12,9,,
2012/09/04,19,20,,,11,9,,
2012/09/04,20,20,,,11,9,,
2012/09/04,21,16,,,8,9,,
2012/09/04,22,21,,,13,9,,
2012/09/04,23,21,,,13,9,,
2012/09/04,24,22,,,13,9,,
2012/09/05,01,20,,,12,9,,
2012/09/05,02,20,,,12,8,,
2012/09/05,03,19,,,10,9,,
2012/09/05,04,21,,,12,9,,
2012/09/05,05,19,,,10,9,,
2012/09/05,06,20,,,11,9,,
2012/09/05,07,19,,,11,7,,
2012/09/05,08,19,,,11,8,,
2012/09/05,09,16,,,10,6,,
2012/09/05,10,20,,,12,7,,
2012/09/05,11,18,,,12,7,,
2012/09/05,12,19,,,13,6,,
2012/09/05,13,20,,,14,6,,
2012/09/05,14,21,,,14,6,,
2012/09/05,15,22,,,16,6,,
2012/09/05,16,22,,,15,7,,
2012/09/05,17,20,,,13,7,,
2012/09/05,18,22,,,14,9,,
2012/09/05,19,21,,,13,9,,
2012/09/05,20,21,,,12,9,,
2012/09/05,21,18,,,9,9,,
2012/09/05,22,21,,,12,9,,
2012/09/05,23,20,,,12,9,,
2012/09/05,24,20,,,11,9,,
2012/09/06,01,20,,,12,9,,
2012/09/06,02,21,,,13,9,,
2012/09/06,03,18,,,10,9,,
2012/09/06,04,21,,,12,9,,
2012/09/06,05,20,,,10,10,,
2012/09/06,06,20,,,11,9,,
2012/09/06,07,19,,,11,7,,
2012/09/06,08,19,,,12,7,,
2012/09/06,09,17,,,10,7,,
2012/09/06,10,21,,,15,6,,
2012/09/06,11,20,,,14,6,,
2012/09/06,12,21,,,15,6,,
2012/09/06,13,22,,,15,7,,
2012/09/06,14,22,,,16,7,,
2012/09/06,15,23,,,16,7,,
2012/09/06,16,23,,,15,7,,
2012/09/06,17,21,,,13,8,,
2012/09/06,18,22,,,14,8,,
2012/09/06,19,22,,,13,8,,
2012/09/06,20,21,,,13,9,,
2012/09/06,21,19,,,11,8,,
2012/09/06,22,22,,,14,9,,
2012/09/06,23,23,,,15,8,,
2012/09/06,24,22,,,14,8,,
2012/09/07,01,21,,,12,9,,
2012/09/07,02,21,,,12,9,,
2012/09/07,03,18,,,10,8,,
2012/09/07,04,22,,,13,9,,
2012/09/07,05,21,,,12,9,,
2012/09/07,06,21,,,12,9,,
2012/09/07,07,21,,,12,9,,
2012/09/07,08,20,,,11,9,,
2012/09/07,09,18,,,9,9,,
2012/09/07,10,20,,,11,9,,
2012/09/07,11,19,,,11,9,,
2012/09/07,12,18,,,11,7,,
2012/09/07,13,18,,,11,7,,
2012/09/07,14,20,,,13,7,,
2012/09/07,15,19,,,13,7,,
2012/09/07,16,19,,,13,7,,
2012/09/07,17,20,,,13,7,,
2012/09/07,18,22,,,13,9,,
2012/09/07,19,22,,,13,9,,
2012/09/07,20,21,,,12,9,,
2012/09/07,21,18,,,9,9,,
2012/09/07,22,21,,,12,9,,
2012/09/07,23,21,,,12,9,,
2012/09/07,24,20,,,11,9,,
2012/09/08,01,20,,,11,8,,
2012/09/08,02,21,,,12,8,,
2012/09/08,03,18,,,10,8,,
2012/09/08,04,21,,,12,10,,
2012/09/08,05,19,,,10,9,,
2012/09/08,06,20,,,11,9,,
2012/09/08,07,20,,,11,9,,
2012/09/08,08,20,,,11,9,,
2012/09/08,09,18,,,9,9,,
2012/09/08,10,21,,,13,8,,
2012/09/08,11,18,,,12,7,,
2012/09/08,12,20,,,13,7,,
2012/09/08,13,21,,,14,7,,
2012/09/08,14,22,,,14,8,,
2012/09/08,15,20,,,13,7,,
2012/09/08,16,23,,,16,7,,
2012/09/08,17,20,,,14,7,,
2012/09/08,18,22,,,14,8,,
2012/09/08,19,22,,,14,8,,
2012/09/08,20,21,,,12,9,,
2012/09/08,21,20,,,11,9,,
2012/09/08,22,23,,,14,9,,
2012/09/08,23,21,,,13,9,,
2012/09/08,24,21,,,12,9,,
2012/09/09,01,20,,,11,9,,
2012/09/09,02,21,,,12,9,,
2012/09/09,03,19,,,10,9,,
2012/09/09,04,21,,,12,9,,
2012/09/09,05,20,,,10,10,,
2012/09/09,06,20,,,11,9,,
2012/09/09,07,20,,,12,8,,
2012/09/09,08,19,,,12,7,,
2012/09/09,09,16,,,10,6,,
2012/09/09,10,21,,,14,7,,
2012/09/09,11,21,,,15,6,,
2012/09/09,12,24,,,17,6,,
2012/09/09,13,25,,,18,7,,
2012/09/09,14,24,,,17,6,,
2012/09/09,15,24,,,17,7,,
2012/09/09,16,25,,,18,7,,
2012/09/09,17,23,,,16,7,,
2012/09/09,18,25,,,17,9,,
2012/09/09,19,24,,,15,9,,
2012/09/09,20,23,,,14,9,,
2012/09/09,21,19,,,10,9,,
2012/09/09,22,25,,,16,9,,
2012/09/09,23,24,,,15,9,,
2012/09/09,24,23,,,14,9,,
2012/09/10,01,21,,,13,8,,
2012/09/10,02,21,,,13,8,,
2012/09/10,03,19,,,10,8,,
2012/09/10,04,22,,,13,9,,
2012/09/10,05,20,,,11,9,,
2012/09/10,06,20,,,12,9,,
2012/09/10,07,21,,,12,9,,
2012/09/10,08,20,,,13,7,,
2012/09/10,09,17,,,11,6,,
2012/09/10,10,23,,,16,6,,
2012/09/10,11,23,,,16,7,,
2012/09/10,12,23,,,17,6,,
2012/09/10,13,24,,,18,6,,
2012/09/10,14,23,,,17,6,,
2012/09/10,15,24,,,18,6,,
2012/09/10,16,23,,,17,7,,
2012/09/10,17,21,,,13,8,,
2012/09/10,18,21,,,13,8,,
2012/09/10,19,20,,,12,8,,
2012/09/10,20,20,,,12,8,,
2012/09/10,21,17,,,9,8,,
2012/09/10,22,21,,,12,9,,
2012/09/10,23,21,,,12,9,,
2012/09/10,24,22,,,13,9,,
2012/09/11,01,21,,,12,9,,
2012/09/11,02,21,,,13,9,,
2012/09/11,03,19,,,10,9,,
2012/09/11,04,21,,,12,9,,
2012/09/11,05,20,,,10,9,,
2012/09/11,06,20,,,11,9,,
2012/09/11,07,20,,,12,9,,
2012/09/11,08,20,,,11,9,,
2012/09/11,09,17,,,9,8,,
2012/09/11,10,20,,,13,7,,
2012/09/11,11,18,,,12,7,,
2012/09/11,12,20,,,14,7,,
2012/09/11,13,19,,,13,7,,
2012/09/11,14,19,,,12,7,,
2012/09/11,15,20,,,14,7,,
2012/09/11,16,22,,,15,7,,
2012/09/11,17,19,,,12,7,,
2012/09/11,18,23,,,14,8,,
2012/09/11,19,22,,,13,9,,
2012/09/11,20,21,,,12,9,,
2012/09/11,21,18,,,10,9,,
2012/09/11,22,22,,,13,9,,
2012/09/11,23,20,,,11,9,,
2012/09/11,24,21,,,12,9,,
2012/09/12,01,19,,,11,8,,
2012/09/12,02,21,,,13,8,,
2012/09/12,03,18,,,10,8,,
2012/09/12,04,20,,,11,9,,
2012/09/12,05,20,,,10,9,,
2012/09/12,06,20,,,11,9,,
2012/09/12,07,19,,,11,8,,
2012/09/12,08,18,,,12,7,,
2012/09/12,09,15,,,9,6,,
2012/09/12,10,22,,,15,6,,
2012/09/12,11,20,,,14,6,,
2012/09/12,12,21,,,15,7,,
2012/09/12,13,21,,,15,7,,
2012/09/12,14,23,,,16,7,,
2012/09/12,15,23,,,16,7,,
2012/09/12,16,23,,,16,7,,
2012/09/12,17,21,,,15,7,,
2012/09/12,18,23,,,15,9,,
2012/09/12,19,22,,,13,9,,
2012/09/12,20,21,,,12,9,,
2012/09/12,21,17,,,9,9,,
2012/09/12,22,21,,,12,9,,
2012/09/12,23,22,,,14,9,,
2012/09/12,24,22,,,14,9,,
2012/09/13,01,20,,,12,9,,
2012/09/13,02,22,,,14,8,,
2012/09/13,03,18,,,10,8,,
2012/09/13,04,21,,,12,9,,
2012/09/13,05,19,,,10,9,,
2012/09/13,06,20,,,11,9,,
2012/09/13,07,18,,,11,7,,
2012/09/13,08,18,,,12,6,,
2012/09/13,09,16,,,10,7,,
2012/09/13,10,20,,,13,6,,
2012/09/13,11,19,,,13,6,,
2012/09/13,12,20,,,14,6,,
2012/09/13,13,20,,,14,7,,
2012/09/13,14,21,,,15,6,,
2012/09/13,15,21,,,14,6,,
2012/09/13,16,23,,,16,7,,
2012/09/13,17,22,,,15,7,,
2012/09/13,18,23,,,15,8,,
2012/09/13,19,22,,,13,8,,
2012/09/13,20,21,,,12,9,,
2012/09/13,21,19,,,11,9,,
2012/09/13,22,23,,,15,9,,
2012/09/13,23,22,,,14,9,,
2012/09/13,24,21,,,13,8,,
2012/09/14,01,20,,,11,8,,
2012/09/14,02,20,,,12,9,,
2012/09/14,03,19,,,10,8,,
2012/09/14,04,20,,,12,8,,
2012/09/14,05,19,,,9,10,,
2012/09/14,06,19,,,11,9,,
2012/09/14,07,18,,,11,8,,
2012/09/14,08,18,,,12,7,,
2012/09/14,09,16,,,10,6,,
2012/09/14,10,20,,,13,6,,
2012/09/14,11,20,,,14,6,,
2012/09/14,12,22,,,15,6,,
2012/09/14,13,22,,,16,7,,
2012/09/14,14,22,,,16,6,,
2012/09/14,15,22,,,16,6,,
2012/09/14,16,23,,,17,6,,
2012/09/14,17,23,,,17,6,,
2012/09/14,18,24,,,17,8,,
2012/09/14,19,22,,,14,8,,
2012/09/14,20,22,,,13,9,,
2012/09/14,21,18,,,9,9,,
2012/09/14,22,21,,,13,9,,
2012/09/14,23,22,,,14,9,,
2012/09/14,24,22,,,14,9,,
2012/09/15,01,21,,,13,8,,
2012/09/15,02,22,,,13,8,,
2012/09/15,03,19,,,11,8,,
2012/09/15,04,22,,,12,9,,
2012/09/15,05,20,,,11,9,,
2012/09/15,06,20,,,11,9,,
2012/09/15,07,20,,,12,8,,
2012/09/15,08,19,,,12,6,,
2012/09/15,09,17,,,11,7,,
2012/09/15,10,20,,,14,6,,
2012/09/15,11,20,,,14,6,,
2012/09/15,12,22,,,16,6,,
2012/09/15,13,24,,,16,7,,
2012/09/15,14,22,,,16,6,,
2012/09/15,15,23,,,16,6,,
2012/09/15,16,23,,,16,6,,
2012/09/15,17,21,,,15,7,,
2012/09/15,18,24,,,15,9,,
2012/09/15,19,23,,,14,9,,
2012/09/15,20,23,,,14,9,,
2012/09/15,21,18,,,9,9,,
2012/09/15,22,21,,,13,9,,
2012/09/15,23,22,,,14,8,,
2012/09/15,24,22,,,14,8,,
2012/09/16,01,21,,,13,8,,
2012/09/16,02,21,,,12,8,,
2012/09/16,03,19,,,11,8,,
2012/09/16,04,22,,,13,10,,
2012/09/16,05,19,,,11,8,,
2012/09/16,06,20,,,11,9,,
2012/09/16,07,19,,,12,7,,
2012/09/16,08,19,,,13,6,,
2012/09/16,09,16,,,10,6,,
2012/09/16,10,20,,,14,6,,
2012/09/16,11,21,,,14,6,,
2012/09/16,12,23,,,16,7,,
2012/09/16,13,24,,,16,8,,
2012/09/16,14,23,,,16,7,,
2012/09/16,15,23,,,16,7,,
2012/09/16,16,23,,,16,6,,
2012/09/16,17,22,,,15,7,,
2012/09/16,18,23,,,15,8,,
2012/09/16,19,23,,,14,9,,
2012/09/16,20,21,,,13,9,,
2012/09/16,21,20,,,11,9,,
2012/09/16,22,22,,,14,8,,
2012/09/16,23,21,,,12,9,,
2012/09/16,24,21,,,12,9,,
2012/09/17,01,20,,,11,8,,
2012/09/17,02,18,,,10,8,,
2012/09/17,03,19,,,11,8,,
2012/09/17,04,21,,,12,9,,
2012/09/17,05,19,,,10,9,,
2012/09/17,06,20,,,11,9,,
2012/09/17,07,20,,,12,8,,
2012/09/17,08,19,,,12,7,,
2012/09/17,09,16,,,10,6,,
2012/09/17,10,20,,,14,6,,
2012/09/17,11,21,,,14,7,,
2012/09/17,12,22,,,15,7,,
2012/09/17,13,22,,,16,7,,
2012/09/17,14,21,,,15,6,,
2012/09/17,15,21,,,16,6,,
2012/09/17,16,21,,,16,6,,
2012/09/17,17,20,,,15,6,,
2012/09/17,18,23,,,15,8,,
2012/09/17,19,23,,,14,9,,
2012/09/17,20,23,,,14,9,,
2012/09/17,21,20,,,11,9,,
2012/09/17,22,22,,,13,9,,
2012/09/17,23,21,,,12,9,,
2012/09/17,24,22,,,13,9,,
2012/09/18,01,20,,,12,8,,
2012/09/18,02,20,,,11,8,,
2012/09/18,03,18,,,10,9,,
2012/09/18,04,22,,,14,8,,
2012/09/18,05,20,,,11,9,,
2012/09/18,06,20,,,12,9,,
2012/09/18,07,19,,,12,8,,
2012/09/18,08,18,,,12,6,,
2012/09/18,09,16,,,10,6,,
2012/09/18,10,20,,,14,7,,
2012/09/18,11,21,,,15,6,,
2012/09/18,12,21,,,15,6,,
2012/09/18,13,21,,,15,7,,
2012/09/18,14,24,,,17,7,,
2012/09/18,15,23,,,16,7,,
2012/09/18,16,23,,,16,7,,
2012/09/18,17,21,,,15,7,,
2012/09/18,18,24,,,15,9,,
2012/09/18,19,23,,,15,9,,
2012/09/18,20,22,,,14,9,,
2012/09/18,21,21,,,13,9,,
2012/09/18,22,23,,,14,9,,
2012/09/18,23,21,,,13,9,,
2012/09/18,24,20,,,12,8,,
2012/09/19,01,19,,,11,8,,
2012/09/19,02,22,,,14,8,,
2012/09/19,03,19,,,11,8,,
2012/09/19,04,20,,,12,8,,
2012/09/19,05,19,,,10,10,,
2012/09/19,06,20,,,11,9,,
2012/09/19,07,18,,,11,7,,
2012/09/19,08,18,,,12,6,,
2012/09/19,09,17,,,11,6,,
2012/09/19,10,21,,,15,6,,
2012/09/19,11,21,,,15,6,,
2012/09/19,12,21,,,15,6,,
2012/09/19,13,22,,,15,7,,
2012/09/19,14,21,,,15,6,,
2012/09/19,15,23,,,15,8,,
2012/09/19,16,22,,,15,7,,
2012/09/19,17,22,,,15,8,,
2012/09/19,18,23,,,14,9,,
2012/09/19,19,22,,,13,9,,
2012/09/19,20,21,,,13,9,,
2012/09/19,21,19,,,10,9,,
2012/09/19,22,21,,,12,9,,
2012/09/19,23,21,,,12,9,,
2012/09/19,24,20,,,11,8,,
2012/09/20,01,20,,,12,8,,
2012/09/20,02,20,,,12,8,,
2012/09/20,03,18,,,10,8,,
2012/09/20,04,21,,,12,9,,
2012/09/20,05,18,,,10,8,,
2012/09/20,06,19,,,10,8,,
2012/09/20,07,19,,,11,8,,
2012/09/20,08,18,,,12,7,,
2012/09/20,09,16,,,10,6,,
2012/09/20,10,20,,,13,6,,
2012/09/20,11,20,,,14,6,,
2012/09/20,12,22,,,16,6,,
2012/09/20,13,24,,,17,7,,
2012/09/20,14,24,,,16,8,,
2012/09/20,15,24,,,17,7,,
2012/09/20,16,23,,,16,6,,
2012/09/20,17,22,,,16,7,,
2012/09/20,18,23,,,14,9,,
2012/09/20,19,22,,,13,9,,
2012/09/20,20,21,,,12,9,,
2012/09/20,21,18,,,10,9,,
2012/09/20,22,22,,,14,9,,
2012/09/20,23,21,,,13,8,,
2012/09/20,24,20,,,12,9,,
2012/09/21,01,21,,,12,9,,
2012/09/21,02,21,,,12,8,,
2012/09/21,03,18,,,10,8,,
2012/09/21,04,21,,,12,9,,
2012/09/21,05,19,,,10,9,,
2012/09/21,06,19,,,11,8,,
2012/09/21,07,19,,,11,8,,
2012/09/21,08,18,,,12,6,,
2012/09/21,09,16,,,10,6,,
2012/09/21,10,20,,,13,7,,
2012/09/21,11,19,,,13,6,,
2012/09/21,12,22,,,16,6,,
2012/09/21,13,23,,,16,7,,
2012/09/21,14,25,,,19,6,,
2012/09/21,15,23,,,17,6,,
2012/09/21,16,22,,,16,7,,
2012/09/21,17,20,,,14,6,,
2012/09/21,18,23,,,14,9,,
2012/09/21,19,22,,,13,9,,
2012/09/21,20,21,,,12,9,,
2012/09/21,21,19,,,10,9,,
2012/09/21,22,21,,,13,9,,
2012/09/21,23,20,,,12,9,,
2012/09/21,24,20,,,11,9,,
2012/09/22,01,19,,,11,8,,
2012/09/22,02,20,,,11,8,,
2012/09/22,03,17,,,9,8,,
2012/09/22,04,20,,,11,9,,
2012/09/22,05,18,,,9,9,,
2012/09/22,06,19,,,10,8,,
2012/09/22,07,19,,,10,9,,
2012/09/22,08,17,,,10,7,,
2012/09/22,09,16,,,10,6,,
2012/09/22,10,21,,,15,7,,
2012/09/22,11,21,,,15,6,,
2012/09/22,12,23,,,17,6,,
2012/09/22,13,22,,,15,6,,
2012/09/22,14,21,,,15,6,,
2012/09/22,15,22,,,16,7,,
2012/09/22,16,22,,,16,6,,
2012/09/22,17,21,,,14,7,,
2012/09/22,18,24,,,15,9,,
2012/09/22,19,23,,,14,9,,
2012/09/22,20,21,,,12,9,,
2012/09/22,21,18,,,10,9,,
2012/09/22,22,24,,,15,9,,
2012/09/22,23,22,,,14,9,,
2012/09/22,24,21,,,12,9,,
2012/09/23,01,21,,,12,8,,
2012/09/23,02,21,,,13,8,,
2012/09/23,03,18,,,10,8,,
2012/09/23,04,21,,,12,9,,
2012/09/23,05,19,,,10,9,,
2012/09/23,06,20,,,11,9,,
2012/09/23,07,19,,,12,8,,
2012/09/23,08,19,,,12,7,,
2012/09/23,09,17,,,10,6,,
2012/09/23,10,21,,,15,6,,
2012/09/23,11,20,,,14,6,,
2012/09/23,12,22,,,16,6,,
2012/09/23,13,23,,,16,7,,
2012/09/23,14,23,,,17,6,,
2012/09/23,15,23,,,16,7,,
2012/09/23,16,23,,,16,7,,
2012/09/23,17,23,,,16,7,,
2012/09/23,18,24,,,15,9,,
2012/09/23,19,23,,,14,9,,
2012/09/23,20,21,,,12,9,,
2012/09/23,21,19,,,11,9,,
2012/09/23,22,23,,,14,9,,
2012/09/23,23,22,,,14,9,,
2012/09/23,24,22,,,14,8,,
2012/09/24,01,21,,,13,8,,
2012/09/24,02,19,,,11,8,,
2012/09/24,03,19,,,11,8,,
2012/09/24,04,21,,,12,9,,
2012/09/24,05,19,,,11,9,,
2012/09/24,06,19,,,11,8,,
2012/09/24,07,20,,,12,9,,
2012/09/24,08,20,,,12,8,,
2012/09/24,09,16,,,11,6,,
2012/09/24,10,20,,,14,6,,
2012/09/24,11,20,,,14,7,,
2012/09/24,12,22,,,15,6,,
2012/09/24,13,22,,,16,6,,
2012/09/24,14,22,,,16,6,,
2012/09/24,15,22,,,16,6,,
2012/09/24,16,22,,,15,7,,
2012/09/24,17,19,,,13,7,,
2012/09/24,18,22,,,13,8,,
2012/09/24,19,22,,,13,9,,
2012/09/24,20,21,,,13,8,,
2012/09/24,21,18,,,10,8,,
2012/09/24,22,20,,,11,8,,
2012/09/24,23,21,,,13,8,,
2012/09/24,24,21,,,13,8,,
2012/09/25,01,20,,,11,8,,
2012/09/25,02,20,,,13,8,,
2012/09/25,03,18,,,10,8,,
2012/09/25,04,20,,,12,8,,
2012/09/25,05,19,,,10,9,,
2012/09/25,06,20,,,11,9,,
2012/09/25,07,19,,,12,8,,
2012/09/25,08,18,,,12,6,,
2012/09/25,09,17,,,10,6,,
2012/09/25,10,19,,,13,6,,
2012/09/25,11,19,,,13,6,,
2012/09/25,12,20,,,14,7,,
2012/09/25,13,19,,,13,7,,
2012/09/25,14,18,,,11,8,,
2012/09/25,15,19,,,12,7,,
2012/09/25,16,19,,,11,7,,
2012/09/25,17,20,,,11,8,,
2012/09/25,18,19,,,11,8,,
2012/09/25,19,20,,,11,8,,
2012/09/25,20,18,,,10,8,,
2012/09/25,21,18,,,10,8,,
2012/09/25,22,19,,,11,8,,
2012/09/25,23,20,,,12,8,,
2012/09/25,24,20,,,11,8,,
2012/09/26,01,19,,,11,8,,
2012/09/26,02,18,,,10,8,,
2012/09/26,03,17,,,10,8,,
2012/09/26,04,20,,,11,8,,
2012/09/26,05,18,,,9,9,,
2012/09/26,06,18,,,10,8,,
2012/09/26,07,19,,,11,9,,
2012/09/26,08,16,,,10,7,,
2012/09/26,09,16,,,10,6,,
2012/09/26,10,19,,,14,6,,
2012/09/26,11,19,,,13,6,,
2012/09/26,12,20,,,13,7,,
2012/09/26,13,19,,,12,7,,
2012/09/26,14,17,,,11,6,,
2012/09/26,15,18,,,12,6,,
2012/09/26,16,18,,,12,6,,
2012/09/26,17,19,,,11,8,,
2012/09/26,18,20,,,11,8,,
2012/09/26,19,19,,,11,9,,
2012/09/26,20,19,,,11,9,,
2012/09/26,21,17,,,8,8,,
2012/09/26,22,19,,,10,8,,
2012/09/26,23,18,,,10,8,,
2012/09/26,24,19,,,11,8,,
2012/09/27,01,17,,,9,8,,
2012/09/27,02,18,,,10,8,,
2012/09/27,03,18,,,10,8,,
2012/09/27,04,19,,,11,8,,
2012/09/27,05,18,,,9,9,,
2012/09/27,06,18,,,9,8,,
2012/09/27,07,18,,,10,8,,
2012/09/27,08,16,,,10,6,,
2012/09/27,09,15,,,9,6,,
2012/09/27,10,18,,,12,6,,
2012/09/27,11,17,,,11,6,,
2012/09/27,12,19,,,12,6,,
2012/09/27,13,19,,,13,6,,
2012/09/27,14,19,,,13,6,,
2012/09/27,15,19,,,13,6,,
2012/09/27,16,19,,,12,7,,
2012/09/27,17,19,,,12,8,,
2012/09/27,18,20,,,11,8,,
2012/09/27,19,19,,,11,8,,
2012/09/27,20,18,,,10,8,,
2012/09/27,21,18,,,10,8,,
2012/09/27,22,19,,,11,8,,
2012/09/27,23,19,,,11,8,,
2012/09/27,24,19,,,11,8,,
2012/09/28,01,18,,,10,8,,
2012/09/28,02,17,,,9,8,,
2012/09/28,03,17,,,9,8,,
2012/09/28,04,20,,,11,9,,
2012/09/28,05,19,,,11,9,,
2012/09/28,06,18,,,10,8,,
2012/09/28,07,19,,,10,9,,
2012/09/28,08,17,,,10,6,,
2012/09/28,09,15,,,9,6,,
2012/09/28,10,19,,,13,7,,
2012/09/28,11,17,,,12,6,,
2012/09/28,12,19,,,13,6,,
2012/09/28,13,20,,,14,6,,
2012/09/28,14,19,,,13,6,,
2012/09/28,15,21,,,15,6,,
2012/09/28,16,21,,,14,7,,
2012/09/28,17,20,,,13,7,,
2012/09/28,18,21,,,12,8,,
2012/09/28,19,20,,,12,8,,
2012/09/28,20,19,,,10,8,,
2012/09/28,21,17,,,9,8,,
2012/09/28,22,19,,,10,8,,
2012/09/28,23,19,,,11,8,,
2012/09/28,24,18,,,10,8,,
2012/09/29,01,18,,,10,8,,
2012/09/29,02,18,,,10,8,,
2012/09/29,03,17,,,9,8,,
2012/09/29,04,19,,,11,8,,
2012/09/29,05,18,,,9,9,,
2012/09/29,06,17,,,9,8,,
2012/09/29,07,19,,,10,8,,
2012/09/29,08,16,,,11,6,,
2012/09/29,09,15,,,9,6,,
2012/09/29,10,19,,,12,7,,
2012/09/29,11,16,,,10,6,,
2012/09/29,12,19,,,13,6,,
2012/09/29,13,21,,,15,6,,
2012/09/29,14,20,,,14,6,,
2012/09/29,15,20,,,15,6,,
2012/09/29,16,22,,,15,7,,
2012/09/29,17,21,,,14,7,,
2012/09/29,18,21,,,13,8,,
2012/09/29,19,21,,,13,8,,
2012/09/29,20,21,,,13,8,,
2012/09/29,21,18,,,10,8,,
2012/09/29,22,19,,,11,8,,
2012/09/29,23,21,,,13,8,,
2012/09/29,24,21,,,13,8,,
2012/09/30,01,19,,,12,8,,
2012/09/30,02,20,,,12,8,,
2012/09/30,03,18,,,10,8,,
2012/09/30,04,20,,,11,9,,
2012/09/30,05,19,,,10,8,,
2012/09/30,06,19,,,10,8,,
2012/09/30,07,19,,,11,8,,
2012/09/30,08,19,,,11,8,,
2012/09/30,09,15,,,10,5,,
2012/09/30,10,19,,,13,7,,
2012/09/30,11,18,,,12,6,,
2012/09/30,12,19,,,13,6,,
2012/09/30,13,20,,,14,7,,
2012/09/30,14,20,,,13,7,,
2012/09/30,15,19,,,11,8,,
2012/09/30,16,18,,,10,8,,
2012/09/30,17,19,,,10,9,,
2012/09/30,18,18,,,10,8,,
2012/09/30,19,18,,,10,8,,
2012/09/30,20,18,,,9,8,,
2012/09/30,21,16,,,8,8,,
2012/09/30,22,20,,,11,8,,
2012/09/30,23,19,,,11,8,,
2012/09/30,24,18,,,10,8,,
2012/10/01,01,18,,,10,8,,
2012/10/01,02,17,,,9,8,,
2012/10/01,03,15,,,7,8,,
2012/10/01,04,19,,,11,8,,
2012/10/01,05,19,,,9,9,,
2012/10/01,06,18,,,9,8,,
2012/10/01,07,17,,,10,7,,
2012/10/01,08,16,,,10,6,,
2012/10/01,09,14,,,9,6,,
2012/10/01,10,18,,,11,6,,
2012/10/01,11,17,,,11,6,,
2012/10/01,12,20,,,13,7,,
2012/10/01,13,21,,,13,8,,
2012/10/01,14,20,,,13,8,,
2012/10/01,15,21,,,13,8,,
2012/10/01,16,19,,,12,7,,
2012/10/01,17,21,,,12,8,,
2012/10/01,18,22,,,13,9,,
2012/10/01,19,21,,,12,9,,
2012/10/01,20,20,,,11,9,,
2012/10/01,21,18,,,9,9,,
2012/10/01,22,19,,,11,9,,
2012/10/01,23,22,,,13,9,,
2012/10/01,24,21,,,12,9,,
2012/10/02,01,20,,,11,9,,
2012/10/02,02,21,,,12,9,,
2012/10/02,03,18,,,10,9,,
2012/10/02,04,20,,,10,9,,
2012/10/02,05,19,,,10,9,,
2012/10/02,06,19,,,10,9,,
2012/10/02,07,19,,,10,9,,
2012/10/02,08,19,,,11,8,,
2012/10/02,09,16,,,10,7,,
2012/10/02,10,19,,,13,7,,
2012/10/02,11,18,,,12,6,,
2012/10/02,12,19,,,13,6,,
2012/10/02,13,21,,,14,7,,
2012/10/02,14,20,,,14,6,,
2012/10/02,15,22,,,15,7,,
2012/10/02,16,22,,,15,7,,
2012/10/02,17,22,,,13,8,,
2012/10/02,18,22,,,13,9,,
2012/10/02,19,21,,,12,9,,
2012/10/02,20,20,,,11,9,,
2012/10/02,21,18,,,9,9,,
2012/10/02,22,21,,,12,9,,
2012/10/02,23,21,,,11,9,,
2012/10/02,24,19,,,11,9,,
2012/10/03,01,19,,,10,9,,
2012/10/03,02,19,,,10,9,,
2012/10/03,03,18,,,10,9,,
2012/10/03,04,20,,,11,9,,
2012/10/03,05,20,,,10,10,,
2012/10/03,06,22,,,12,9,,
2012/10/03,07,20,,,11,9,,
2012/10/03,08,18,,,12,7,,
2012/10/03,09,17,,,10,7,,
2012/10/03,10,19,,,13,6,,
2012/10/03,11,20,,,13,7,,
2012/10/03,12,21,,,14,7,,
2012/10/03,13,22,,,15,7,,
2012/10/03,14,21,,,14,7,,
2012/10/03,15,22,,,15,7,,
2012/10/03,16,21,,,14,7,,
2012/10/03,17,20,,,12,8,,
2012/10/03,18,22,,,13,10,,
2012/10/03,19,21,,,12,9,,
2012/10/03,20,21,,,11,9,,
2012/10/03,21,18,,,9,9,,
2012/10/03,22,20,,,11,9,,
2012/10/03,23,20,,,11,9,,
2012/10/03,24,19,,,10,9,,
2012/10/04,01,19,,,11,9,,
2012/10/04,02,19,,,11,8,,
2012/10/04,03,19,,,9,9,,
2012/10/04,04,20,,,10,10,,
2012/10/04,05,18,,,9,9,,
2012/10/04,06,19,,,10,9,,
2012/10/04,07,18,,,10,8,,
2012/10/04,08,18,,,11,6,,
2012/10/04,09,15,,,9,6,,
2012/10/04,10,20,,,13,7,,
2012/10/04,11,18,,,12,6,,
2012/10/04,12,21,,,14,7,,
2012/10/04,13,21,,,14,7,,
2012/10/04,14,20,,,14,7,,
2012/10/04,15,21,,,14,7,,
2012/10/04,16,22,,,15,7,,
2012/10/04,17,20,,,13,8,,
2012/10/04,18,22,,,13,9,,
2012/10/04,19,21,,,12,9,,
2012/10/04,20,20,,,11,9,,
2012/10/04,21,18,,,9,9,,
2012/10/04,22,20,,,11,9,,
2012/10/04,23,19,,,11,9,,
2012/10/04,24,20,,,11,9,,
2012/10/05,01,19,,,10,9,,
2012/10/05,02,20,,,12,8,,
2012/10/05,03,18,,,10,9,,
2012/10/05,04,22,,,12,10,,
2012/10/05,05,18,,,9,9,,
2012/10/05,06,19,,,10,9,,
2012/10/05,07,19,,,11,8,,
2012/10/05,08,18,,,11,7,,
2012/10/05,09,18,,,11,7,,
2012/10/05,10,19,,,12,6,,
2012/10/05,11,19,,,13,7,,
2012/10/05,12,20,,,13,7,,
2012/10/05,13,21,,,14,7,,
2012/10/05,14,20,,,13,7,,
2012/10/05,15,21,,,15,7,,
2012/10/05,16,22,,,14,8,,
2012/10/05,17,21,,,12,9,,
2012/10/05,18,19,,,10,9,,
2012/10/05,19,20,,,10,9,,
2012/10/05,20,19,,,10,9,,
2012/10/05,21,19,,,10,9,,
2012/10/05,22,21,,,12,9,,
2012/10/05,23,20,,,11,9,,
2012/10/05,24,19,,,10,9,,
2012/10/06,01,19,,,10,9,,
2012/10/06,02,20,,,11,9,,
2012/10/06,03,18,,,9,9,,
2012/10/06,04,19,,,10,9,,
2012/10/06,05,19,,,9,10,,
2012/10/06,06,18,,,9,9,,
2012/10/06,07,18,,,10,9,,
2012/10/06,08,17,,,10,7,,
2012/10/06,09,16,,,9,6,,
2012/10/06,10,18,,,12,7,,
2012/10/06,11,18,,,12,6,,
2012/10/06,12,20,,,13,7,,
2012/10/06,13,20,,,13,7,,
2012/10/06,14,20,,,13,7,,
2012/10/06,15,20,,,13,7,,
2012/10/06,16,21,,,13,8,,
2012/10/06,17,21,,,12,9,,
2012/10/06,18,21,,,12,9,,
2012/10/06,19,21,,,12,9,,
2012/10/06,20,19,,,10,9,,
2012/10/06,21,18,,,9,9,,
2012/10/06,22,20,,,11,9,,
2012/10/06,23,19,,,10,9,,
2012/10/06,24,19,,,10,9,,
2012/10/07,01,19,,,10,9,,
2012/10/07,02,20,,,11,9,,
2012/10/07,03,18,,,9,8,,
2012/10/07,04,19,,,10,9,,
2012/10/07,05,19,,,10,9,,
2012/10/07,06,18,,,9,10,,
2012/10/07,07,19,,,10,9,,
2012/10/07,08,17,,,11,7,,
2012/10/07,09,15,,,9,6,,
2012/10/07,10,18,,,12,6,,
2012/10/07,11,18,,,12,6,,
2012/10/07,12,19,,,13,6,,
2012/10/07,13,21,,,14,7,,
2012/10/07,14,20,,,13,7,,
2012/10/07,15,21,,,15,7,,
2012/10/07,16,20,,,13,7,,
2012/10/07,17,22,,,14,8,,
2012/10/07,18,22,,,12,9,,
2012/10/07,19,20,,,11,9,,
2012/10/07,20,21,,,12,9,,
2012/10/07,21,18,,,10,9,,
2012/10/07,22,23,,,14,9,,
2012/10/07,23,21,,,12,9,,
2012/10/07,24,21,,,12,9,,
2012/10/08,01,20,,,12,9,,
2012/10/08,02,19,,,10,9,,
2012/10/08,03,19,,,11,9,,
2012/10/08,04,21,,,12,10,,
2012/10/08,05,19,,,10,9,,
2012/10/08,06,19,,,10,9,,
2012/10/08,07,20,,,11,9,,
2012/10/08,08,18,,,11,7,,
2012/10/08,09,16,,,10,6,,
2012/10/08,10,20,,,13,7,,
2012/10/08,11,19,,,13,7,,
2012/10/08,12,20,,,14,7,,
2012/10/08,13,21,,,14,7,,
2012/10/08,14,20,,,14,7,,
2012/10/08,15,20,,,13,7,,
2012/10/08,16,21,,,14,7,,
2012/10/08,17,21,,,13,8,,
2012/10/08,18,22,,,12,9,,
2012/10/08,19,21,,,12,9,,
2012/10/08,20,20,,,11,9,,
2012/10/08,21,18,,,9,9,,
2012/10/08,22,22,,,12,9,,
2012/10/08,23,21,,,12,9,,
2012/10/08,24,21,,,12,9,,
2012/10/09,01,21,,,12,9,,
2012/10/09,02,20,,,11,9,,
2012/10/09,03,19,,,10,9,,
2012/10/09,04,22,,,13,10,,
2012/10/09,05,19,,,10,9,,
2012/10/09,06,19,,,10,9,,
2012/10/09,07,19,,,11,8,,
2012/10/09,08,18,,,11,7,,
2012/10/09,09,17,,,10,7,,
2012/10/09,10,20,,,13,7,,
2012/10/09,11,19,,,12,7,,
2012/10/09,12,20,,,13,7,,
2012/10/09,13,20,,,13,7,,
2012/10/09,14,21,,,14,7,,
2012/10/09,15,22,,,15,7,,
2012/10/09,16,21,,,14,7,,
2012/10/09,17,21,,,13,8,,
2012/10/09,18,21,,,12,9,,
2012/10/09,19,21,,,12,9,,
2012/10/09,20,20,,,11,9,,
2012/10/09,21,18,,,9,9,,
2012/10/09,22,22,,,13,9,,
2012/10/09,23,22,,,13,9,,
2012/10/09,24,22,,,13,9,,
2012/10/10,01,21,,,12,9,,
2012/10/10,02,20,,,11,9,,
2012/10/10,03,19,,,10,9,,
2012/10/10,04,21,,,12,9,,
2012/10/10,05,19,,,9,10,,
2012/10/10,06,19,,,11,9,,
2012/10/10,07,20,,,11,9,,
2012/10/10,08,18,,,11,6,,
2012/10/10,09,17,,,10,6,,
2012/10/10,10,19,,,13,6,,
2012/10/10,11,19,,,12,8,,
2012/10/10,12,19,,,12,7,,
2012/10/10,13,20,,,13,7,,
2012/10/10,14,21,,,12,9,,
2012/10/10,15,22,,,13,9,,
2012/10/10,16,22,,,13,9,,
2012/10/10,17,21,,,12,9,,
2012/10/10,18,21,,,11,9,,
2012/10/10,19,21,,,11,9,,
2012/10/10,20,21,,,11,9,,
2012/10/10,21,19,,,9,9,,
2012/10/10,22,21,,,12,9,,
2012/10/10,23,21,,,12,9,,
2012/10/10,24,20,,,11,9,,
2012/10/11,01,20,,,11,9,,
2012/10/11,02,22,,,13,9,,
2012/10/11,03,18,,,10,9,,
2012/10/11,04,20,,,11,9,,
2012/10/11,05,20,,,10,10,,
2012/10/11,06,19,,,10,9,,
2012/10/11,07,20,,,11,9,,
2012/10/11,08,19,,,12,8,,
2012/10/11,09,16,,,10,6,,
2012/10/11,10,22,,,15,7,,
2012/10/11,11,20,,,14,6,,
2012/10/11,12,21,,,13,8,,
2012/10/11,13,20,,,13,7,,
2012/10/11,14,19,,,12,6,,
2012/10/11,15,20,,,13,7,,
2012/10/11,16,23,,,14,9,,
2012/10/11,17,22,,,13,9,,
2012/10/11,18,21,,,12,9,,
2012/10/11,19,21,,,11,9,,
2012/10/11,20,20,,,11,9,,
2012/10/11,21,19,,,10,9,,
2012/10/11,22,22,,,12,9,,
2012/10/11,23,21,,,12,9,,
2012/10/11,24,21,,,12,9,,
2012/10/12,01,20,,,11,9,,
2012/10/12,02,19,,,10,9,,
2012/10/12,03,19,,,10,9,,
2012/10/12,04,21,,,12,9,,
2012/10/12,05,21,,,11,10,,
2012/10/12,06,20,,,10,9,,
2012/10/12,07,20,,,11,9,,
2012/10/12,08,18,,,12,7,,
2012/10/12,09,17,,,10,6,,
2012/10/12,10,20,,,13,7,,
2012/10/12,11,20,,,13,6,,
2012/10/12,12,21,,,15,7,,
2012/10/12,13,21,,,14,7,,
2012/10/12,14,19,,,12,7,,
2012/10/12,15,20,,,14,7,,
2012/10/12,16,21,,,14,7,,
2012/10/12,17,21,,,12,9,,
2012/10/12,18,20,,,11,9,,
2012/10/12,19,20,,,11,9,,
2012/10/12,20,20,,,11,9,,
2012/10/12,21,18,,,9,9,,
2012/10/12,22,21,,,12,9,,
2012/10/12,23,21,,,11,9,,
2012/10/12,24,20,,,11,9,,
2012/10/13,01,20,,,11,9,,
2012/10/13,02,20,,,11,9,,
2012/10/13,03,18,,,9,9,,
2012/10/13,04,21,,,11,9,,
2012/10/13,05,20,,,10,10,,
2012/10/13,06,19,,,10,9,,
2012/10/13,07,20,,,11,9,,
2012/10/13,08,20,,,11,9,,
2012/10/13,09,18,,,9,9,,
2012/10/13,10,22,,,12,10,,
2012/10/13,11,18,,,10,7,,
2012/10/13,12,20,,,12,7,,
2012/10/13,13,21,,,13,7,,
2012/10/13,14,20,,,13,7,,
2012/10/13,15,19,,,12,7,,
2012/10/13,16,21,,,12,9,,
2012/10/13,17,20,,,11,9,,
2012/10/13,18,21,,,12,10,,
2012/10/13,19,20,,,11,9,,
2012/10/13,20,20,,,11,9,,
2012/10/13,21,18,,,9,9,,
2012/10/13,22,21,,,12,9,,
2012/10/13,23,21,,,12,9,,
2012/10/13,24,21,,,12,9,,
2012/10/14,01,19,,,10,9,,
2012/10/14,02,19,,,11,9,,
2012/10/14,03,19,,,10,9,,
2012/10/14,04,22,,,12,10,,
2012/10/14,05,19,,,10,9,,
2012/10/14,06,19,,,10,9,,
2012/10/14,07,20,,,10,9,,
2012/10/14,08,18,,,11,7,,
2012/10/14,09,16,,,9,7,,
2012/10/14,10,20,,,13,7,,
2012/10/14,11,18,,,12,7,,
2012/10/14,12,20,,,13,7,,
2012/10/14,13,20,,,13,7,,
2012/10/14,14,20,,,13,7,,
2012/10/14,15,21,,,13,7,,
2012/10/14,16,22,,,13,9,,
2012/10/14,17,20,,,11,9,,
2012/10/14,18,20,,,11,9,,
2012/10/14,19,20,,,11,9,,
2012/10/14,20,19,,,10,9,,
2012/10/14,21,17,,,8,9,,
2012/10/14,22,20,,,11,9,,
2012/10/14,23,21,,,12,9,,
2012/10/14,24,20,,,11,9,,
2012/10/15,01,20,,,11,9,,
2012/10/15,02,18,,,9,9,,
2012/10/15,03,17,,,8,9,,
2012/10/15,04,21,,,12,9,,
2012/10/15,05,20,,,10,10,,
2012/10/15,06,18,,,9,9,,
2012/10/15,07,21,,,11,9,,
2012/10/15,08,20,,,10,9,,
2012/10/15,09,16,,,9,7,,
2012/10/15,10,18,,,11,7,,
2012/10/15,11,19,,,10,9,,
2012/10/15,12,20,,,11,8,,
2012/10/15,13,19,,,11,8,,
2012/10/15,14,18,,,11,7,,
2012/10/15,15,19,,,12,7,,
2012/10/15,16,19,,,12,7,,
2012/10/15,17,20,,,11,9,,
2012/10/15,18,20,,,11,10,,
2012/10/15,19,20,,,11,9,,
2012/10/15,20,20,,,10,9,,
2012/10/15,21,17,,,8,9,,
2012/10/15,22,18,,,9,9,,
2012/10/15,23,20,,,11,9,,
2012/10/15,24,20,,,10,9,,
2012/10/16,01,19,,,10,9,,
2012/10/16,02,19,,,10,9,,
2012/10/16,03,17,,,9,9,,
2012/10/16,04,19,,,9,10,,
2012/10/16,05,18,,,9,9,,
2012/10/16,06,18,,,9,9,,
2012/10/16,07,18,,,9,9,,
2012/10/16,08,18,,,9,9,,
2012/10/16,09,16,,,7,9,,
2012/10/16,10,19,,,9,9,,
2012/10/16,11,17,,,10,7,,
2012/10/16,12,17,,,10,7,,
2012/10/16,13,17,,,10,7,,
2012/10/16,14,16,,,9,7,,
2012/10/16,15,18,,,11,7,,
2012/10/16,16,17,,,10,8,,
2012/10/16,17,19,,,10,9,,
2012/10/16,18,19,,,10,9,,
2012/10/16,19,19,,,10,9,,
2012/10/16,20,19,,,9,9,,
2012/10/16,21,18,,,9,9,,
2012/10/16,22,19,,,9,9,,
2012/10/16,23,20,,,11,9,,
2012/10/16,24,20,,,11,9,,
2012/10/17,01,18,,,9,9,,
2012/10/17,02,20,,,11,9,,
2012/10/17,03,17,,,8,9,,
2012/10/17,04,20,,,10,10,,
2012/10/17,05,18,,,8,9,,
2012/10/17,06,18,,,9,9,,
2012/10/17,07,18,,,9,9,,
2012/10/17,08,18,,,9,10,,
2012/10/17,09,17,,,7,9,,
2012/10/17,10,18,,,9,9,,
2012/10/17,11,18,,,9,9,,
2012/10/17,12,18,,,9,9,,
2012/10/17,13,17,,,8,9,,
2012/10/17,14,19,,,9,10,,
2012/10/17,15,18,,,9,9,,
2012/10/17,16,20,,,11,10,,
2012/10/17,17,18,,,8,9,,
2012/10/17,18,18,,,8,9,,
2012/10/17,19,17,,,8,9,,
2012/10/17,20,18,,,8,9,,
2012/10/17,21,16,,,7,9,,
2012/10/17,22,18,,,9,9,,
2012/10/17,23,18,,,9,9,,
2012/10/17,24,18,,,9,9,,
2012/10/18,01,18,,,9,9,,
2012/10/18,02,18,,,10,9,,
2012/10/18,03,16,,,8,9,,
2012/10/18,04,18,,,8,10,,
2012/10/18,05,17,,,8,9,,
2012/10/18,06,17,,,8,9,,
2012/10/18,07,17,,,9,9,,
2012/10/18,08,15,,,9,6,,
2012/10/18,09,14,,,8,6,,
2012/10/18,10,17,,,10,7,,
2012/10/18,11,16,,,10,6,,
2012/10/18,12,17,,,11,6,,
2012/10/18,13,17,,,10,7,,
2012/10/18,14,17,,,10,6,,
2012/10/18,15,17,,,11,7,,
2012/10/18,16,18,,,10,8,,
2012/10/18,17,18,,,10,9,,
2012/10/18,18,19,,,10,9,,
2012/10/18,19,18,,,9,9,,
2012/10/18,20,18,,,9,9,,
2012/10/18,21,16,,,7,9,,
2012/10/18,22,18,,,9,9,,
2012/10/18,23,17,,,8,9,,
2012/10/18,24,18,,,9,9,,
2012/10/19,01,17,,,8,9,,
2012/10/19,02,17,,,9,8,,
2012/10/19,03,17,,,8,8,,
2012/10/19,04,18,,,9,9,,
2012/10/19,05,17,,,8,10,,
2012/10/19,06,17,,,8,9,,
2012/10/19,07,17,,,8,9,,
2012/10/19,08,17,,,8,9,,
2012/10/19,09,16,,,7,9,,
2012/10/19,10,18,,,9,10,,
2012/10/19,11,16,,,8,8,,
2012/10/19,12,16,,,9,7,,
2012/10/19,13,17,,,9,8,,
2012/10/19,14,16,,,9,7,,
2012/10/19,15,16,,,9,7,,
2012/10/19,16,18,,,9,9,,
2012/10/19,17,18,,,9,9,,
2012/10/19,18,17,,,8,9,,
2012/10/19,19,18,,,9,9,,
2012/10/19,20,17,,,9,9,,
2012/10/19,21,16,,,7,9,,
2012/10/19,22,18,,,9,9,,
2012/10/19,23,18,,,9,9,,
2012/10/19,24,17,,,9,9,,
2012/10/20,01,16,,,8,8,,
2012/10/20,02,19,,,11,8,,
2012/10/20,03,16,,,7,8,,
2012/10/20,04,17,,,8,9,,
2012/10/20,05,18,,,8,10,,
2012/10/20,06,16,,,8,9,,
2012/10/20,07,17,,,8,9,,
2012/10/20,08,15,,,9,7,,
2012/10/20,09,14,,,7,6,,
2012/10/20,10,17,,,10,7,,
2012/10/20,11,16,,,10,7,,
2012/10/20,12,17,,,10,7,,
2012/10/20,13,17,,,10,7,,
2012/10/20,14,16,,,10,7,,
2012/10/20,15,16,,,10,7,,
2012/10/20,16,16,,,9,7,,
2012/10/20,17,18,,,9,9,,
2012/10/20,18,18,,,9,9,,
2012/10/20,19,17,,,9,9,,
2012/10/20,20,17,,,8,9,,
2012/10/20,21,15,,,6,9,,
2012/10/20,22,18,,,9,9,,
2012/10/20,23,18,,,10,9,,
2012/10/20,24,18,,,9,9,,
2012/10/21,01,16,,,8,8,,
2012/10/21,02,18,,,9,8,,
2012/10/21,03,16,,,7,8,,
2012/10/21,04,18,,,8,10,,
2012/10/21,05,16,,,7,9,,
2012/10/21,06,16,,,8,9,,
2012/10/21,07,17,,,8,9,,
2012/10/21,08,15,,,8,7,,
2012/10/21,09,14,,,7,7,,
2012/10/21,10,17,,,9,7,,
2012/10/21,11,16,,,10,7,,
2012/10/21,12,17,,,10,7,,
2012/10/21,13,15,,,9,7,,
2012/10/21,14,16,,,10,6,,
2012/10/21,15,16,,,9,7,,
2012/10/21,16,16,,,9,7,,
2012/10/21,17,18,,,9,9,,
2012/10/21,18,18,,,9,9,,
2012/10/21,19,17,,,8,9,,
2012/10/21,20,17,,,8,9,,
2012/10/21,21,16,,,7,9,,
2012/10/21,22,17,,,9,9,,
2012/10/21,23,18,,,9,9,,
2012/10/21,24,17,,,8,9,,
2012/10/22,01,18,,,9,9,,
2012/10/22,02,17,,,8,9,,
2012/10/22,03,17,,,8,8,,
2012/10/22,04,17,,,9,9,,
2012/10/22,05,18,,,8,10,,
2012/10/22,06,17,,,8,9,,
2012/10/22,07,17,,,8,9,,
2012/10/22,08,17,,,8,9,,
2012/10/22,09,15,,,7,8,,
2012/10/22,10,16,,,9,8,,
2012/10/22,11,15,,,9,7,,
2012/10/22,12,17,,,10,7,,
2012/10/22,13,18,,,10,8,,
2012/10/22,14,17,,,10,7,,
2012/10/22,15,17,,,9,7,,
2012/10/22,16,18,,,9,9,,
2012/10/22,17,18,,,9,9,,
2012/10/22,18,19,,,10,9,,
2012/10/22,19,18,,,9,9,,
2012/10/22,20,18,,,9,9,,
2012/10/22,21,17,,,8,9,,
2012/10/22,22,18,,,9,9,,
2012/10/22,23,17,,,8,9,,
2012/10/22,24,19,,,10,9,,
2012/10/23,01,18,,,9,9,,
2012/10/23,02,19,,,10,9,,
2012/10/23,03,17,,,8,8,,
2012/10/23,04,19,,,9,10,,
2012/10/23,05,18,,,9,9,,
2012/10/23,06,18,,,9,9,,
2012/10/23,07,18,,,9,9,,
2012/10/23,08,17,,,10,7,,
2012/10/23,09,15,,,8,6,,
2012/10/23,10,18,,,12,7,,
2012/10/23,11,19,,,12,7,,
2012/10/23,12,19,,,13,6,,
2012/10/23,13,20,,,13,7,,
2012/10/23,14,20,,,13,6,,
2012/10/23,15,21,,,14,7,,
2012/10/23,16,22,,,13,9,,
2012/10/23,17,22,,,12,10,,
2012/10/23,18,23,,,13,10,,
2012/10/23,19,22,,,12,9,,
2012/10/23,20,21,,,12,9,,
2012/10/23,21,20,,,11,9,,
2012/10/23,22,24,,,14,10,,
2012/10/23,23,20,,,11,9,,
2012/10/23,24,19,,,10,9,,
2012/10/24,01,20,,,11,9,,
2012/10/24,02,20,,,11,9,,
2012/10/24,03,18,,,10,9,,
2012/10/24,04,21,,,11,10,,
2012/10/24,05,18,,,9,9,,
2012/10/24,06,19,,,10,9,,
2012/10/24,07,18,,,9,9,,
2012/10/24,08,18,,,10,8,,
2012/10/24,09,14,,,8,6,,
2012/10/24,10,19,,,12,7,,
2012/10/24,11,17,,,11,6,,
2012/10/24,12,19,,,12,7,,
2012/10/24,13,19,,,12,6,,
2012/10/24,14,19,,,12,7,,
2012/10/24,15,20,,,12,8,,
2012/10/24,16,21,,,12,9,,
2012/10/24,17,20,,,11,9,,
2012/10/24,18,19,,,10,9,,
2012/10/24,19,19,,,10,9,,
2012/10/24,20,19,,,10,9,,
2012/10/24,21,17,,,8,9,,
2012/10/24,22,20,,,11,9,,
2012/10/24,23,21,,,12,9,,
2012/10/24,24,20,,,11,9,,
2012/10/25,01,18,,,10,9,,
2012/10/25,02,20,,,11,9,,
2012/10/25,03,17,,,9,8,,
2012/10/25,04,20,,,11,10,,
2012/10/25,05,18,,,9,9,,
2012/10/25,06,18,,,9,9,,
2012/10/25,07,18,,,10,8,,
2012/10/25,08,17,,,11,6,,
2012/10/25,09,16,,,9,6,,
2012/10/25,10,19,,,13,7,,
2012/10/25,11,19,,,12,6,,
2012/10/25,12,19,,,13,7,,
2012/10/25,13,20,,,13,7,,
2012/10/25,14,20,,,13,7,,
2012/10/25,15,21,,,12,9,,
2012/10/25,16,21,,,12,9,,
2012/10/25,17,20,,,12,9,,
2012/10/25,18,21,,,12,9,,
2012/10/25,19,19,,,11,9,,
2012/10/25,20,19,,,10,9,,
2012/10/25,21,18,,,9,9,,
2012/10/25,22,22,,,13,9,,
2012/10/25,23,21,,,12,9,,
2012/10/25,24,21,,,12,9,,
2012/10/26,01,18,,,10,9,,
2012/10/26,02,20,,,11,8,,
2012/10/26,03,17,,,9,8,,
2012/10/26,04,19,,,10,9,,
2012/10/26,05,19,,,9,10,,
2012/10/26,06,18,,,10,9,,
2012/10/26,07,18,,,9,9,,
2012/10/26,08,18,,,10,9,,
2012/10/26,09,16,,,8,8,,
2012/10/26,10,19,,,10,9,,
2012/10/26,11,17,,,10,7,,
2012/10/26,12,17,,,11,7,,
2012/10/26,13,17,,,11,6,,
2012/10/26,14,17,,,11,6,,
2012/10/26,15,18,,,11,7,,
2012/10/26,16,18,,,10,8,,
2012/10/26,17,18,,,10,9,,
2012/10/26,18,19,,,10,9,,
2012/10/26,19,18,,,9,9,,
2012/10/26,20,18,,,9,9,,
2012/10/26,21,16,,,8,9,,
2012/10/26,22,18,,,9,9,,
2012/10/26,23,17,,,9,9,,
2012/10/26,24,19,,,10,9,,
2012/10/27,01,18,,,9,9,,
2012/10/27,02,18,,,9,9,,
2012/10/27,03,18,,,9,8,,
2012/10/27,04,20,,,10,10,,
2012/10/27,05,18,,,9,9,,
2012/10/27,06,18,,,9,9,,
2012/10/27,07,18,,,9,9,,
2012/10/27,08,18,,,9,9,,
2012/10/27,09,17,,,8,9,,
2012/10/27,10,19,,,10,9,,
2012/10/27,11,18,,,10,9,,
2012/10/27,12,17,,,10,7,,
2012/10/27,13,17,,,10,8,,
2012/10/27,14,18,,,9,8,,
2012/10/27,15,18,,,9,9,,
2012/10/27,16,18,,,9,9,,
2012/10/27,17,18,,,9,9,,
2012/10/27,18,18,,,9,9,,
2012/10/27,19,18,,,9,9,,
2012/10/27,20,18,,,9,9,,
2012/10/27,21,16,,,7,9,,
2012/10/27,22,19,,,10,9,,
2012/10/27,23,18,,,10,9,,
2012/10/27,24,18,,,9,9,,
2012/10/28,01,17,,,8,9,,
2012/10/28,02,20,,,11,9,,
2012/10/28,03,17,,,8,8,,
2012/10/28,04,19,,,10,10,,
2012/10/28,05,18,,,9,9,,
2012/10/28,06,17,,,9,9,,
2012/10/28,07,18,,,9,9,,
2012/10/28,08,18,,,9,9,,
2012/10/28,09,15,,,8,7,,
2012/10/28,10,17,,,11,6,,
2012/10/28,11,17,,,10,6,,
2012/10/28,12,18,,,11,7,,
2012/10/28,13,19,,,11,8,,
2012/10/28,14,18,,,11,7,,
2012/10/28,15,18,,,11,7,,
2012/10/28,16,20,,,11,9,,
2012/10/28,17,19,,,10,9,,
2012/10/28,18,20,,,10,9,,
2012/10/28,19,19,,,10,9,,
2012/10/28,20,18,,,9,9,,
2012/10/28,21,16,,,8,9,,
2012/10/28,22,19,,,10,9,,
2012/10/28,23,19,,,10,9,,
2012/10/28,24,18,,,10,9,,
2012/10/29,01,18,,,9,9,,
2012/10/29,02,18,,,9,9,,
2012/10/29,03,17,,,8,8,,
2012/10/29,04,19,,,10,10,,
2012/10/29,05,18,,,9,9,,
2012/10/29,06,17,,,9,9,,
2012/10/29,07,18,,,9,9,,
2012/10/29,08,15,,,9,6,,
2012/10/29,09,14,,,8,5,,
2012/10/29,10,18,,,11,6,,
2012/10/29,11,17,,,11,6,,
2012/10/29,12,18,,,11,7,,
2012/10/29,13,17,,,10,7,,
2012/10/29,14,18,,,11,6,,
2012/10/29,15,17,,,10,7,,
2012/10/29,16,20,,,11,9,,
2012/10/29,17,20,,,11,9,,
2012/10/29,18,19,,,10,9,,
2012/10/29,19,19,,,10,9,,
2012/10/29,20,18,,,10,9,,
2012/10/29,21,19,,,10,9,,
2012/10/29,22,20,,,11,9,,
2012/10/29,23,21,,,11,9,,
2012/10/29,24,20,,,11,9,,
2012/10/30,01,19,,,10,9,,
2012/10/30,02,19,,,11,9,,
2012/10/30,03,18,,,10,9,,
2012/10/30,04,20,,,11,9,,
2012/10/30,05,19,,,9,10,,
2012/10/30,06,18,,,9,9,,
2012/10/30,07,18,,,9,9,,
2012/10/30,08,17,,,9,8,,
2012/10/30,09,15,,,8,7,,
2012/10/30,10,17,,,10,7,,
2012/10/30,11,17,,,10,7,,
2012/10/30,12,18,,,11,7,,
2012/10/30,13,18,,,11,7,,
2012/10/30,14,17,,,10,6,,
2012/10/30,15,18,,,12,7,,
2012/10/30,16,21,,,12,9,,
2012/10/30,17,20,,,11,9,,
2012/10/30,18,20,,,11,9,,
2012/10/30,19,19,,,10,9,,
2012/10/30,20,19,,,10,9,,
2012/10/30,21,16,,,8,9,,
2012/10/30,22,19,,,10,9,,
2012/10/30,23,20,,,11,9,,
2012/10/30,24,19,,,10,9,,
2012/10/31,01,18,,,10,9,,
2012/10/31,02,18,,,9,8,,
2012/10/31,03,17,,,9,8,,
2012/10/31,04,18,,,9,9,,
2012/10/31,05,18,,,8,10,,
2012/10/31,06,18,,,9,9,,
2012/10/31,07,18,,,9,9,,
2012/10/31,08,18,,,9,9,,
2012/10/31,09,16,,,7,9,,
2012/10/31,10,18,,,9,9,,
2012/10/31,11,18,,,9,10,,
2012/10/31,12,18,,,8,10,,
2012/10/31,13,17,,,8,9,,
2012/10/31,14,16,,,9,7,,
2012/10/31,15,16,,,9,7,,
2012/10/31,16,18,,,10,9,,
2012/10/31,17,18,,,9,9,,
2012/10/31,18,19,,,9,9,,
2012/10/31,19,18,,,9,9,,
2012/10/31,20,17,,,8,9,,
2012/10/31,21,16,,,7,9,,
2012/10/31,22,18,,,9,9,,
2012/10/31,23,18,,,9,9,,
2012/10/31,24,18,,,9,9,,
2012/11/01,01,17,,,9,9,,
2012/11/01,02,17,,,9,8,,
2012/11/01,03,17,,,8,8,,
2012/11/01,04,18,,,9,9,,
2012/11/01,05,18,,,8,10,,
2012/11/01,06,17,,,8,9,,
2012/11/01,07,17,,,8,9,,
2012/11/01,08,14,,,8,6,,
2012/11/01,09,13,,,7,6,,
2012/11/01,10,16,,,9,6,,
2012/11/01,11,16,,,10,6,,
2012/11/01,12,17,,,10,7,,
2012/11/01,13,17,,,9,7,,
2012/11/01,14,17,,,10,7,,
2012/11/01,15,19,,,10,9,,
2012/11/01,16,19,,,10,9,,
2012/11/01,17,18,,,9,9,,
2012/11/01,18,18,,,9,9,,
2012/11/01,19,17,,,8,9,,
2012/11/01,20,16,,,8,8,,
2012/11/01,21,16,,,7,9,,
2012/11/01,22,18,,,9,9,,
2012/11/01,23,19,,,9,9,,
2012/11/01,24,17,,,8,9,,
2012/11/02,01,17,,,8,9,,
2012/11/02,02,17,,,8,9,,
2012/11/02,03,17,,,9,8,,
2012/11/02,04,19,,,9,10,,
2012/11/02,05,16,,,8,9,,
2012/11/02,06,17,,,8,9,,
2012/11/02,07,17,,,8,9,,
2012/11/02,08,17,,,8,9,,
2012/11/02,09,14,,,7,7,,
2012/11/02,10,16,,,9,7,,
2012/11/02,11,16,,,9,7,,
2012/11/02,12,17,,,10,6,,
2012/11/02,13,17,,,9,7,,
2012/11/02,14,16,,,9,7,,
2012/11/02,15,16,,,9,7,,
2012/11/02,16,18,,,9,9,,
2012/11/02,17,18,,,9,9,,
2012/11/02,18,17,,,8,9,,
2012/11/02,19,17,,,8,9,,
2012/11/02,20,17,,,8,9,,
2012/11/02,21,16,,,7,9,,
2012/11/02,22,17,,,8,9,,
2012/11/02,23,17,,,8,9,,
2012/11/02,24,17,,,9,9,,
2012/11/03,01,17,,,8,9,,
2012/11/03,02,17,,,8,9,,
2012/11/03,03,17,,,8,9,,
2012/11/03,04,18,,,9,10,,
2012/11/03,05,17,,,8,9,,
2012/11/03,06,17,,,8,9,,
2012/11/03,07,16,,,8,9,,
2012/11/03,08,14,,,8,6,,
2012/11/03,09,14,,,7,7,,
2012/11/03,10,16,,,9,7,,
2012/11/03,11,15,,,8,7,,
2012/11/03,12,16,,,9,7,,
2012/11/03,13,15,,,9,6,,
2012/11/03,14,15,,,9,6,,
2012/11/03,15,16,,,9,7,,
2012/11/03,16,18,,,10,9,,
2012/11/03,17,18,,,9,9,,
2012/11/03,18,18,,,8,9,,
2012/11/03,19,18,,,8,9,,
2012/11/03,20,17,,,8,9,,
2012/11/03,21,15,,,7,9,,
2012/11/03,22,18,,,9,9,,
2012/11/03,23,18,,,10,9,,
2012/11/03,24,18,,,9,9,,
2012/11/04,01,17,,,8,8,,
2012/11/04,02,17,,,9,8,,
2012/11/04,03,17,,,9,8,,
2012/11/04,04,19,,,9,10,,
2012/11/04,05,17,,,8,9,,
2012/11/04,06,17,,,8,9,,
2012/11/04,07,17,,,8,9,,
2012/11/04,08,15,,,9,6,,
2012/11/04,09,13,,,8,5,,
2012/11/04,10,16,,,10,6,,
2012/11/04,11,16,,,9,7,,
2012/11/04,12,16,,,10,7,,
2012/11/04,13,16,,,10,7,,
2012/11/04,14,16,,,10,6,,
2012/11/04,15,17,,,10,7,,
2012/11/04,16,19,,,10,9,,
2012/11/04,17,18,,,9,9,,
2012/11/04,18,18,,,9,9,,
2012/11/04,19,18,,,8,9,,
2012/11/04,20,18,,,9,9,,
2012/11/04,21,16,,,7,9,,
2012/11/04,22,18,,,9,9,,
2012/11/04,23,18,,,9,9,,
2012/11/04,24,18,,,9,9,,
2012/11/05,01,17,,,9,9,,
2012/11/05,02,17,,,8,9,,
2012/11/05,03,17,,,8,9,,
2012/11/05,04,18,,,9,9,,
2012/11/05,05,17,,,8,9,,
2012/11/05,06,17,,,8,9,,
2012/11/05,07,17,,,8,9,,
2012/11/05,08,14,,,8,6,,
2012/11/05,09,13,,,8,6,,
2012/11/05,10,16,,,9,7,,
2012/11/05,11,16,,,9,6,,
2012/11/05,12,17,,,10,7,,
2012/11/05,13,16,,,9,7,,
2012/11/05,14,15,,,9,7,,
2012/11/05,15,16,,,8,7,,
2012/11/05,16,18,,,9,9,,
2012/11/05,17,17,,,8,9,,
2012/11/05,18,17,,,8,9,,
2012/11/05,19,17,,,8,9,,
2012/11/05,20,17,,,8,9,,
2012/11/05,21,15,,,7,9,,
2012/11/05,22,16,,,7,9,,
2012/11/05,23,18,,,9,9,,
2012/11/05,24,17,,,8,9,,
2012/11/06,01,16,,,8,9,,
2012/11/06,02,17,,,8,9,,
2012/11/06,03,16,,,8,8,,
2012/11/06,04,17,,,8,9,,
2012/11/06,05,17,,,7,10,,
2012/11/06,06,17,,,8,9,,
2012/11/06,07,16,,,7,9,,
2012/11/06,08,14,,,8,6,,
2012/11/06,09,13,,,7,6,,
2012/11/06,10,16,,,9,7,,
2012/11/06,11,15,,,8,7,,
2012/11/06,12,16,,,9,7,,
2012/11/06,13,16,,,9,7,,
2012/11/06,14,16,,,9,7,,
2012/11/06,15,16,,,9,7,,
2012/11/06,16,17,,,9,8,,
2012/11/06,17,18,,,9,9,,
2012/11/06,18,17,,,8,9,,
2012/11/06,19,17,,,8,9,,
2012/11/06,20,17,,,9,9,,
2012/11/06,21,16,,,7,9,,
2012/11/06,22,18,,,9,9,,
2012/11/06,23,17,,,8,9,,
2012/11/06,24,18,,,9,9,,
2012/11/07,01,16,,,8,9,,
2012/11/07,02,16,,,8,8,,
2012/11/07,03,17,,,9,8,,
2012/11/07,04,18,,,9,10,,
2012/11/07,05,17,,,8,9,,
2012/11/07,06,17,,,8,9,,
2012/11/07,07,17,,,8,9,,
2012/11/07,08,14,,,8,7,,
2012/11/07,09,13,,,7,7,,
2012/11/07,10,15,,,9,6,,
2012/11/07,11,15,,,8,6,,
2012/11/07,12,15,,,9,6,,
2012/11/07,13,15,,,8,7,,
2012/11/07,14,16,,,9,8,,
2012/11/07,15,17,,,8,9,,
2012/11/07,16,17,,,8,9,,
2012/11/07,17,18,,,8,9,,
2012/11/07,18,18,,,9,9,,
2012/11/07,19,17,,,8,9,,
2012/11/07,20,17,,,8,9,,
2012/11/07,21,16,,,7,9,,
2012/11/07,22,18,,,9,9,,
2012/11/07,23,18,,,9,9,,
2012/11/07,24,17,,,8,9,,
2012/11/08,01,17,,,8,9,,
2012/11/08,02,16,,,8,9,,
2012/11/08,03,17,,,9,9,,
2012/11/08,04,17,,,9,9,,
2012/11/08,05,18,,,8,10,,
2012/11/08,06,17,,,8,9,,
2012/11/08,07,17,,,8,9,,
2012/11/08,08,14,,,8,6,,
2012/11/08,09,13,,,7,5,,
2012/11/08,10,16,,,9,7,,
2012/11/08,11,16,,,10,6,,
2012/11/08,12,18,,,11,7,,
2012/11/08,13,17,,,10,7,,
2012/11/08,14,17,,,10,7,,
2012/11/08,15,17,,,10,7,,
2012/11/08,16,18,,,10,8,,
2012/11/08,17,18,,,10,9,,
2012/11/08,18,19,,,10,9,,
2012/11/08,19,18,,,9,9,,
2012/11/08,20,17,,,8,9,,
2012/11/08,21,16,,,7,9,,
2012/11/08,22,18,,,9,9,,
2012/11/08,23,18,,,9,9,,
2012/11/08,24,18,,,9,9,,
2012/11/09,01,17,,,8,9,,
2012/11/09,02,17,,,8,9,,
2012/11/09,03,17,,,9,8,,
2012/11/09,04,17,,,9,9,,
2012/11/09,05,18,,,8,10,,
2012/11/09,06,17,,,8,9,,
2012/11/09,07,17,,,8,9,,
2012/11/09,08,14,,,8,6,,
2012/11/09,09,13,,,8,5,,
2012/11/09,10,16,,,10,6,,
2012/11/09,11,14,,,9,6,,
2012/11/09,12,17,,,10,7,,
2012/11/09,13,16,,,9,7,,
2012/11/09,14,16,,,9,7,,
2012/11/09,15,16,,,9,7,,
2012/11/09,16,17,,,9,8,,
2012/11/09,17,18,,,9,9,,
2012/11/09,18,17,,,8,9,,
2012/11/09,19,18,,,9,9,,
2012/11/09,20,17,,,8,9,,
2012/11/09,21,15,,,7,9,,
2012/11/09,22,17,,,8,9,,
2012/11/09,23,18,,,9,9,,
2012/11/09,24,17,,,8,9,,
2012/11/10,01,16,,,7,9,,
2012/11/10,02,17,,,8,9,,
2012/11/10,03,17,,,8,9,,
2012/11/10,04,18,,,8,10,,
2012/11/10,05,17,,,7,9,,
2012/11/10,06,17,,,8,9,,
2012/11/10,07,17,,,8,9,,
2012/11/10,08,16,,,8,8,,
2012/11/10,09,13,,,7,6,,
2012/11/10,10,15,,,8,7,,
2012/11/10,11,15,,,9,6,,
2012/11/10,12,16,,,10,7,,
2012/11/10,13,16,,,9,7,,
2012/11/10,14,16,,,9,7,,
2012/11/10,15,18,,,9,9,,
2012/11/10,16,18,,,9,9,,
2012/11/10,17,17,,,8,9,,
2012/11/10,18,17,,,8,9,,
2012/11/10,19,17,,,8,9,,
2012/11/10,20,17,,,8,9,,
2012/11/10,21,15,,,6,9,,
2012/11/10,22,18,,,9,9,,
2012/11/10,23,17,,,9,9,,
2012/11/10,24,16,,,8,9,,
2012/11/11,01,17,,,8,9,,
2012/11/11,02,18,,,10,9,,
2012/11/11,03,16,,,8,9,,
2012/11/11,04,17,,,8,9,,
2012/11/11,05,17,,,7,9,,
2012/11/11,06,17,,,8,9,,
2012/11/11,07,17,,,8,9,,
2012/11/11,08,17,,,8,9,,
2012/11/11,09,16,,,7,9,,
2012/11/11,10,18,,,9,9,,
2012/11/11,11,17,,,8,9,,
2012/11/11,12,18,,,9,9,,
2012/11/11,13,18,,,9,9,,
2012/11/11,14,18,,,9,9,,
2012/11/11,15,18,,,9,9,,
2012/11/11,16,18,,,9,9,,
2012/11/11,17,17,,,8,9,,
2012/11/11,18,17,,,8,9,,
2012/11/11,19,17,,,8,9,,
2012/11/11,20,17,,,8,9,,
2012/11/11,21,16,,,7,9,,
2012/11/11,22,17,,,8,9,,
2012/11/11,23,17,,,8,9,,
2012/11/11,24,17,,,8,9,,
2012/11/12,01,16,,,8,9,,
2012/11/12,02,16,,,7,9,,
2012/11/12,03,17,,,9,9,,
2012/11/12,04,18,,,8,10,,
2012/11/12,05,16,,,7,9,,
2012/11/12,06,16,,,8,9,,
2012/11/12,07,17,,,8,9,,
2012/11/12,08,15,,,7,8,,
2012/11/12,09,13,,,7,6,,
2012/11/12,10,14,,,8,6,,
2012/11/12,11,15,,,8,6,,
2012/11/12,12,16,,,9,7,,
2012/11/12,13,16,,,8,8,,
2012/11/12,14,15,,,8,7,,
2012/11/12,15,16,,,9,7,,
2012/11/12,16,16,,,8,8,,
2012/11/12,17,17,,,8,9,,
2012/11/12,18,17,,,8,9,,
2012/11/12,19,17,,,8,9,,
2012/11/12,20,17,,,8,9,,
2012/11/12,21,15,,,7,9,,
2012/11/12,22,16,,,7,9,,
2012/11/12,23,17,,,8,9,,
2012/11/12,24,16,,,7,9,,
2012/11/13,01,15,,,7,8,,
2012/11/13,02,17,,,8,8,,
2012/11/13,03,17,,,8,9,,
2012/11/13,04,17,,,8,9,,
2012/11/13,05,17,,,7,10,,
2012/11/13,06,16,,,7,9,,
2012/11/13,07,16,,,8,9,,
2012/11/13,08,14,,,8,6,,
2012/11/13,09,12,,,7,5,,
2012/11/13,10,14,,,8,6,,
2012/11/13,11,15,,,8,6,,
2012/11/13,12,16,,,9,7,,
2012/11/13,13,16,,,9,7,,
2012/11/13,14,15,,,9,7,,
2012/11/13,15,17,,,9,9,,
2012/11/13,16,18,,,9,9,,
2012/11/13,17,17,,,8,9,,
2012/11/13,18,18,,,9,9,,
2012/11/13,19,17,,,8,9,,
2012/11/13,20,17,,,8,9,,
2012/11/13,21,16,,,7,9,,
2012/11/13,22,16,,,8,9,,
2012/11/13,23,17,,,8,9,,
2012/11/13,24,16,,,8,9,,
2012/11/14,01,16,,,7,9,,
2012/11/14,02,17,,,9,8,,
2012/11/14,03,16,,,8,8,,
2012/11/14,04,17,,,8,9,,
2012/11/14,05,17,,,7,10,,
2012/11/14,06,16,,,7,9,,
2012/11/14,07,17,,,8,9,,
2012/11/14,08,14,,,8,6,,
2012/11/14,09,13,,,7,6,,
2012/11/14,10,14,,,9,5,,
2012/11/14,11,16,,,9,6,,
2012/11/14,12,16,,,9,6,,
2012/11/14,13,16,,,10,7,,
2012/11/14,14,16,,,10,6,,
2012/11/14,15,16,,,9,7,,
2012/11/14,16,19,,,10,8,,
2012/11/14,17,18,,,9,9,,
2012/11/14,18,18,,,9,9,,
2012/11/14,19,17,,,8,9,,
2012/11/14,20,17,,,8,9,,
2012/11/14,21,16,,,7,9,,
2012/11/14,22,17,,,8,9,,
2012/11/14,23,17,,,9,9,,
2012/11/14,24,16,,,8,9,,
2012/11/15,01,17,,,8,9,,
2012/11/15,02,18,,,9,9,,
2012/11/15,03,16,,,7,8,,
2012/11/15,04,17,,,8,9,,
2012/11/15,05,17,,,8,9,,
2012/11/15,06,16,,,8,9,,
2012/11/15,07,16,,,8,9,,
2012/11/15,08,14,,,8,6,,
2012/11/15,09,13,,,7,6,,
2012/11/15,10,15,,,8,7,,
2012/11/15,11,15,,,8,6,,
2012/11/15,12,16,,,9,7,,
2012/11/15,13,16,,,9,7,,
2012/11/15,14,15,,,9,6,,
2012/11/15,15,16,,,9,7,,
2012/11/15,16,18,,,9,9,,
2012/11/15,17,17,,,8,9,,
2012/11/15,18,18,,,9,9,,
2012/11/15,19,18,,,9,9,,
2012/11/15,20,17,,,8,9,,
2012/11/15,21,17,,,8,9,,
2012/11/15,22,18,,,9,9,,
2012/11/15,23,17,,,9,9,,
2012/11/15,24,17,,,9,9,,
2012/11/16,01,16,,,8,9,,
2012/11/16,02,17,,,9,8,,
2012/11/16,03,16,,,8,8,,
2012/11/16,04,18,,,9,9,,
2012/11/16,05,17,,,7,9,,
2012/11/16,06,17,,,8,9,,
2012/11/16,07,17,,,8,9,,
2012/11/16,08,17,,,8,9,,
2012/11/16,09,13,,,7,7,,
2012/11/16,10,18,,,9,9,,
2012/11/16,11,17,,,8,9,,
2012/11/16,12,18,,,9,9,,
2012/11/16,13,18,,,8,10,,
2012/11/16,14,17,,,8,9,,
2012/11/16,15,17,,,8,9,,
2012/11/16,16,17,,,9,9,,
2012/11/16,17,17,,,8,9,,
2012/11/16,18,17,,,8,9,,
2012/11/16,19,17,,,8,9,,
2012/11/16,20,16,,,7,9,,
2012/11/16,21,15,,,6,9,,
2012/11/16,22,17,,,8,9,,
2012/11/16,23,18,,,9,9,,
2012/11/16,24,17,,,8,9,,
2012/11/17,01,17,,,8,8,,
2012/11/17,02,17,,,9,8,,
2012/11/17,03,18,,,8,10,,
2012/11/17,04,17,,,8,9,,
2012/11/17,05,16,,,7,9,,
2012/11/17,06,16,,,7,9,,
2012/11/17,07,16,,,7,9,,
2012/11/17,08,14,,,7,6,,
2012/11/17,09,12,,,7,5,,
2012/11/17,10,14,,,8,6,,
2012/11/17,11,14,,,8,6,,
2012/11/17,12,16,,,9,7,,
2012/11/17,13,16,,,8,8,,
2012/11/17,14,14,,,8,7,,
2012/11/17,15,15,,,8,7,,
2012/11/17,16,17,,,8,8,,
2012/11/17,17,17,,,8,9,,
2012/11/17,18,17,,,8,9,,
2012/11/17,19,16,,,7,9,,
2012/11/17,20,16,,,7,9,,
2012/11/17,21,16,,,7,9,,
2012/11/17,22,16,,,7,9,,
2012/11/17,23,17,,,8,9,,
2012/11/17,24,17,,,8,9,,
2012/11/18,01,15,,,7,9,,
2012/11/18,02,17,,,9,9,,
2012/11/18,03,16,,,8,8,,
2012/11/18,04,18,,,8,10,,
2012/11/18,05,16,,,7,9,,
2012/11/18,06,16,,,7,9,,
2012/11/18,07,17,,,7,9,,
2012/11/18,08,16,,,7,9,,
2012/11/18,09,16,,,7,9,,
2012/11/18,10,15,,,8,7,,
2012/11/18,11,15,,,8,7,,
2012/11/18,12,15,,,9,6,,
2012/11/18,13,16,,,8,7,,
2012/11/18,14,15,,,8,6,,
2012/11/18,15,17,,,8,9,,
2012/11/18,16,17,,,8,9,,
2012/11/18,17,17,,,8,9,,
2012/11/18,18,17,,,8,9,,
2012/11/18,19,16,,,8,9,,
2012/11/18,20,16,,,7,9,,
2012/11/18,21,16,,,7,9,,
2012/11/18,22,16,,,7,9,,
2012/11/18,23,17,,,8,9,,
2012/11/18,24,17,,,8,9,,
2012/11/19,01,16,,,7,9,,
2012/11/19,02,16,,,7,8,,
2012/11/19,03,15,,,7,8,,
2012/11/19,04,18,,,9,9,,
2012/11/19,05,17,,,8,9,,
2012/11/19,06,16,,,7,9,,
2012/11/19,07,17,,,8,9,,
2012/11/19,08,14,,,7,6,,
2012/11/19,09,12,,,7,5,,
2012/11/19,10,14,,,8,6,,
2012/11/19,11,15,,,9,6,,
2012/11/19,12,16,,,9,6,,
2012/11/19,13,16,,,9,7,,
2012/11/19,14,15,,,9,6,,
2012/11/19,15,16,,,9,7,,
2012/11/19,16,18,,,9,9,,
2012/11/19,17,17,,,8,9,,
2012/11/19,18,17,,,8,9,,
2012/11/19,19,16,,,8,9,,
2012/11/19,20,17,,,8,9,,
2012/11/19,21,16,,,7,9,,
2012/11/19,22,17,,,8,9,,
2012/11/19,23,18,,,9,9,,
2012/11/19,24,16,,,8,9,,
2012/11/20,01,17,,,9,8,,
2012/11/20,02,16,,,8,8,,
2012/11/20,03,16,,,8,8,,
2012/11/20,04,18,,,9,10,,
2012/11/20,05,17,,,8,9,,
2012/11/20,06,16,,,8,9,,
2012/11/20,07,17,,,8,9,,
2012/11/20,08,17,,,8,9,,
2012/11/20,09,17,,,7,10,,
2012/11/20,10,17,,,8,9,,
2012/11/20,11,17,,,8,9,,
2012/11/20,12,15,,,9,7,,
2012/11/20,13,17,,,9,8,,
2012/11/20,14,15,,,8,7,,
2012/11/20,15,17,,,8,9,,
2012/11/20,16,18,,,9,9,,
2012/11/20,17,17,,,8,9,,
2012/11/20,18,17,,,8,9,,
2012/11/20,19,17,,,8,9,,
2012/11/20,20,16,,,7,9,,
2012/11/20,21,16,,,7,9,,
2012/11/20,22,16,,,7,9,,
2012/11/20,23,18,,,9,9,,
2012/11/20,24,16,,,8,9,,
2012/11/21,01,16,,,7,8,,
2012/11/21,02,17,,,9,8,,
2012/11/21,03,17,,,8,9,,
2012/11/21,04,18,,,8,10,,
2012/11/21,05,17,,,7,9,,
2012/11/21,06,16,,,8,9,,
2012/11/21,07,17,,,8,9,,
2012/11/21,08,16,,,7,9,,
2012/11/21,09,16,,,7,9,,
2012/11/21,10,17,,,8,9,,
2012/11/21,11,18,,,8,10,,
2012/11/21,12,17,,,8,9,,
2012/11/21,13,17,,,7,9,,
2012/11/21,14,17,,,8,9,,
2012/11/21,15,17,,,8,9,,
2012/11/21,16,17,,,8,9,,
2012/11/21,17,17,,,7,9,,
2012/11/21,18,16,,,7,9,,
2012/11/21,19,16,,,7,9,,
2012/11/21,20,16,,,7,9,,
2012/11/21,21,15,,,6,9,,
2012/11/21,22,16,,,8,9,,
2012/11/21,23,17,,,8,9,,
2012/11/21,24,16,,,8,9,,
2012/11/22,01,17,,,8,8,,
2012/11/22,02,18,,,10,8,,
2012/11/22,03,16,,,8,9,,
2012/11/22,04,18,,,8,10,,
2012/11/22,05,16,,,7,9,,
2012/11/22,06,16,,,8,9,,
2012/11/22,07,17,,,8,9,,
2012/11/22,08,14,,,7,6,,
2012/11/22,09,13,,,7,6,,
2012/11/22,10,14,,,9,5,,
2012/11/22,11,14,,,8,6,,
2012/11/22,12,15,,,9,7,,
2012/11/22,13,16,,,9,7,,
2012/11/22,14,15,,,9,6,,
2012/11/22,15,16,,,8,7,,
2012/11/22,16,17,,,9,9,,
2012/11/22,17,17,,,8,9,,
2012/11/22,18,16,,,8,9,,
2012/11/22,19,16,,,7,9,,
2012/11/22,20,16,,,7,9,,
2012/11/22,21,15,,,6,9,,
2012/11/22,22,17,,,8,9,,
2012/11/22,23,17,,,9,9,,
2012/11/22,24,16,,,8,9,,
2012/11/23,01,16,,,8,8,,
2012/11/23,02,17,,,8,8,,
2012/11/23,03,16,,,8,8,,
2012/11/23,04,17,,,8,9,,
2012/11/23,05,17,,,7,10,,
2012/11/23,06,16,,,8,9,,
2012/11/23,07,16,,,7,9,,
2012/11/23,08,15,,,7,8,,
2012/11/23,09,13,,,7,6,,
2012/11/23,10,14,,,8,6,,
2012/11/23,11,15,,,8,7,,
2012/11/23,12,15,,,8,7,,
2012/11/23,13,16,,,8,8,,
2012/11/23,14,14,,,7,7,,
2012/11/23,15,14,,,7,7,,
2012/11/23,16,17,,,8,9,,
2012/11/23,17,17,,,8,9,,
2012/11/23,18,16,,,7,9,,
2012/11/23,19,16,,,7,9,,
2012/11/23,20,17,,,7,9,,
2012/11/23,21,15,,,6,9,,
2012/11/23,22,16,,,7,9,,
2012/11/23,23,16,,,8,9,,
2012/11/23,24,16,,,7,9,,
2012/11/24,01,16,,,8,8,,
2012/11/24,02,17,,,9,8,,
2012/11/24,03,16,,,7,8,,
2012/11/24,04,16,,,7,9,,
2012/11/24,05,17,,,7,10,,
2012/11/24,06,16,,,7,9,,
2012/11/24,07,16,,,7,9,,
2012/11/24,08,14,,,7,7,,
2012/11/24,09,14,,,7,7,,
2012/11/24,10,15,,,8,7,,
2012/11/24,11,15,,,8,6,,
2012/11/24,12,15,,,8,7,,
2012/11/24,13,15,,,8,7,,
2012/11/24,14,15,,,8,7,,
2012/11/24,15,17,,,8,9,,
2012/11/24,16,16,,,7,9,,
2012/11/24,17,17,,,8,9,,
2012/11/24,18,16,,,7,9,,
2012/11/24,19,17,,,8,9,,
2012/11/24,20,16,,,7,9,,
2012/11/24,21,15,,,7,9,,
2012/11/24,22,16,,,7,9,,
2012/11/24,23,17,,,8,9,,
2012/11/24,24,16,,,7,9,,
2012/11/25,01,17,,,8,9,,
2012/11/25,02,17,,,9,9,,
2012/11/25,03,16,,,8,8,,
2012/11/25,04,16,,,8,9,,
2012/11/25,05,17,,,7,10,,
2012/11/25,06,15,,,7,9,,
2012/11/25,07,17,,,7,10,,
2012/11/25,08,14,,,7,7,,
2012/11/25,09,12,,,7,6,,
2012/11/25,10,14,,,8,6,,
2012/11/25,11,14,,,8,6,,
2012/11/25,12,15,,,8,7,,
2012/11/25,13,15,,,8,7,,
2012/11/25,14,15,,,8,7,,
2012/11/25,15,15,,,8,7,,
2012/11/25,16,16,,,8,9,,
2012/11/25,17,17,,,8,9,,
2012/11/25,18,16,,,7,9,,
2012/11/25,19,17,,,7,10,,
2012/11/25,20,16,,,7,9,,
2012/11/25,21,16,,,7,9,,
2012/11/25,22,16,,,7,9,,
2012/11/25,23,17,,,8,9,,
2012/11/25,24,17,,,8,9,,
2012/11/26,01,16,,,7,9,,
2012/11/26,02,16,,,7,9,,
2012/11/26,03,15,,,6,9,,
2012/11/26,04,18,,,9,9,,
2012/11/26,05,18,,,8,10,,
2012/11/26,06,16,,,7,9,,
2012/11/26,07,16,,,7,9,,
2012/11/26,08,14,,,7,7,,
2012/11/26,09,12,,,7,5,,
2012/11/26,10,13,,,8,6,,
2012/11/26,11,14,,,8,6,,
2012/11/26,12,15,,,9,7,,
2012/11/26,13,15,,,8,7,,
2012/11/26,14,14,,,8,7,,
2012/11/26,15,16,,,8,8,,
2012/11/26,16,17,,,8,9,,
2012/11/26,17,17,,,8,9,,
2012/11/26,18,16,,,7,9,,
2012/11/26,19,16,,,7,9,,
2012/11/26,20,16,,,7,9,,
2012/11/26,21,16,,,7,9,,
2012/11/26,22,16,,,7,9,,
2012/11/26,23,17,,,8,9,,
2012/11/26,24,16,,,7,9,,
2012/11/27,01,16,,,7,9,,
2012/11/27,02,16,,,7,8,,
2012/11/27,03,17,,,8,9,,
2012/11/27,04,17,,,7,9,,
2012/11/27,05,16,,,7,10,,
2012/11/27,06,16,,,7,9,,
2012/11/27,07,16,,,7,9,,
2012/11/27,08,16,,,7,9,,
2012/11/27,09,13,,,7,7,,
2012/11/27,10,14,,,8,6,,
2012/11/27,11,13,,,7,6,,
2012/11/27,12,14,,,8,6,,
2012/11/27,13,15,,,8,7,,
2012/11/27,14,16,,,9,7,,
2012/11/27,15,14,,,7,7,,
2012/11/27,16,17,,,9,9,,
2012/11/27,17,18,,,8,10,,
2012/11/27,18,16,,,7,9,,
2012/11/27,19,17,,,8,9,,
2012/11/27,20,16,,,7,9,,
2012/11/27,21,15,,,7,9,,
2012/11/27,22,16,,,7,9,,
2012/11/27,23,17,,,8,9,,
2012/11/27,24,16,,,8,9,,
2012/11/28,01,15,,,7,9,,
2012/11/28,02,17,,,8,8,,
2012/11/28,03,16,,,7,9,,
2012/11/28,04,18,,,8,10,,
2012/11/28,05,16,,,7,9,,
2012/11/28,06,16,,,7,9,,
2012/11/28,07,16,,,7,9,,
2012/11/28,08,14,,,7,7,,
2012/11/28,09,12,,,7,5,,
2012/11/28,10,15,,,9,6,,
2012/11/28,11,14,,,8,6,,
2012/11/28,12,15,,,9,6,,
2012/11/28,13,15,,,8,7,,
2012/11/28,14,16,,,9,7,,
2012/11/28,15,16,,,8,8,,
2012/11/28,16,17,,,8,9,,
2012/11/28,17,16,,,7,9,,
2012/11/28,18,17,,,8,9,,
2012/11/28,19,16,,,7,9,,
2012/11/28,20,16,,,7,9,,
2012/11/28,21,16,,,7,9,,
2012/11/28,22,16,,,7,9,,
2012/11/28,23,17,,,8,9,,
2012/11/28,24,15,,,7,9,,
2012/11/29,01,16,,,8,9,,
2012/11/29,02,17,,,8,9,,
2012/11/29,03,16,,,8,8,,
2012/11/29,04,17,,,8,9,,
2012/11/29,05,17,,,7,10,,
2012/11/29,06,16,,,7,9,,
2012/11/29,07,16,,,7,9,,
2012/11/29,08,16,,,7,9,,
2012/11/29,09,15,,,6,9,,
2012/11/29,10,16,,,8,8,,
2012/11/29,11,16,,,7,8,,
2012/11/29,12,16,,,8,9,,
2012/11/29,13,15,,,7,8,,
2012/11/29,14,14,,,7,7,,
2012/11/29,15,14,,,8,7,,
2012/11/29,16,16,,,8,9,,
2012/11/29,17,16,,,7,9,,
2012/11/29,18,16,,,7,9,,
2012/11/29,19,16,,,7,9,,
2012/11/29,20,16,,,7,9,,
2012/11/29,21,15,,,7,9,,
2012/11/29,22,16,,,7,9,,
2012/11/29,23,17,,,8,9,,
2012/11/29,24,16,,,7,9,,
2012/11/30,01,17,,,8,9,,
2012/11/30,02,17,,,9,9,,
2012/11/30,03,16,,,8,8,,
2012/11/30,04,17,,,8,9,,
2012/11/30,05,17,,,7,10,,
2012/11/30,06,16,,,7,9,,
2012/11/30,07,17,,,7,9,,
2012/11/30,08,17,,,8,9,,
2012/11/30,09,16,,,7,9,,
2012/11/30,10,17,,,8,10,,
2012/11/30,11,17,,,8,9,,
2012/11/30,12,16,,,7,9,,
2012/11/30,13,18,,,8,10,,
2012/11/30,14,16,,,8,9,,
2012/11/30,15,16,,,7,9,,
2012/11/30,16,17,,,8,9,,
2012/11/30,17,16,,,7,9,,
2012/11/30,18,16,,,7,9,,
2012/11/30,19,17,,,8,9,,
2012/11/30,20,16,,,7,9,,
2012/11/30,21,16,,,7,9,,
2012/11/30,22,16,,,7,9,,
2012/11/30,23,18,,,9,9,,
2012/11/30,24,17,,,8,9,,
2012/12/01,01,17,,,8,9,,
2012/12/01,02,17,,,8,8,,
2012/12/01,03,17,,,8,8,,
2012/12/01,04,18,,,8,10,,
2012/12/01,05,17,,,7,9,,
2012/12/01,06,16,,,7,9,,
2012/12/01,07,16,,,7,9,,
2012/12/01,08,15,,,7,8,,
2012/12/01,09,13,,,7,6,,
2012/12/01,10,15,,,8,7,,
2012/12/01,11,14,,,8,5,,
2012/12/01,12,15,,,9,7,,
2012/12/01,13,15,,,8,7,,
2012/12/01,14,14,,,8,6,,
2012/12/01,15,15,,,8,7,,
2012/12/01,16,16,,,8,9,,
2012/12/01,17,17,,,8,9,,
2012/12/01,18,16,,,7,9,,
2012/12/01,19,16,,,8,9,,
2012/12/01,20,16,,,7,9,,
2012/12/01,21,15,,,7,9,,
2012/12/01,22,16,,,7,9,,
2012/12/01,23,17,,,8,9,,
2012/12/01,24,17,,,8,9,,
2012/12/02,01,15,,,7,9,,
2012/12/02,02,17,,,8,9,,
2012/12/02,03,16,,,7,9,,
2012/12/02,04,17,,,8,10,,
2012/12/02,05,16,,,7,9,,
2012/12/02,06,15,,,7,9,,
2012/12/02,07,16,,,7,9,,
2012/12/02,08,14,,,7,7,,
2012/12/02,09,12,,,7,5,,
2012/12/02,10,14,,,8,6,,
2012/12/02,11,14,,,9,5,,
2012/12/02,12,14,,,8,6,,
2012/12/02,13,16,,,8,7,,
2012/12/02,14,15,,,8,7,,
2012/12/02,15,17,,,8,9,,
2012/12/02,16,16,,,7,9,,
2012/12/02,17,17,,,8,9,,
2012/12/02,18,17,,,8,9,,
2012/12/02,19,16,,,7,9,,
2012/12/02,20,16,,,7,9,,
2012/12/02,21,15,,,6,9,,
2012/12/02,22,17,,,8,9,,
2012/12/02,23,17,,,8,9,,
2012/12/02,24,16,,,8,9,,
2012/12/03,01,17,,,8,9,,
2012/12/03,02,15,,,7,8,,
2012/12/03,03,15,,,6,8,,
2012/12/03,04,18,,,9,9,,
2012/12/03,05,18,,,8,10,,
2012/12/03,06,16,,,7,9,,
2012/12/03,07,16,,,7,9,,
2012/12/03,08,15,,,7,8,,
2012/12/03,09,13,,,7,6,,
2012/12/03,10,14,,,8,6,,
2012/12/03,11,14,,,8,6,,
2012/12/03,12,15,,,9,6,,
2012/12/03,13,16,,,8,7,,
2012/12/03,14,14,,,8,6,,
2012/12/03,15,15,,,8,7,,
2012/12/03,16,17,,,8,9,,
2012/12/03,17,16,,,7,9,,
2012/12/03,18,17,,,7,9,,
2012/12/03,19,17,,,8,9,,
2012/12/03,20,16,,,7,9,,
2012/12/03,21,15,,,7,9,,
2012/12/03,22,16,,,7,9,,
2012/12/03,23,17,,,8,9,,
2012/12/03,24,16,,,7,9,,
2012/12/04,01,16,,,8,9,,
2012/12/04,02,16,,,8,8,,
2012/12/04,03,16,,,8,8,,
2012/12/04,04,17,,,8,10,,
2012/12/04,05,16,,,7,9,,
2012/12/04,06,16,,,7,9,,
2012/12/04,07,16,,,7,9,,
2012/12/04,08,14,,,7,7,,
2012/12/04,09,12,,,7,5,,
2012/12/04,10,14,,,8,6,,
2012/12/04,11,14,,,9,5,,
2012/12/04,12,15,,,8,7,,
2012/12/04,13,15,,,8,7,,
2012/12/04,14,14,,,8,6,,
2012/12/04,15,16,,,8,8,,
2012/12/04,16,17,,,8,9,,
2012/12/04,17,16,,,7,9,,
2012/12/04,18,16,,,7,9,,
2012/12/04,19,17,,,8,9,,
2012/12/04,20,16,,,7,9,,
2012/12/04,21,15,,,6,9,,
2012/12/04,22,17,,,8,9,,
2012/12/04,23,17,,,8,9,,
2012/12/04,24,17,,,8,9,,
2012/12/05,01,16,,,7,9,,
2012/12/05,02,16,,,8,8,,
2012/12/05,03,16,,,8,8,,
2012/12/05,04,17,,,8,9,,
2012/12/05,05,16,,,7,9,,
2012/12/05,06,16,,,7,9,,
2012/12/05,07,16,,,7,9,,
2012/12/05,08,15,,,7,8,,
2012/12/05,09,14,,,7,8,,
2012/12/05,10,14,,,7,7,,
2012/12/05,11,15,,,8,7,,
2012/12/05,12,14,,,7,7,,
2012/12/05,13,16,,,8,8,,
2012/12/05,14,17,,,7,10,,
2012/12/05,15,17,,,7,9,,
2012/12/05,16,16,,,7,9,,
2012/12/05,17,16,,,7,9,,
2012/12/05,18,18,,,8,10,,
2012/12/05,19,16,,,7,9,,
2012/12/05,20,16,,,7,9,,
2012/12/05,21,15,,,7,9,,
2012/12/05,22,16,,,7,9,,
2012/12/05,23,17,,,8,9,,
2012/12/05,24,16,,,7,9,,
2012/12/06,01,17,,,8,9,,
2012/12/06,02,17,,,9,9,,
2012/12/06,03,16,,,8,9,,
2012/12/06,04,17,,,8,9,,
2012/12/06,05,17,,,7,10,,
2012/12/06,06,16,,,7,9,,
2012/12/06,07,16,,,7,9,,
2012/12/06,08,17,,,7,10,,
2012/12/06,09,16,,,7,9,,
2012/12/06,10,17,,,7,9,,
2012/12/06,11,15,,,8,7,,
2012/12/06,12,15,,,8,7,,
2012/12/06,13,16,,,8,8,,
2012/12/06,14,15,,,8,7,,
2012/12/06,15,16,,,8,8,,
2012/12/06,16,17,,,8,9,,
2012/12/06,17,18,,,9,9,,
2012/12/06,18,17,,,8,9,,
2012/12/06,19,16,,,8,9,,
2012/12/06,20,17,,,8,9,,
2012/12/06,21,15,,,7,9,,
2012/12/06,22,16,,,7,9,,
2012/12/06,23,17,,,8,9,,
2012/12/06,24,17,,,8,9,,
2012/12/07,01,16,,,8,9,,
2012/12/07,02,17,,,8,9,,
2012/12/07,03,17,,,8,8,,
2012/12/07,04,17,,,8,9,,
2012/12/07,05,17,,,7,10,,
2012/12/07,06,16,,,7,9,,
2012/12/07,07,17,,,7,9,,
2012/12/07,08,16,,,7,9,,
2012/12/07,09,15,,,7,8,,
2012/12/07,10,14,,,7,7,,
2012/12/07,11,15,,,8,7,,
2012/12/07,12,15,,,8,7,,
2012/12/07,13,15,,,8,7,,
2012/12/07,14,15,,,7,8,,
2012/12/07,15,15,,,7,8,,
2012/12/07,16,17,,,8,9,,
2012/12/07,17,16,,,7,9,,
2012/12/07,18,17,,,8,9,,
2012/12/07,19,16,,,7,9,,
2012/12/07,20,16,,,7,9,,
2012/12/07,21,16,,,7,9,,
2012/12/07,22,16,,,7,9,,
2012/12/07,23,16,,,7,9,,
2012/12/07,24,16,,,7,9,,
2012/12/08,01,16,,,7,9,,
2012/12/08,02,17,,,8,9,,
2012/12/08,03,16,,,7,9,,
2012/12/08,04,17,,,8,9,,
2012/12/08,05,16,,,7,9,,
2012/12/08,06,16,,,7,9,,
2012/12/08,07,16,,,7,9,,
2012/12/08,08,14,,,7,7,,
2012/12/08,09,12,,,7,5,,
2012/12/08,10,13,,,8,5,,
2012/12/08,11,14,,,8,5,,
2012/12/08,12,14,,,8,7,,
2012/12/08,13,16,,,8,8,,
2012/12/08,14,16,,,7,9,,
2012/12/08,15,16,,,7,9,,
2012/12/08,16,17,,,8,9,,
2012/12/08,17,17,,,8,9,,
2012/12/08,18,16,,,7,9,,
2012/12/08,19,16,,,7,9,,
2012/12/08,20,17,,,8,9,,
2012/12/08,21,15,,,6,9,,
2012/12/08,22,16,,,7,9,,
2012/12/08,23,16,,,7,9,,
2012/12/08,24,16,,,7,9,,
2012/12/09,01,16,,,7,9,,
2012/12/09,02,16,,,7,9,,
2012/12/09,03,17,,,9,8,,
2012/12/09,04,16,,,7,9,,
2012/12/09,05,17,,,7,10,,
2012/12/09,06,15,,,7,9,,
2012/12/09,07,16,,,7,9,,
2012/12/09,08,14,,,7,8,,
2012/12/09,09,13,,,7,6,,
2012/12/09,10,13,,,7,6,,
2012/12/09,11,13,,,8,6,,
2012/12/09,12,14,,,8,6,,
2012/12/09,13,15,,,7,7,,
2012/12/09,14,14,,,7,7,,
2012/12/09,15,16,,,8,8,,
2012/12/09,16,16,,,7,9,,
2012/12/09,17,17,,,8,9,,
2012/12/09,18,16,,,7,9,,
2012/12/09,19,16,,,7,9,,
2012/12/09,20,16,,,6,9,,
2012/12/09,21,15,,,6,9,,
2012/12/09,22,16,,,7,9,,
2012/12/09,23,17,,,8,9,,
2012/12/09,24,16,,,7,9,,
2012/12/10,01,15,,,7,9,,
2012/12/10,02,15,,,7,9,,
2012/12/10,03,16,,,7,8,,
2012/12/10,04,17,,,8,9,,
2012/12/10,05,17,,,7,10,,
2012/12/10,06,16,,,7,9,,
2012/12/10,07,16,,,7,9,,
2012/12/10,08,14,,,7,7,,
2012/12/10,09,12,,,7,6,,
2012/12/10,10,12,,,7,5,,
2012/12/10,11,14,,,8,5,,
2012/12/10,12,14,,,8,6,,
2012/12/10,13,14,,,8,7,,
2012/12/10,14,15,,,8,7,,
2012/12/10,15,16,,,8,8,,
2012/12/10,16,17,,,8,9,,
2012/12/10,17,18,,,9,9,,
2012/12/10,18,18,,,8,9,,
2012/12/10,19,17,,,7,9,,
2012/12/10,20,16,,,7,9,,
2012/12/10,21,15,,,7,9,,
2012/12/10,22,16,,,7,9,,
2012/12/10,23,15,,,7,9,,
2012/12/10,24,15,,,6,9,,
2012/12/11,01,15,,,7,8,,
2012/12/11,02,17,,,8,8,,
2012/12/11,03,16,,,8,8,,
2012/12/11,04,17,,,7,10,,
2012/12/11,05,16,,,6,9,,
2012/12/11,06,16,,,7,9,,
2012/12/11,07,16,,,7,9,,
2012/12/11,08,16,,,7,9,,
2012/12/11,09,16,,,7,10,,
2012/12/11,10,16,,,7,10,,
2012/12/11,11,16,,,7,9,,
2012/12/11,12,15,,,7,8,,
2012/12/11,13,18,,,7,11,,
2012/12/11,14,16,,,8,9,,
2012/12/11,15,15,,,7,7,,
2012/12/11,16,17,,,7,9,,
2012/12/11,17,17,,,8,9,,
2012/12/11,18,17,,,7,9,,
2012/12/11,19,16,,,7,9,,
2012/12/11,20,15,,,6,9,,
2012/12/11,21,17,,,7,9,,
2012/12/11,22,17,,,8,9,,
2012/12/11,23,16,,,7,9,,
2012/12/11,24,16,,,7,9,,
2012/12/12,01,15,,,7,9,,
2012/12/12,02,16,,,8,9,,
2012/12/12,03,17,,,8,9,,
2012/12/12,04,17,,,8,9,,
2012/12/12,05,16,,,7,10,,
2012/12/12,06,16,,,7,9,,
2012/12/12,07,16,,,7,9,,
2012/12/12,08,14,,,7,7,,
2012/12/12,09,12,,,7,6,,
2012/12/12,10,13,,,8,6,,
2012/12/12,11,14,,,8,6,,
2012/12/12,12,14,,,8,6,,
2012/12/12,13,15,,,8,7,,
2012/12/12,14,15,,,8,7,,
2012/12/12,15,16,,,8,8,,
2012/12/12,16,17,,,8,9,,
2012/12/12,17,18,,,9,9,,
2012/12/12,18,16,,,7,9,,
2012/12/12,19,16,,,7,9,,
2012/12/12,20,16,,,7,9,,
2012/12/12,21,15,,,6,9,,
2012/12/12,22,16,,,7,9,,
2012/12/12,23,16,,,7,9,,
2012/12/12,24,15,,,7,9,,
2012/12/13,01,15,,,6,9,,
2012/12/13,02,16,,,7,9,,
2012/12/13,03,17,,,8,9,,
2012/12/13,04,18,,,8,10,,
2012/12/13,05,16,,,7,9,,
2012/12/13,06,16,,,7,9,,
2012/12/13,07,16,,,7,9,,
2012/12/13,08,16,,,7,10,,
2012/12/13,09,15,,,6,8,,
2012/12/13,10,16,,,7,9,,
2012/12/13,11,17,,,7,10,,
2012/12/13,12,16,,,7,10,,
2012/12/13,13,18,,,7,11,,
2012/12/13,14,16,,,7,9,,
2012/12/13,15,16,,,7,9,,
2012/12/13,16,16,,,7,9,,
2012/12/13,17,16,,,7,10,,
2012/12/13,18,18,,,9,9,,
2012/12/13,19,19,,,10,9,,
2012/12/13,20,18,,,9,9,,
2012/12/13,21,17,,,8,9,,
2012/12/13,22,17,,,8,9,,
2012/12/13,23,17,,,9,9,,
2012/12/13,24,18,,,9,9,,
2012/12/14,01,17,,,9,9,,
2012/12/14,02,18,,,10,9,,
2012/12/14,03,19,,,10,8,,
2012/12/14,04,19,,,10,9,,
2012/12/14,05,19,,,9,10,,
2012/12/14,06,18,,,9,9,,
2012/12/14,07,18,,,10,9,,
2012/12/14,08,16,,,8,8,,
2012/12/14,09,12,,,7,5,,
2012/12/14,10,13,,,8,5,,
2012/12/14,11,13,,,8,5,,
2012/12/14,12,14,,,8,6,,
2012/12/14,13,15,,,8,7,,
2012/12/14,14,14,,,8,6,,
2012/12/14,15,15,,,7,7,,
2012/12/14,16,16,,,8,9,,
2012/12/14,17,17,,,8,9,,
2012/12/14,18,16,,,7,9,,
2012/12/14,19,17,,,8,9,,
2012/12/14,20,16,,,8,9,,
2012/12/14,21,16,,,7,9,,
2012/12/14,22,16,,,7,9,,
2012/12/14,23,16,,,7,9,,
2012/12/14,24,15,,,6,9,,
2012/12/15,01,16,,,7,9,,
2012/12/15,02,16,,,8,8,,
2012/12/15,03,16,,,8,8,,
2012/12/15,04,17,,,8,10,,
2012/12/15,05,16,,,7,10,,
2012/12/15,06,16,,,7,9,,
2012/12/15,07,16,,,7,9,,
2012/12/15,08,15,,,7,8,,
2012/12/15,09,12,,,7,5,,
2012/12/15,10,13,,,7,6,,
2012/12/15,11,13,,,8,5,,
2012/12/15,12,14,,,8,6,,
2012/12/15,13,15,,,8,7,,
2012/12/15,14,14,,,7,7,,
2012/12/15,15,14,,,7,7,,
2012/12/15,16,17,,,8,9,,
2012/12/15,17,17,,,8,9,,
2012/12/15,18,16,,,7,9,,
2012/12/15,19,17,,,8,9,,
2012/12/15,20,16,,,7,9,,
2012/12/15,21,15,,,6,9,,
2012/12/15,22,16,,,7,9,,
2012/12/15,23,16,,,7,9,,
2012/12/15,24,15,,,7,9,,
2012/12/16,01,15,,,7,9,,
2012/12/16,02,16,,,7,9,,
2012/12/16,03,17,,,8,9,,
2012/12/16,04,18,,,8,10,,
2012/12/16,05,16,,,7,9,,
2012/12/16,06,16,,,7,9,,
2012/12/16,07,16,,,6,9,,
2012/12/16,08,17,,,7,10,,
2012/12/16,09,13,,,7,7,,
2012/12/16,10,14,,,7,7,,
2012/12/16,11,13,,,8,6,,
2012/12/16,12,14,,,8,6,,
2012/12/16,13,14,,,7,7,,
2012/12/16,14,14,,,7,7,,
2012/12/16,15,16,,,8,8,,
2012/12/16,16,18,,,8,9,,
2012/12/16,17,16,,,7,9,,
2012/12/16,18,16,,,7,9,,
2012/12/16,19,17,,,7,10,,
2012/12/16,20,16,,,7,9,,
2012/12/16,21,15,,,6,9,,
2012/12/16,22,16,,,7,9,,
2012/12/16,23,16,,,7,9,,
2012/12/16,24,15,,,7,9,,
2012/12/17,01,16,,,7,9,,
2012/12/17,02,15,,,6,9,,
2012/12/17,03,15,,,6,9,,
2012/12/17,04,18,,,9,9,,
2012/12/17,05,17,,,8,10,,
2012/12/17,06,16,,,7,9,,
2012/12/17,07,16,,,7,9,,
2012/12/17,08,17,,,7,10,,
2012/12/17,09,15,,,6,9,,
2012/12/17,10,16,,,7,9,,
2012/12/17,11,16,,,7,9,,
2012/12/17,12,17,,,7,10,,
2012/12/17,13,16,,,7,10,,
2012/12/17,14,16,,,7,9,,
2012/12/17,15,17,,,7,10,,
2012/12/17,16,16,,,7,9,,
2012/12/17,17,16,,,7,9,,
2012/12/17,18,18,,,9,9,,
2012/12/17,19,18,,,9,9,,
2012/12/17,20,17,,,8,9,,
2012/12/17,21,17,,,8,9,,
2012/12/17,22,17,,,8,9,,
2012/12/17,23,19,,,10,9,,
2012/12/17,24,17,,,9,9,,
2012/12/18,01,18,,,9,9,,
2012/12/18,02,19,,,11,9,,
2012/12/18,03,17,,,9,9,,
2012/12/18,04,18,,,9,9,,
2012/12/18,05,17,,,8,9,,
2012/12/18,06,17,,,8,9,,
2012/12/18,07,18,,,9,9,,
2012/12/18,08,17,,,8,9,,
2012/12/18,09,17,,,8,9,,
2012/12/18,10,18,,,8,9,,
2012/12/18,11,16,,,9,7,,
2012/12/18,12,14,,,8,6,,
2012/12/18,13,15,,,8,7,,
2012/12/18,14,15,,,8,7,,
2012/12/18,15,15,,,8,7,,
2012/12/18,16,18,,,8,9,,
2012/12/18,17,18,,,9,9,,
2012/12/18,18,17,,,8,9,,
2012/12/18,19,18,,,9,9,,
2012/12/18,20,17,,,8,9,,
2012/12/18,21,18,,,9,9,,
2012/12/18,22,17,,,8,9,,
2012/12/18,23,17,,,8,9,,
2012/12/18,24,17,,,8,9,,
2012/12/19,01,17,,,9,9,,
2012/12/19,02,19,,,10,9,,
2012/12/19,03,18,,,9,9,,
2012/12/19,04,20,,,10,10,,
2012/12/19,05,18,,,9,9,,
2012/12/19,06,19,,,10,9,,
2012/12/19,07,18,,,9,9,,
2012/12/19,08,16,,,9,7,,
2012/12/19,09,14,,,8,6,,
2012/12/19,10,14,,,9,6,,
2012/12/19,11,13,,,7,6,,
2012/12/19,12,14,,,8,6,,
2012/12/19,13,16,,,8,8,,
2012/12/19,14,14,,,7,7,,
2012/12/19,15,16,,,8,9,,
2012/12/19,16,17,,,8,10,,
2012/12/19,17,17,,,7,9,,
2012/12/19,18,16,,,7,9,,
2012/12/19,19,15,,,7,9,,
2012/12/19,20,16,,,7,9,,
2012/12/19,21,16,,,7,9,,
2012/12/19,22,17,,,8,9,,
2012/12/19,23,15,,,7,9,,
2012/12/19,24,15,,,7,9,,
2012/12/20,01,15,,,7,9,,
2012/12/20,02,16,,,8,9,,
2012/12/20,03,16,,,8,9,,
2012/12/20,04,16,,,7,9,,
2012/12/20,05,16,,,7,10,,
2012/12/20,06,15,,,6,9,,
2012/12/20,07,16,,,7,9,,
2012/12/20,08,17,,,7,10,,
2012/12/20,09,15,,,6,9,,
2012/12/20,10,18,,,9,9,,
2012/12/20,11,18,,,9,9,,
2012/12/20,12,18,,,9,9,,
2012/12/20,13,18,,,8,9,,
2012/12/20,14,18,,,8,9,,
2012/12/20,15,18,,,9,9,,
2012/12/20,16,18,,,9,9,,
2012/12/20,17,17,,,8,9,,
2012/12/20,18,18,,,10,9,,
2012/12/20,19,17,,,8,9,,
2012/12/20,20,18,,,9,9,,
2012/12/20,21,18,,,9,9,,
2012/12/20,22,17,,,9,9,,
2012/12/20,23,17,,,8,9,,
2012/12/20,24,17,,,8,9,,
2012/12/21,01,17,,,8,9,,
2012/12/21,02,19,,,10,9,,
2012/12/21,03,18,,,9,9,,
2012/12/21,04,19,,,9,10,,
2012/12/21,05,17,,,8,9,,
2012/12/21,06,17,,,9,9,,
2012/12/21,07,18,,,9,9,,
2012/12/21,08,16,,,8,8,,
2012/12/21,09,12,,,7,5,,
2012/12/21,10,13,,,7,6,,
2012/12/21,11,13,,,8,6,,
2012/12/21,12,14,,,8,6,,
2012/12/21,13,14,,,8,7,,
2012/12/21,14,13,,,7,6,,
2012/12/21,15,15,,,7,8,,
2012/12/21,16,17,,,8,9,,
2012/12/21,17,17,,,8,9,,
2012/12/21,18,16,,,8,9,,
2012/12/21,19,16,,,7,9,,
2012/12/21,20,16,,,7,9,,
2012/12/21,21,15,,,6,9,,
2012/12/21,22,16,,,7,9,,
2012/12/21,23,15,,,6,9,,
2012/12/21,24,15,,,7,8,,
2012/12/22,01,15,,,7,8,,
2012/12/22,02,16,,,8,8,,
2012/12/22,03,16,,,8,8,,
2012/12/22,04,17,,,8,10,,
2012/12/22,05,16,,,7,9,,
2012/12/22,06,16,,,7,9,,
2012/12/22,07,16,,,7,9,,
2012/12/22,08,16,,,7,9,,
2012/12/22,09,16,,,7,9,,
2012/12/22,10,15,,,7,8,,
2012/12/22,11,14,,,7,6,,
2012/12/22,12,15,,,7,8,,
2012/12/22,13,17,,,8,9,,
2012/12/22,14,18,,,9,9,,
2012/12/22,15,18,,,9,8,,
2012/12/22,16,18,,,9,9,,
2012/12/22,17,18,,,9,9,,
2012/12/22,18,17,,,8,9,,
2012/12/22,19,17,,,8,9,,
2012/12/22,20,17,,,8,9,,
2012/12/22,21,17,,,8,9,,
2012/12/22,22,17,,,8,9,,
2012/12/22,23,18,,,9,9,,
2012/12/22,24,18,,,10,9,,
2012/12/23,01,18,,,9,9,,
2012/12/23,02,18,,,9,9,,
2012/12/23,03,17,,,9,9,,
2012/12/23,04,20,,,11,9,,
2012/12/23,05,20,,,10,9,,
2012/12/23,06,19,,,10,9,,
2012/12/23,07,18,,,9,9,,
2012/12/23,08,18,,,9,8,,
2012/12/23,09,14,,,9,5,,
2012/12/23,10,15,,,9,6,,
2012/12/23,11,15,,,9,6,,
2012/12/23,12,15,,,8,7,,
2012/12/23,13,16,,,8,8,,
2012/12/23,14,16,,,9,7,,
2012/12/23,15,17,,,9,8,,
2012/12/23,16,19,,,9,10,,
2012/12/23,17,18,,,9,9,,
2012/12/23,18,17,,,8,9,,
2012/12/23,19,19,,,9,9,,
2012/12/23,20,18,,,9,9,,
2012/12/23,21,17,,,8,9,,
2012/12/23,22,18,,,9,9,,
2012/12/23,23,17,,,8,9,,
2012/12/23,24,17,,,8,9,,
2012/12/24,01,17,,,8,9,,
2012/12/24,02,16,,,8,9,,
2012/12/24,03,17,,,8,9,,
2012/12/24,04,20,,,10,10,,
2012/12/24,05,18,,,9,9,,
2012/12/24,06,17,,,9,9,,
2012/12/24,07,18,,,9,9,,
2012/12/24,08,18,,,9,10,,
2012/12/24,09,16,,,8,9,,
2012/12/24,10,18,,,9,9,,
2012/12/24,11,17,,,9,9,,
2012/12/24,12,18,,,9,10,,
2012/12/24,13,18,,,8,10,,
2012/12/24,14,17,,,8,9,,
2012/12/24,15,17,,,9,9,,
2012/12/24,16,18,,,9,9,,
2012/12/24,17,19,,,10,9,,
2012/12/24,18,18,,,8,9,,
2012/12/24,19,17,,,8,9,,
2012/12/24,20,17,,,8,9,,
2012/12/24,21,16,,,8,9,,
2012/12/24,22,17,,,8,9,,
2012/12/24,23,17,,,8,9,,
2012/12/24,24,17,,,8,9,,
2012/12/25,01,17,,,8,8,,
2012/12/25,02,18,,,10,8,,
2012/12/25,03,18,,,10,8,,
2012/12/25,04,19,,,10,9,,
2012/12/25,05,18,,,9,10,,
2012/12/25,06,18,,,10,9,,
2012/12/25,07,18,,,9,9,,
2012/12/25,08,19,,,10,9,,
2012/12/25,09,18,,,9,9,,
2012/12/25,10,18,,,9,9,,
2012/12/25,11,14,,,8,6,,
2012/12/25,12,18,,,9,9,,
2012/12/25,13,17,,,9,8,,
2012/12/25,14,15,,,7,8,,
2012/12/25,15,16,,,8,9,,
2012/12/25,16,17,,,7,10,,
2012/12/25,17,16,,,7,9,,
2012/12/25,18,15,,,6,9,,
2012/12/25,19,17,,,8,9,,
2012/12/25,20,16,,,7,9,,
2012/12/25,21,16,,,7,9,,
2012/12/25,22,16,,,7,9,,
2012/12/25,23,15,,,6,9,,
2012/12/25,24,14,,,6,8,,
2012/12/26,01,14,,,6,8,,
2012/12/26,02,14,,,6,8,,
2012/12/26,03,17,,,8,8,,
2012/12/26,04,18,,,7,10,,
2012/12/26,05,15,,,6,9,,
2012/12/26,06,15,,,6,9,,
2012/12/26,07,16,,,7,9,,
2012/12/26,08,19,,,11,8,,
2012/12/26,09,15,,,9,6,,
2012/12/26,10,14,,,9,5,,
2012/12/26,11,15,,,9,6,,
2012/12/26,12,17,,,10,7,,
2012/12/26,13,15,,,8,7,,
2012/12/26,14,16,,,9,7,,
2012/12/26,15,17,,,8,9,,
2012/12/26,16,18,,,9,9,,
2012/12/26,17,18,,,9,9,,
2012/12/26,18,18,,,9,9,,
2012/12/26,19,18,,,9,9,,
2012/12/26,20,18,,,8,9,,
2012/12/26,21,17,,,8,9,,
2012/12/26,22,18,,,9,9,,
2012/12/26,23,18,,,9,9,,
2012/12/26,24,18,,,9,9,,
2012/12/27,01,17,,,9,9,,
2012/12/27,02,20,,,11,9,,
2012/12/27,03,18,,,10,8,,
2012/12/27,04,19,,,9,10,,
2012/12/27,05,18,,,9,9,,
2012/12/27,06,17,,,9,9,,
2012/12/27,07,18,,,9,9,,
2012/12/27,08,19,,,9,10,,
2012/12/27,09,17,,,8,9,,
2012/12/27,10,18,,,8,9,,
2012/12/27,11,18,,,9,9,,
2012/12/27,12,18,,,9,9,,
2012/12/27,13,18,,,8,10,,
2012/12/27,14,18,,,9,9,,
2012/12/27,15,18,,,9,9,,
2012/12/27,16,18,,,8,9,,
2012/12/27,17,19,,,9,9,,
2012/12/27,18,17,,,8,9,,
2012/12/27,19,18,,,9,9,,
2012/12/27,20,18,,,10,9,,
2012/12/27,21,17,,,8,9,,
2012/12/27,22,17,,,9,9,,
2012/12/27,23,18,,,9,9,,
2012/12/27,24,17,,,8,8,,
2012/12/28,01,17,,,9,8,,
2012/12/28,02,17,,,9,8,,
2012/12/28,03,18,,,10,9,,
2012/12/28,04,19,,,9,10,,
2012/12/28,05,17,,,9,9,,
2012/12/28,06,18,,,9,9,,
2012/12/28,07,18,,,9,9,,
2012/12/28,08,18,,,8,10,,
2012/12/28,09,17,,,8,9,,
2012/12/28,10,18,,,9,9,,
2012/12/28,11,18,,,9,9,,
2012/12/28,12,17,,,8,9,,
2012/12/28,13,15,,,8,7,,
2012/12/28,14,15,,,8,7,,
2012/12/28,15,18,,,9,9,,
2012/12/28,16,18,,,9,9,,
2012/12/28,17,18,,,9,9,,
2012/12/28,18,17,,,8,9,,
2012/12/28,19,18,,,9,9,,
2012/12/28,20,17,,,8,9,,
2012/12/28,21,17,,,8,9,,
2012/12/28,22,17,,,8,9,,
2012/12/28,23,17,,,8,9,,
2012/12/28,24,17,,,8,9,,
2012/12/29,01,17,,,8,9,,
2012/12/29,02,18,,,9,9,,
2012/12/29,03,18,,,9,9,,
2012/12/29,04,19,,,9,10,,
2012/12/29,05,18,,,9,9,,
2012/12/29,06,18,,,9,9,,
2012/12/29,07,18,,,9,9,,
2012/12/29,08,18,,,9,8,,
2012/12/29,09,13,,,8,5,,
2012/12/29,10,14,,,8,6,,
2012/12/29,11,14,,,8,6,,
2012/12/29,12,14,,,8,6,,
2012/12/29,13,15,,,8,7,,
2012/12/29,14,15,,,8,7,,
2012/12/29,15,17,,,8,9,,
2012/12/29,16,19,,,10,9,,
2012/12/29,17,17,,,8,9,,
2012/12/29,18,17,,,8,9,,
2012/12/29,19,17,,,8,9,,
2012/12/29,20,17,,,8,9,,
2012/12/29,21,16,,,7,9,,
2012/12/29,22,17,,,8,9,,
2012/12/29,23,16,,,8,9,,
2012/12/29,24,16,,,8,9,,
2012/12/30,01,17,,,8,9,,
2012/12/30,02,17,,,9,8,,
2012/12/30,03,18,,,10,9,,
2012/12/30,04,19,,,9,10,,
2012/12/30,05,17,,,9,9,,
2012/12/30,06,18,,,9,9,,
2012/12/30,07,18,,,9,9,,
2012/12/30,08,18,,,8,10,,
2012/12/30,09,17,,,8,9,,
2012/12/30,10,18,,,9,9,,
2012/12/30,11,18,,,9,9,,
2012/12/30,12,17,,,8,9,,
2012/12/30,13,15,,,8,7,,
2012/12/30,14,15,,,8,7,,
2012/12/30,15,18,,,9,9,,
2012/12/30,16,18,,,9,9,,
2012/12/30,17,18,,,9,9,,
2012/12/30,18,17,,,8,9,,
2012/12/30,19,18,,,9,9,,
2012/12/30,20,17,,,8,9,,
2012/12/30,21,17,,,8,9,,
2012/12/30,22,15,,,6,10,,
2012/12/30,23,15,,,6,9,,
2012/12/30,24,15,,,6,9,,
2012/12/31,01,14,,,6,9,,
2012/12/31,02,15,,,6,9,,
2012/12/31,03,16,,,7,9,,
2012/12/31,04,17,,,7,9,,
2012/12/31,05,16,,,6,10,,
2012/12/31,06,15,,,6,9,,
2012/12/31,07,15,,,6,9,,
2012/12/31,08,14,,,5,8,,
2012/12/31,09,11,,,6,5,,
2012/12/31,10,12,,,6,6,,
2012/12/31,11,12,,,7,5,,
2012/12/31,12,13,,,7,6,,
2012/12/31,13,14,,,6,8,,
2012/12/31,14,13,,,6,6,,
2012/12/31,15,15,,,7,8,,
2012/12/31,16,18,,,9,9,,
2012/12/31,17,18,,,9,9,,
2012/12/31,18,17,,,8,9,,
2012/12/31,19,18,,,9,9,,
2012/12/31,20,17,,,8,9,,
2012/12/31,21,17,,,8,9,,
2012/12/31,22,17,,,8,9,,
2012/12/31,23,17,,,8,9,,
2012/12/31,24,17,,,8,9,,
2013/01/01,01,17,,,8,9,,
2013/01/01,02,18,,,9,9,,
2013/01/01,03,18,,,9,9,,
2013/01/01,04,19,,,9,10,,
2013/01/01,05,18,,,9,9,,
2013/01/01,06,18,,,9,9,,
2013/01/01,07,18,,,9,9,,
2013/01/01,08,18,,,9,8,,
2013/01/01,09,13,,,8,5,,
2013/01/01,10,15,,,8,6,,
2013/01/01,11,12,,,6,6,,
2013/01/01,12,13,,,7,6,,
2013/01/01,13,14,,,7,7,,
2013/01/01,14,14,,,6,7,,
2013/01/01,15,14,,,7,8,,
2013/01/01,16,16,,,6,9,,
2013/01/01,17,18,,,9,9,,
2013/01/01,18,17,,,8,9,,
2013/01/01,19,17,,,8,9,,
2013/01/01,20,18,,,9,9,,
2013/01/01,21,17,,,8,9,,
2013/01/01,22,18,,,9,9,,
2013/01/01,23,18,,,9,9,,
2013/01/01,24,17,,,8,9,,
2013/01/02,01,18,,,9,9,,
2013/01/02,02,19,,,11,9,,
2013/01/02,03,19,,,10,9,,
2013/01/02,04,20,,,10,10,,
2013/01/02,05,18,,,10,9,,
2013/01/02,06,19,,,10,9,,
2013/01/02,07,19,,,10,9,,
2013/01/02,08,18,,,10,8,,
2013/01/02,09,14,,,9,6,,
2013/01/02,10,15,,,8,6,,
2013/01/02,11,12,,,6,6,,
2013/01/02,12,13,,,7,6,,
2013/01/02,13,14,,,7,7,,
2013/01/02,14,14,,,6,7,,
2013/01/02,15,14,,,7,8,,
2013/01/02,16,16,,,6,9,,
2013/01/02,17,16,,,6,10,,
2013/01/02,18,17,,,7,9,,
2013/01/02,19,15,,,6,9,,
2013/01/02,20,15,,,6,9,,
2013/01/02,21,14,,,6,9,,
2013/01/02,22,15,,,6,10,,
2013/01/02,23,15,,,6,9,,
2013/01/02,24,15,,,6,9,,
2013/01/03,01,14,,,6,9,,
2013/01/03,02,15,,,6,9,,
2013/01/03,03,16,,,7,9,,
2013/01/03,04,17,,,7,9,,
2013/01/03,05,16,,,6,10,,
2013/01/03,06,15,,,6,9,,
2013/01/03,07,15,,,6,9,,
2013/01/03,08,14,,,5,8,,
2013/01/03,09,11,,,6,5,,
2013/01/03,10,12,,,6,6,,
2013/01/03,11,12,,,7,5,,
2013/01/03,12,13,,,7,6,,
2013/01/03,13,14,,,6,8,,
2013/01/03,14,13,,,6,6,,
2013/01/03,15,15,,,7,8,,
2013/01/03,16,16,,,7,9,,
2013/01/03,17,16,,,7,9,,
2013/01/03,18,15,,,6,9,,
2013/01/03,19,15,,,6,9,,
2013/01/03,20,16,,,6,9,,
2013/01/03,21,19,,,10,9,,
2013/01/03,22,18,,,10,9,,
2013/01/03,23,19,,,9,9,,
2013/01/03,24,18,,,10,9,,
2013/01/04,01,18,,,10,9,,
2013/01/04,02,19,,,11,9,,
2013/01/04,03,21,,,12,9,,
2013/01/04,04,20,,,11,9,,
2013/01/04,05,20,,,10,10,,
2013/01/04,06,20,,,11,9,,
2013/01/04,07,19,,,11,9,,
2013/01/04,08,18,,,10,8,,
2013/01/04,09,14,,,9,5,,
2013/01/04,10,14,,,8,5,,
2013/01/04,11,13,,,8,6,,
2013/01/04,12,14,,,8,6,,
2013/01/04,13,15,,,7,8,,
2013/01/04,14,13,,,7,6,,
2013/01/04,15,16,,,8,7,,
2013/01/04,16,16,,,7,9,,
2013/01/04,17,16,,,7,9,,
2013/01/04,18,16,,,7,9,,
2013/01/04,19,16,,,7,9,,
2013/01/04,20,16,,,6,9,,
2013/01/04,21,15,,,6,9,,
2013/01/04,22,15,,,6,9,,
2013/01/04,23,15,,,6,9,,
2013/01/04,24,15,,,6,9,,
2013/01/05,01,14,,,6,9,,
2013/01/05,02,15,,,6,9,,
2013/01/05,03,16,,,7,8,,
2013/01/05,04,17,,,7,10,,
2013/01/05,05,15,,,6,9,,
2013/01/05,06,15,,,6,9,,
2013/01/05,07,19,,,10,9,,
2013/01/05,08,18,,,10,8,,
2013/01/05,09,14,,,8,5,,
2013/01/05,10,14,,,8,6,,
2013/01/05,11,13,,,8,5,,
2013/01/05,12,13,,,8,6,,
2013/01/05,13,15,,,8,7,,
2013/01/05,14,14,,,7,6,,
2013/01/05,15,16,,,8,8,,
2013/01/05,16,17,,,8,9,,
2013/01/05,17,18,,,9,9,,
2013/01/05,18,18,,,9,9,,
2013/01/05,19,17,,,8,9,,
2013/01/05,20,18,,,9,9,,
2013/01/05,21,17,,,8,9,,
2013/01/05,22,17,,,8,9,,
2013/01/05,23,18,,,9,9,,
2013/01/05,24,18,,,9,9,,
2013/01/06,01,18,,,10,9,,
2013/01/06,02,19,,,11,9,,
2013/01/06,03,19,,,11,9,,
2013/01/06,04,21,,,11,10,,
2013/01/06,05,18,,,10,9,,
2013/01/06,06,19,,,10,9,,
2013/01/06,07,19,,,10,9,,
2013/01/06,08,18,,,10,8,,
2013/01/06,09,14,,,8,5,,
2013/01/06,10,14,,,8,6,,
2013/01/06,11,12,,,7,5,,
2013/01/06,12,13,,,7,6,,
2013/01/06,13,14,,,7,7,,
2013/01/06,14,13,,,7,7,,
2013/01/06,15,14,,,7,8,,
2013/01/06,16,16,,,7,9,,
2013/01/06,17,16,,,7,9,,
2013/01/06,18,15,,,6,9,,
2013/01/06,19,16,,,7,9,,
2013/01/06,20,16,,,7,9,,
2013/01/06,21,14,,,5,9,,
2013/01/06,22,15,,,6,9,,
2013/01/06,23,15,,,6,9,,
2013/01/06,24,14,,,6,9,,
2013/01/07,01,15,,,6,9,,
2013/01/07,02,14,,,6,9,,
2013/01/07,03,16,,,7,9,,
2013/01/07,04,17,,,7,10,,
2013/01/07,05,15,,,6,9,,
2013/01/07,06,15,,,6,9,,
2013/01/07,07,18,,,9,9,,
2013/01/07,08,19,,,10,8,,
2013/01/07,09,15,,,10,5,,
2013/01/07,10,15,,,9,6,,
2013/01/07,11,14,,,9,6,,
2013/01/07,12,14,,,8,7,,
2013/01/07,13,17,,,8,8,,
2013/01/07,14,15,,,9,7,,
2013/01/07,15,17,,,9,8,,
2013/01/07,16,18,,,9,9,,
2013/01/07,17,19,,,9,9,,
2013/01/07,18,18,,,9,9,,
2013/01/07,19,18,,,9,9,,
2013/01/07,20,18,,,9,9,,
2013/01/07,21,17,,,8,9,,
2013/01/07,22,18,,,9,9,,
2013/01/07,23,18,,,9,9,,
2013/01/07,24,18,,,9,9,,
2013/01/08,01,18,,,9,9,,
2013/01/08,02,19,,,10,9,,
2013/01/08,03,19,,,10,9,,
2013/01/08,04,19,,,10,10,,
2013/01/08,05,18,,,9,9,,
2013/01/08,06,18,,,10,9,,
2013/01/08,07,18,,,9,9,,
2013/01/08,08,17,,,9,8,,
2013/01/08,09,14,,,8,6,,
2013/01/08,10,14,,,8,6,,
2013/01/08,11,15,,,8,6,,
2013/01/08,12,16,,,9,8,,
2013/01/08,13,18,,,8,10,,
2013/01/08,14,17,,,8,9,,
2013/01/08,15,17,,,8,9,,
2013/01/08,16,17,,,8,9,,
2013/01/08,17,18,,,8,9,,
2013/01/08,18,19,,,9,10,,
2013/01/08,19,18,,,9,9,,
2013/01/08,20,17,,,8,9,,
2013/01/08,21,17,,,8,9,,
2013/01/08,22,19,,,10,9,,
2013/01/08,23,18,,,8,9,,
2013/01/08,24,17,,,8,9,,
2013/01/09,01,17,,,8,9,,
2013/01/09,02,17,,,9,9,,
2013/01/09,03,18,,,10,8,,
2013/01/09,04,18,,,9,9,,
2013/01/09,05,18,,,8,10,,
2013/01/09,06,17,,,9,9,,
2013/01/09,07,17,,,8,9,,
2013/01/09,08,16,,,8,8,,
2013/01/09,09,13,,,7,6,,
2013/01/09,10,13,,,7,5,,
2013/01/09,11,13,,,7,6,,
2013/01/09,12,14,,,8,6,,
2013/01/09,13,13,,,7,6,,
2013/01/09,14,14,,,8,7,,
2013/01/09,15,15,,,7,8,,
2013/01/09,16,16,,,7,9,,
2013/01/09,17,16,,,7,9,,
2013/01/09,18,16,,,7,9,,
2013/01/09,19,15,,,7,9,,
2013/01/09,20,15,,,7,9,,
2013/01/09,21,15,,,6,9,,
2013/01/09,22,16,,,7,9,,
2013/01/09,23,15,,,6,9,,
2013/01/09,24,15,,,6,9,,
2013/01/10,01,14,,,6,8,,
2013/01/10,02,15,,,7,8,,
2013/01/10,03,18,,,9,9,,
2013/01/10,04,17,,,8,9,,
2013/01/10,05,18,,,8,10,,
2013/01/10,06,16,,,7,9,,
2013/01/10,07,16,,,7,9,,
2013/01/10,08,14,,,6,9,,
2013/01/10,09,15,,,6,9,,
2013/01/10,10,16,,,7,10,,
2013/01/10,11,15,,,6,9,,
2013/01/10,12,16,,,6,10,,
2013/01/10,13,16,,,6,10,,
2013/01/10,14,16,,,6,9,,
2013/01/10,15,15,,,6,9,,
2013/01/10,16,17,,,8,9,,
2013/01/10,17,16,,,6,9,,
2013/01/10,18,15,,,7,9,,
2013/01/10,19,16,,,7,9,,
2013/01/10,20,15,,,6,9,,
2013/01/10,21,15,,,6,9,,
2013/01/10,22,15,,,6,9,,
2013/01/10,23,15,,,6,9,,
2013/01/10,24,15,,,6,9,,
2013/01/11,01,15,,,6,9,,
2013/01/11,02,16,,,7,9,,
2013/01/11,03,17,,,8,9,,
2013/01/11,04,18,,,8,10,,
2013/01/11,05,17,,,8,9,,
2013/01/11,06,17,,,8,9,,
2013/01/11,07,17,,,8,9,,
2013/01/11,08,16,,,8,9,,
2013/01/11,09,13,,,7,6,,
2013/01/11,10,14,,,7,7,,
2013/01/11,11,13,,,7,6,,
2013/01/11,12,13,,,7,6,,
2013/01/11,13,13,,,7,7,,
2013/01/11,14,13,,,7,6,,
2013/01/11,15,16,,,8,8,,
2013/01/11,16,17,,,8,9,,
2013/01/11,17,18,,,9,9,,
2013/01/11,18,17,,,8,9,,
2013/01/11,19,17,,,8,9,,
2013/01/11,20,17,,,8,9,,
2013/01/11,21,17,,,8,9,,
2013/01/11,22,17,,,9,9,,
2013/01/11,23,17,,,8,9,,
2013/01/11,24,17,,,8,9,,
2013/01/12,01,17,,,8,9,,
2013/01/12,02,18,,,9,9,,
2013/01/12,03,19,,,10,9,,
2013/01/12,04,20,,,11,10,,
2013/01/12,05,18,,,9,9,,
2013/01/12,06,18,,,9,9,,
2013/01/12,07,19,,,10,9,,
2013/01/12,08,17,,,9,8,,
2013/01/12,09,14,,,8,6,,
2013/01/12,10,14,,,8,6,,
2013/01/12,11,12,,,7,5,,
2013/01/12,12,14,,,8,6,,
2013/01/12,13,13,,,7,7,,
2013/01/12,14,13,,,7,6,,
2013/01/12,15,14,,,7,8,,
2013/01/12,16,18,,,8,9,,
2013/01/12,17,16,,,7,9,,
2013/01/12,18,16,,,7,9,,
2013/01/12,19,15,,,6,9,,
2013/01/12,20,15,,,6,9,,
2013/01/12,21,14,,,6,9,,
2013/01/12,22,15,,,6,9,,
2013/01/12,23,16,,,7,9,,
2013/01/12,24,18,,,10,9,,
2013/01/13,01,18,,,9,8,,
2013/01/13,02,19,,,11,8,,
2013/01/13,03,21,,,11,9,,
2013/01/13,04,21,,,11,10,,
2013/01/13,05,20,,,10,9,,
2013/01/13,06,19,,,10,9,,
2013/01/13,07,19,,,10,9,,
2013/01/13,08,18,,,10,8,,
2013/01/13,09,14,,,9,5,,
2013/01/13,10,14,,,8,6,,
2013/01/13,11,13,,,8,5,,
2013/01/13,12,14,,,8,6,,
2013/01/13,13,14,,,8,7,,
2013/01/13,14,14,,,8,6,,
2013/01/13,15,15,,,8,7,,
2013/01/13,16,17,,,8,9,,
2013/01/13,17,18,,,9,9,,
2013/01/13,18,18,,,8,9,,
2013/01/13,19,19,,,9,9,,
2013/01/13,20,17,,,9,9,,
2013/01/13,21,18,,,9,9,,
2013/01/13,22,18,,,9,9,,
2013/01/13,23,18,,,9,9,,
2013/01/13,24,18,,,9,9,,
2013/01/14,01,18,,,9,9,,
2013/01/14,02,18,,,9,8,,
2013/01/14,03,19,,,11,9,,
2013/01/14,04,20,,,11,9,,
2013/01/14,05,19,,,10,9,,
2013/01/14,06,18,,,10,9,,
2013/01/14,07,19,,,10,9,,
2013/01/14,08,17,,,9,9,,
2013/01/14,09,14,,,8,6,,
2013/01/14,10,15,,,8,7,,
2013/01/14,11,14,,,8,6,,
2013/01/14,12,15,,,8,7,,
2013/01/14,13,16,,,9,8,,
2013/01/14,14,16,,,9,7,,
2013/01/14,15,17,,,8,9,,
2013/01/14,16,18,,,9,9,,
2013/01/14,17,19,,,9,10,,
2013/01/14,18,17,,,8,9,,
2013/01/14,19,18,,,9,9,,
2013/01/14,20,18,,,9,9,,
2013/01/14,21,17,,,8,9,,
2013/01/14,22,17,,,9,9,,
2013/01/14,23,17,,,8,9,,
2013/01/14,24,18,,,9,9,,
2013/01/15,01,17,,,9,9,,
2013/01/15,02,18,,,9,9,,
2013/01/15,03,19,,,10,9,,
2013/01/15,04,19,,,10,9,,
2013/01/15,05,19,,,9,10,,
2013/01/15,06,18,,,9,9,,
2013/01/15,07,18,,,9,9,,
2013/01/15,08,18,,,9,9,,
2013/01/15,09,18,,,9,9,,
2013/01/15,10,19,,,10,9,,
2013/01/15,11,19,,,10,9,,
2013/01/15,12,19,,,9,9,,
2013/01/15,13,18,,,9,10,,
2013/01/15,14,17,,,9,7,,
2013/01/15,15,16,,,8,8,,
2013/01/15,16,18,,,9,9,,
2013/01/15,17,18,,,8,9,,
2013/01/15,18,18,,,9,9,,
2013/01/15,19,17,,,8,9,,
2013/01/15,20,17,,,8,9,,
2013/01/15,21,18,,,9,9,,
2013/01/15,22,19,,,10,9,,
2013/01/15,23,17,,,8,9,,
2013/01/15,24,17,,,8,9,,
2013/01/16,01,17,,,8,9,,
2013/01/16,02,17,,,9,9,,
2013/01/16,03,19,,,10,9,,
2013/01/16,04,19,,,9,10,,
2013/01/16,05,18,,,9,9,,
2013/01/16,06,18,,,9,9,,
2013/01/16,07,19,,,9,9,,
2013/01/16,08,18,,,9,9,,
2013/01/16,09,18,,,9,9,,
2013/01/16,10,19,,,9,10,,
2013/01/16,11,18,,,9,9,,
2013/01/16,12,18,,,8,9,,
2013/01/16,13,17,,,8,9,,
2013/01/16,14,15,,,9,6,,
2013/01/16,15,16,,,9,7,,
2013/01/16,16,17,,,8,9,,
2013/01/16,17,19,,,9,10,,
2013/01/16,18,19,,,9,9,,
2013/01/16,19,18,,,9,9,,
2013/01/16,20,18,,,9,9,,
2013/01/16,21,19,,,10,9,,
2013/01/16,22,18,,,9,9,,
2013/01/16,23,19,,,9,9,,
2013/01/16,24,17,,,8,9,,
2013/01/17,01,18,,,9,9,,
2013/01/17,02,18,,,10,8,,
2013/01/17,03,19,,,10,9,,
2013/01/17,04,18,,,10,9,,
2013/01/17,05,19,,,9,10,,
2013/01/17,06,18,,,9,9,,
2013/01/17,07,18,,,9,9,,
2013/01/17,08,17,,,9,8,,
2013/01/17,09,13,,,8,5,,
2013/01/17,10,14,,,8,6,,
2013/01/17,11,12,,,7,5,,
2013/01/17,12,13,,,7,6,,
2013/01/17,13,13,,,6,7,,
2013/01/17,14,13,,,7,7,,
2013/01/17,15,15,,,7,9,,
2013/01/17,16,17,,,7,10,,
2013/01/17,17,16,,,6,10,,
2013/01/17,18,18,,,8,10,,
2013/01/17,19,15,,,6,9,,
2013/01/17,20,16,,,7,9,,
2013/01/17,21,18,,,9,9,,
2013/01/17,22,18,,,9,9,,
2013/01/17,23,18,,,9,9,,
2013/01/17,24,18,,,9,9,,
2013/01/18,01,18,,,10,9,,
2013/01/18,02,20,,,11,9,,
2013/01/18,03,19,,,11,8,,
2013/01/18,04,21,,,11,10,,
2013/01/18,05,19,,,10,9,,
2013/01/18,06,19,,,11,9,,
2013/01/18,07,20,,,11,9,,
2013/01/18,08,19,,,10,9,,
2013/01/18,09,15,,,10,5,,
2013/01/18,10,14,,,9,6,,
2013/01/18,11,14,,,9,5,,
2013/01/18,12,14,,,8,6,,
2013/01/18,13,16,,,8,8,,
2013/01/18,14,14,,,8,6,,
2013/01/18,15,15,,,8,7,,
2013/01/18,16,17,,,8,9,,
2013/01/18,17,18,,,9,9,,
2013/01/18,18,18,,,8,9,,
2013/01/18,19,18,,,9,9,,
2013/01/18,20,19,,,10,9,,
2013/01/18,21,19,,,10,9,,
2013/01/18,22,18,,,9,9,,
2013/01/18,23,18,,,9,9,,
2013/01/18,24,18,,,9,9,,
2013/01/19,01,18,,,9,9,,
2013/01/19,02,18,,,10,8,,
2013/01/19,03,19,,,10,9,,
2013/01/19,04,18,,,10,9,,
2013/01/19,05,19,,,9,10,,
2013/01/19,06,18,,,10,9,,
2013/01/19,07,19,,,10,9,,
2013/01/19,08,18,,,9,9,,
2013/01/19,09,13,,,8,5,,
2013/01/19,10,15,,,9,6,,
2013/01/19,11,14,,,8,5,,
2013/01/19,12,14,,,8,6,,
2013/01/19,13,15,,,8,7,,
2013/01/19,14,14,,,8,6,,
2013/01/19,15,16,,,8,8,,
2013/01/19,16,18,,,9,9,,
2013/01/19,17,19,,,10,9,,
2013/01/19,18,19,,,9,9,,
2013/01/19,19,19,,,10,9,,
2013/01/19,20,19,,,10,9,,
2013/01/19,21,18,,,9,9,,
2013/01/19,22,19,,,10,9,,
2013/01/19,23,18,,,10,9,,
2013/01/19,24,19,,,10,9,,
2013/01/20,01,19,,,10,9,,
2013/01/20,02,20,,,12,9,,
2013/01/20,03,20,,,11,9,,
2013/01/20,04,21,,,11,9,,
2013/01/20,05,20,,,11,10,,
2013/01/20,06,20,,,11,9,,
2013/01/20,07,20,,,11,9,,
2013/01/20,08,18,,,10,8,,
2013/01/20,09,15,,,9,6,,
2013/01/20,10,15,,,9,6,,
2013/01/20,11,12,,,7,5,,
2013/01/20,12,14,,,8,6,,
2013/01/20,13,15,,,8,7,,
2013/01/20,14,13,,,7,6,,
2013/01/20,15,16,,,7,9,,
2013/01/20,16,17,,,7,9,,
2013/01/20,17,16,,,7,9,,
2013/01/20,18,16,,,6,9,,
2013/01/20,19,15,,,6,9,,
2013/01/20,20,16,,,7,9,,
2013/01/20,21,15,,,6,9,,
2013/01/20,22,15,,,6,9,,
2013/01/20,23,15,,,6,9,,
2013/01/20,24,18,,,9,9,,
2013/01/21,01,19,,,11,9,,
2013/01/21,02,19,,,10,9,,
2013/01/21,03,20,,,11,9,,
2013/01/21,04,22,,,12,10,,
2013/01/21,05,20,,,11,9,,
2013/01/21,06,20,,,11,9,,
2013/01/21,07,20,,,11,9,,
2013/01/21,08,20,,,10,9,,
2013/01/21,09,19,,,11,9,,
2013/01/21,10,20,,,10,10,,
2013/01/21,11,19,,,10,9,,
2013/01/21,12,16,,,9,7,,
2013/01/21,13,18,,,9,9,,
2013/01/21,14,19,,,10,9,,
2013/01/21,15,18,,,9,9,,
2013/01/21,16,19,,,10,9,,
2013/01/21,17,19,,,10,9,,
2013/01/21,18,20,,,10,9,,
2013/01/21,19,19,,,10,9,,
2013/01/21,20,18,,,10,9,,
2013/01/21,21,17,,,9,9,,
2013/01/21,22,18,,,9,9,,
2013/01/21,23,19,,,10,9,,
2013/01/21,24,18,,,9,9,,
2013/01/22,01,18,,,9,9,,
2013/01/22,02,20,,,11,9,,
2013/01/22,03,19,,,10,9,,
2013/01/22,04,18,,,10,9,,
2013/01/22,05,19,,,9,10,,
2013/01/22,06,19,,,10,9,,
2013/01/22,07,18,,,9,9,,
2013/01/22,08,17,,,9,8,,
2013/01/22,09,17,,,9,9,,
2013/01/22,10,15,,,8,7,,
2013/01/22,11,14,,,9,5,,
2013/01/22,12,14,,,8,6,,
2013/01/22,13,14,,,8,6,,
2013/01/22,14,14,,,8,7,,
2013/01/22,15,16,,,8,9,,
2013/01/22,16,17,,,8,9,,
2013/01/22,17,17,,,8,9,,
2013/01/22,18,20,,,10,10,,
2013/01/22,19,18,,,9,9,,
2013/01/22,20,17,,,8,9,,
2013/01/22,21,18,,,9,9,,
2013/01/22,22,17,,,8,9,,
2013/01/22,23,17,,,8,9,,
2013/01/22,24,17,,,8,9,,
2013/01/23,01,17,,,8,9,,
2013/01/23,02,17,,,9,8,,
2013/01/23,03,18,,,10,8,,
2013/01/23,04,18,,,9,9,,
2013/01/23,05,18,,,8,10,,
2013/01/23,06,18,,,9,9,,
2013/01/23,07,18,,,9,9,,
2013/01/23,08,17,,,8,9,,
2013/01/23,09,18,,,8,9,,
2013/01/23,10,18,,,9,9,,
2013/01/23,11,20,,,10,9,,
2013/01/23,12,18,,,9,9,,
2013/01/23,13,19,,,9,9,,
2013/01/23,14,19,,,9,9,,
2013/01/23,15,18,,,9,9,,
2013/01/23,16,18,,,9,9,,
2013/01/23,17,19,,,10,9,,
2013/01/23,18,17,,,8,9,,
2013/01/23,19,18,,,9,9,,
2013/01/23,20,17,,,8,9,,
2013/01/23,21,17,,,8,9,,
2013/01/23,22,17,,,8,9,,
2013/01/23,23,17,,,8,9,,
2013/01/23,24,17,,,8,9,,
2013/01/24,01,16,,,8,9,,
2013/01/24,02,17,,,9,8,,
2013/01/24,03,18,,,9,8,,
2013/01/24,04,19,,,9,10,,
2013/01/24,05,17,,,9,9,,
2013/01/24,06,17,,,9,9,,
2013/01/24,07,17,,,8,9,,
2013/01/24,08,17,,,8,9,,
2013/01/24,09,16,,,8,9,,
2013/01/24,10,16,,,6,9,,
2013/01/24,11,15,,,7,8,,
2013/01/24,12,15,,,7,9,,
2013/01/24,13,16,,,7,10,,
2013/01/24,14,16,,,7,9,,
2013/01/24,15,15,,,7,8,,
2013/01/24,16,16,,,7,9,,
2013/01/24,17,15,,,6,9,,
2013/01/24,18,16,,,7,9,,
2013/01/24,19,16,,,7,9,,
2013/01/24,20,16,,,7,9,,
2013/01/24,21,15,,,6,9,,
2013/01/24,22,16,,,6,9,,
2013/01/24,23,16,,,7,9,,
2013/01/24,24,17,,,8,9,,
2013/01/25,01,18,,,9,9,,
2013/01/25,02,19,,,10,9,,
2013/01/25,03,20,,,11,9,,
2013/01/25,04,20,,,10,10,,
2013/01/25,05,19,,,10,9,,
2013/01/25,06,19,,,10,9,,
2013/01/25,07,20,,,11,9,,
2013/01/25,08,18,,,10,8,,
2013/01/25,09,14,,,9,5,,
2013/01/25,10,13,,,8,5,,
2013/01/25,11,12,,,7,5,,
2013/01/25,12,14,,,9,6,,
2013/01/25,13,14,,,7,6,,
2013/01/25,14,14,,,8,6,,
2013/01/25,15,15,,,8,7,,
2013/01/25,16,18,,,9,9,,
2013/01/25,17,18,,,9,9,,
2013/01/25,18,17,,,8,9,,
2013/01/25,19,17,,,9,9,,
2013/01/25,20,19,,,10,9,,
2013/01/25,21,18,,,9,9,,
2013/01/25,22,19,,,10,9,,
2013/01/25,23,18,,,9,9,,
2013/01/25,24,18,,,9,9,,
2013/01/26,01,18,,,9,9,,
2013/01/26,02,20,,,11,9,,
2013/01/26,03,19,,,11,9,,
2013/01/26,04,20,,,11,9,,
2013/01/26,05,19,,,10,9,,
2013/01/26,06,20,,,11,9,,
2013/01/26,07,19,,,11,9,,
2013/01/26,08,19,,,10,9,,
2013/01/26,09,14,,,9,5,,
2013/01/26,10,15,,,9,6,,
2013/01/26,11,13,,,8,5,,
2013/01/26,12,13,,,7,5,,
2013/01/26,13,14,,,8,6,,
2013/01/26,14,15,,,8,7,,
2013/01/26,15,17,,,10,8,,
2013/01/26,16,16,,,8,9,,
2013/01/26,17,17,,,8,9,,
2013/01/26,18,17,,,8,9,,
2013/01/26,19,18,,,8,9,,
2013/01/26,20,18,,,8,9,,
2013/01/26,21,16,,,7,9,,
2013/01/26,22,18,,,9,9,,
2013/01/26,23,18,,,8,9,,
2013/01/26,24,17,,,8,9,,
2013/01/27,01,17,,,8,9,,
2013/01/27,02,20,,,11,9,,
2013/01/27,03,18,,,9,9,,
2013/01/27,04,19,,,10,10,,
2013/01/27,05,18,,,8,9,,
2013/01/27,06,18,,,9,9,,
2013/01/27,07,18,,,9,9,,
2013/01/27,08,18,,,9,9,,
2013/01/27,09,17,,,9,8,,
2013/01/27,10,15,,,9,6,,
2013/01/27,11,13,,,8,5,,
2013/01/27,12,14,,,8,6,,
2013/01/27,13,14,,,8,6,,
2013/01/27,14,15,,,8,7,,
2013/01/27,15,19,,,10,9,,
2013/01/27,16,19,,,9,9,,
2013/01/27,17,18,,,9,9,,
2013/01/27,18,18,,,9,9,,
2013/01/27,19,19,,,9,9,,
2013/01/27,20,18,,,9,9,,
2013/01/27,21,18,,,9,10,,
2013/01/27,22,18,,,10,9,,
2013/01/27,23,18,,,10,9,,
2013/01/27,24,19,,,10,9,,
2013/01/28,01,19,,,10,9,,
2013/01/28,02,19,,,10,9,,
2013/01/28,03,18,,,9,9,,
2013/01/28,04,20,,,11,9,,
2013/01/28,05,21,,,11,10,,
2013/01/28,06,21,,,12,9,,
2013/01/28,07,19,,,11,9,,
2013/01/28,08,18,,,10,8,,
2013/01/28,09,15,,,9,5,,
2013/01/28,10,15,,,9,6,,
2013/01/28,11,13,,,8,5,,
2013/01/28,12,14,,,9,6,,
2013/01/28,13,15,,,8,7,,
2013/01/28,14,14,,,7,7,,
2013/01/28,15,17,,,9,8,,
2013/01/28,16,18,,,9,9,,
2013/01/28,17,19,,,10,9,,
2013/01/28,18,18,,,9,9,,
2013/01/28,19,18,,,9,9,,
2013/01/28,20,19,,,10,9,,
2013/01/28,21,18,,,9,9,,
2013/01/28,22,19,,,10,9,,
2013/01/28,23,19,,,10,9,,
2013/01/28,24,19,,,10,9,,
2013/01/29,01,18,,,10,8,,
2013/01/29,02,19,,,11,8,,
2013/01/29,03,20,,,12,8,,
2013/01/29,04,20,,,11,8,,
2013/01/29,05,21,,,11,10,,
2013/01/29,06,20,,,11,9,,
2013/01/29,07,19,,,11,9,,
2013/01/29,08,19,,,10,9,,
2013/01/29,09,15,,,10,6,,
2013/01/29,10,14,,,9,5,,
2013/01/29,11,14,,,9,6,,
2013/01/29,12,15,,,7,8,,
2013/01/29,13,14,,,6,7,,
2013/01/29,14,14,,,6,8,,
2013/01/29,15,15,,,6,9,,
2013/01/29,16,17,,,7,9,,
2013/01/29,17,17,,,8,9,,
2013/01/29,18,16,,,7,9,,
2013/01/29,19,15,,,6,9,,
2013/01/29,20,16,,,7,9,,
2013/01/29,21,14,,,6,9,,
2013/01/29,22,15,,,6,9,,
2013/01/29,23,15,,,6,9,,
2013/01/29,24,14,,,6,9,,
2013/01/30,01,18,,,10,9,,
2013/01/30,02,22,,,13,9,,
2013/01/30,03,20,,,12,9,,
2013/01/30,04,22,,,12,10,,
2013/01/30,05,20,,,11,9,,
2013/01/30,06,20,,,11,9,,
2013/01/30,07,20,,,11,9,,
2013/01/30,08,19,,,11,8,,
2013/01/30,09,12,,,7,5,,
2013/01/30,10,13,,,8,5,,
2013/01/30,11,14,,,9,6,,
2013/01/30,12,14,,,8,6,,
2013/01/30,13,15,,,8,7,,
2013/01/30,14,15,,,8,7,,
2013/01/30,15,15,,,8,7,,
2013/01/30,16,18,,,10,9,,
2013/01/30,17,19,,,10,9,,
2013/01/30,18,17,,,8,9,,
2013/01/30,19,19,,,10,9,,
2013/01/30,20,18,,,9,9,,
2013/01/30,21,17,,,9,9,,
2013/01/30,22,18,,,9,9,,
2013/01/30,23,18,,,9,9,,
2013/01/30,24,18,,,9,9,,
2013/01/31,01,18,,,10,8,,
2013/01/31,02,18,,,10,8,,
2013/01/31,03,19,,,11,8,,
2013/01/31,04,19,,,10,8,,
2013/01/31,05,20,,,10,10,,
2013/01/31,06,19,,,10,9,,
2013/01/31,07,19,,,11,9,,
2013/01/31,08,19,,,10,9,,
2013/01/31,09,15,,,9,6,,
2013/01/31,10,15,,,9,6,,
2013/01/31,11,12,,,7,5,,
2013/01/31,12,13,,,7,6,,
2013/01/31,13,14,,,7,7,,
2013/01/31,14,13,,,7,6,,
2013/01/31,15,14,,,6,8,,
2013/01/31,16,16,,,6,9,,
2013/01/31,17,17,,,8,9,,
2013/01/31,18,15,,,6,9,,
2013/01/31,19,17,,,8,9,,
2013/01/31,20,18,,,9,9,,
2013/01/31,21,18,,,9,9,,
2013/01/31,22,18,,,10,9,,
2013/01/31,23,18,,,9,9,,
2013/01/31,24,18,,,9,9,,
2013/02/01,01,18,,,10,9,,
2013/02/01,02,19,,,11,9,,
2013/02/01,03,20,,,11,9,,
2013/02/01,04,20,,,11,9,,
2013/02/01,05,20,,,10,10,,
2013/02/01,06,19,,,11,9,,
2013/02/01,07,20,,,11,9,,
2013/02/01,08,19,,,10,9,,
2013/02/01,09,15,,,10,6,,
2013/02/01,10,15,,,9,6,,
2013/02/01,11,13,,,8,5,,
2013/02/01,12,14,,,8,6,,
2013/02/01,13,15,,,8,7,,
2013/02/01,14,15,,,8,7,,
2013/02/01,15,16,,,8,8,,
2013/02/01,16,19,,,9,9,,
2013/02/01,17,17,,,8,9,,
2013/02/01,18,18,,,9,9,,
2013/02/01,19,19,,,10,9,,
2013/02/01,20,19,,,10,9,,
2013/02/01,21,17,,,8,9,,
2013/02/01,22,18,,,9,9,,
2013/02/01,23,17,,,9,9,,
2013/02/01,24,18,,,9,9,,
2013/02/02,01,17,,,9,9,,
2013/02/02,02,18,,,10,9,,
2013/02/02,03,19,,,10,9,,
2013/02/02,04,19,,,11,9,,
2013/02/02,05,19,,,9,10,,
2013/02/02,06,18,,,9,9,,
2013/02/02,07,18,,,9,9,,
2013/02/02,08,18,,,9,9,,
2013/02/02,09,18,,,9,9,,
2013/02/02,10,17,,,9,8,,
2013/02/02,11,15,,,9,6,,
2013/02/02,12,15,,,9,6,,
2013/02/02,13,16,,,9,7,,
2013/02/02,14,14,,,8,6,,
2013/02/02,15,15,,,9,6,,
2013/02/02,16,17,,,9,8,,
2013/02/02,17,18,,,9,9,,
2013/02/02,18,17,,,8,9,,
2013/02/02,19,18,,,9,9,,
2013/02/02,20,17,,,9,9,,
2013/02/02,21,17,,,8,9,,
2013/02/02,22,18,,,9,9,,
2013/02/02,23,18,,,9,9,,
2013/02/02,24,17,,,9,9,,
2013/02/03,01,17,,,9,9,,
2013/02/03,02,19,,,10,8,,
2013/02/03,03,20,,,10,10,,
2013/02/03,04,20,,,11,9,,
2013/02/03,05,18,,,9,9,,
2013/02/03,06,18,,,9,9,,
2013/02/03,07,19,,,9,9,,
2013/02/03,08,18,,,9,9,,
2013/02/03,09,14,,,9,5,,
2013/02/03,10,14,,,8,6,,
2013/02/03,11,13,,,8,5,,
2013/02/03,12,14,,,8,6,,
2013/02/03,13,15,,,8,7,,
2013/02/03,14,15,,,8,7,,
2013/02/03,15,18,,,9,9,,
2013/02/03,16,18,,,9,9,,
2013/02/03,17,18,,,9,9,,
2013/02/03,18,18,,,9,9,,
2013/02/03,19,18,,,9,9,,
2013/02/03,20,19,,,10,9,,
2013/02/03,21,18,,,9,9,,
2013/02/03,22,19,,,9,9,,
2013/02/03,23,18,,,9,9,,
2013/02/03,24,18,,,9,9,,
2013/02/04,01,18,,,9,9,,
2013/02/04,02,18,,,10,9,,
2013/02/04,03,20,,,11,9,,
2013/02/04,04,20,,,11,9,,
2013/02/04,05,20,,,10,10,,
2013/02/04,06,19,,,10,9,,
2013/02/04,07,19,,,10,9,,
2013/02/04,08,18,,,9,9,,
2013/02/04,09,14,,,9,6,,
2013/02/04,10,15,,,9,6,,
2013/02/04,11,13,,,8,5,,
2013/02/04,12,13,,,8,6,,
2013/02/04,13,15,,,8,7,,
2013/02/04,14,14,,,7,7,,
2013/02/04,15,15,,,8,8,,
2013/02/04,16,17,,,8,9,,
2013/02/04,17,19,,,10,9,,
2013/02/04,18,18,,,9,9,,
2013/02/04,19,18,,,9,9,,
2013/02/04,20,18,,,9,9,,
2013/02/04,21,18,,,9,9,,
2013/02/04,22,18,,,9,9,,
2013/02/04,23,18,,,9,9,,
2013/02/04,24,20,,,11,9,,
2013/02/05,01,19,,,10,9,,
2013/02/05,02,19,,,10,9,,
2013/02/05,03,19,,,11,9,,
2013/02/05,04,20,,,11,9,,
2013/02/05,05,21,,,11,10,,
2013/02/05,06,19,,,10,9,,
2013/02/05,07,20,,,11,9,,
2013/02/05,08,20,,,11,9,,
2013/02/05,09,18,,,10,8,,
2013/02/05,10,17,,,10,7,,
2013/02/05,11,17,,,10,7,,
2013/02/05,12,14,,,9,6,,
2013/02/05,13,15,,,8,7,,
2013/02/05,14,15,,,8,7,,
2013/02/05,15,16,,,8,7,,
2013/02/05,16,18,,,8,10,,
2013/02/05,17,19,,,10,9,,
2013/02/05,18,18,,,9,9,,
2013/02/05,19,18,,,9,9,,
2013/02/05,20,18,,,9,9,,
2013/02/05,21,17,,,8,9,,
2013/02/05,22,19,,,10,9,,
2013/02/05,23,18,,,9,9,,
2013/02/05,24,19,,,10,9,,
2013/02/06,01,18,,,10,9,,
2013/02/06,02,19,,,11,9,,
2013/02/06,03,21,,,12,9,,
2013/02/06,04,20,,,11,9,,
2013/02/06,05,20,,,11,9,,
2013/02/06,06,20,,,11,9,,
2013/02/06,07,19,,,11,9,,
2013/02/06,08,19,,,10,9,,
2013/02/06,09,15,,,9,6,,
2013/02/06,10,14,,,9,6,,
2013/02/06,11,14,,,9,6,,
2013/02/06,12,13,,,7,5,,
2013/02/06,13,14,,,8,7,,
2013/02/06,14,16,,,8,7,,
2013/02/06,15,14,,,7,7,,
2013/02/06,16,16,,,7,9,,
2013/02/06,17,17,,,8,9,,
2013/02/06,18,19,,,9,9,,
2013/02/06,19,18,,,9,9,,
2013/02/06,20,17,,,8,9,,
2013/02/06,21,17,,,7,9,,
2013/02/06,22,19,,,10,9,,
2013/02/06,23,18,,,8,9,,
2013/02/06,24,17,,,8,9,,
2013/02/07,01,17,,,8,9,,
2013/02/07,02,18,,,9,9,,
2013/02/07,03,18,,,9,9,,
2013/02/07,04,19,,,10,9,,
2013/02/07,05,18,,,9,10,,
2013/02/07,06,17,,,9,9,,
2013/02/07,07,18,,,9,9,,
2013/02/07,08,18,,,9,9,,
2013/02/07,09,18,,,9,9,,
2013/02/07,10,19,,,9,10,,
2013/02/07,11,19,,,10,9,,
2013/02/07,12,20,,,10,9,,
2013/02/07,13,20,,,10,10,,
2013/02/07,14,19,,,10,9,,
2013/02/07,15,20,,,11,9,,
2013/02/07,16,20,,,11,9,,
2013/02/07,17,20,,,11,9,,
2013/02/07,18,20,,,11,10,,
2013/02/07,19,20,,,11,9,,
2013/02/07,20,19,,,10,9,,
2013/02/07,21,19,,,10,9,,
2013/02/07,22,19,,,10,9,,
2013/02/07,23,19,,,9,9,,
2013/02/07,24,18,,,9,9,,
2013/02/08,01,18,,,9,9,,
2013/02/08,02,19,,,11,9,,
2013/02/08,03,20,,,11,9,,
2013/02/08,04,21,,,11,10,,
2013/02/08,05,19,,,10,9,,
2013/02/08,06,19,,,10,9,,
2013/02/08,07,19,,,10,9,,
2013/02/08,08,18,,,9,9,,
2013/02/08,09,14,,,8,6,,
2013/02/08,10,14,,,8,6,,
2013/02/08,11,13,,,8,5,,
2013/02/08,12,14,,,8,6,,
2013/02/08,13,15,,,8,7,,
2013/02/08,14,14,,,8,6,,
2013/02/08,15,14,,,8,6,,
2013/02/08,16,19,,,9,9,,
2013/02/08,17,19,,,9,9,,
2013/02/08,18,18,,,9,9,,
2013/02/08,19,19,,,10,9,,
2013/02/08,20,18,,,9,9,,
2013/02/08,21,18,,,9,9,,
2013/02/08,22,19,,,10,9,,
2013/02/08,23,19,,,10,9,,
2013/02/08,24,19,,,10,9,,
2013/02/09,01,18,,,10,9,,
2013/02/09,02,18,,,10,8,,
2013/02/09,03,21,,,12,10,,
2013/02/09,04,20,,,11,9,,
2013/02/09,05,19,,,10,9,,
2013/02/09,06,19,,,10,10,,
2013/02/09,07,20,,,11,9,,
2013/02/09,08,19,,,10,9,,
2013/02/09,09,19,,,10,9,,
2013/02/09,10,19,,,10,8,,
2013/02/09,11,14,,,9,5,,
2013/02/09,12,14,,,8,6,,
2013/02/09,13,13,,,7,6,,
2013/02/09,14,14,,,6,8,,
2013/02/09,15,14,,,8,7,,
2013/02/09,16,16,,,7,9,,
2013/02/09,17,17,,,7,9,,
2013/02/09,18,15,,,6,9,,
2013/02/09,19,16,,,7,9,,
2013/02/09,20,16,,,6,9,,
2013/02/09,21,15,,,6,9,,
2013/02/09,22,15,,,6,9,,
2013/02/09,23,15,,,6,9,,
2013/02/09,24,20,,,11,9,,
2013/02/10,01,19,,,10,9,,
2013/02/10,02,21,,,12,9,,
2013/02/10,03,21,,,11,10,,
2013/02/10,04,20,,,11,9,,
2013/02/10,05,20,,,11,9,,
2013/02/10,06,20,,,10,10,,
2013/02/10,07,20,,,11,9,,
2013/02/10,08,19,,,10,9,,
2013/02/10,09,15,,,9,6,,
2013/02/10,10,15,,,9,7,,
2013/02/10,11,13,,,8,5,,
2013/02/10,12,14,,,8,6,,
2013/02/10,13,15,,,8,7,,
2013/02/10,14,15,,,8,7,,
2013/02/10,15,14,,,7,7,,
2013/02/10,16,16,,,7,9,,
2013/02/10,17,16,,,7,9,,
2013/02/10,18,16,,,6,9,,
2013/02/10,19,15,,,6,9,,
2013/02/10,20,16,,,7,9,,
2013/02/10,21,16,,,7,9,,
2013/02/10,22,15,,,6,9,,
2013/02/10,23,15,,,6,9,,
2013/02/10,24,15,,,6,9,,
2013/02/11,01,14,,,6,9,,
2013/02/11,02,14,,,6,8,,
2013/02/11,03,18,,,8,10,,
2013/02/11,04,21,,,12,9,,
2013/02/11,05,21,,,11,10,,
2013/02/11,06,21,,,11,10,,
2013/02/11,07,20,,,10,9,,
2013/02/11,08,19,,,10,9,,
2013/02/11,09,15,,,10,6,,
2013/02/11,10,16,,,9,7,,
2013/02/11,11,12,,,7,6,,
2013/02/11,12,13,,,7,6,,
2013/02/11,13,13,,,6,7,,
2013/02/11,14,14,,,6,8,,
2013/02/11,15,17,,,10,8,,
2013/02/11,16,20,,,11,9,,
2013/02/11,17,20,,,10,9,,
2013/02/11,18,20,,,11,9,,
2013/02/11,19,21,,,11,9,,
2013/02/11,20,20,,,10,9,,
2013/02/11,21,19,,,10,9,,
2013/02/11,22,20,,,11,9,,
2013/02/11,23,20,,,11,9,,
2013/02/11,24,20,,,10,9,,
2013/02/12,01,20,,,11,9,,
2013/02/12,02,22,,,12,10,,
2013/02/12,03,20,,,11,9,,
2013/02/12,04,21,,,12,9,,
2013/02/12,05,19,,,10,9,,
2013/02/12,06,19,,,10,9,,
2013/02/12,07,20,,,11,9,,
2013/02/12,08,19,,,10,9,,
2013/02/12,09,14,,,9,6,,
2013/02/12,10,15,,,8,7,,
2013/02/12,11,12,,,7,5,,
2013/02/12,12,13,,,7,6,,
2013/02/12,13,14,,,7,7,,
2013/02/12,14,13,,,7,7,,
2013/02/12,15,15,,,7,8,,
2013/02/12,16,17,,,8,9,,
2013/02/12,17,17,,,7,10,,
2013/02/12,18,17,,,7,9,,
2013/02/12,19,16,,,7,9,,
2013/02/12,20,16,,,6,9,,
2013/02/12,21,15,,,6,9,,
2013/02/12,22,17,,,8,9,,
2013/02/12,23,17,,,8,9,,
2013/02/12,24,16,,,7,9,,
2013/02/13,01,16,,,7,9,,
2013/02/13,02,18,,,8,10,,
2013/02/13,03,18,,,9,9,,
2013/02/13,04,17,,,8,9,,
2013/02/13,05,15,,,6,9,,
2013/02/13,06,17,,,8,10,,
2013/02/13,07,18,,,9,9,,
2013/02/13,08,16,,,8,9,,
2013/02/13,09,14,,,8,6,,
2013/02/13,10,14,,,7,7,,
2013/02/13,11,13,,,7,5,,
2013/02/13,12,13,,,7,6,,
2013/02/13,13,14,,,7,7,,
2013/02/13,14,15,,,7,7,,
2013/02/13,15,16,,,9,8,,
2013/02/13,16,18,,,8,9,,
2013/02/13,17,17,,,8,9,,
2013/02/13,18,16,,,7,9,,
2013/02/13,19,17,,,8,9,,
2013/02/13,20,17,,,8,9,,
2013/02/13,21,16,,,7,9,,
2013/02/13,22,17,,,8,9,,
2013/02/13,23,18,,,8,9,,
2013/02/13,24,17,,,8,9,,
2013/02/14,01,16,,,7,9,,
2013/02/14,02,19,,,11,9,,
2013/02/14,03,20,,,10,10,,
2013/02/14,04,20,,,11,9,,
2013/02/14,05,19,,,10,9,,
2013/02/14,06,20,,,10,10,,
2013/02/14,07,19,,,10,9,,
2013/02/14,08,20,,,10,10,,
2013/02/14,09,16,,,9,6,,
2013/02/14,10,16,,,10,6,,
2013/02/14,11,14,,,8,6,,
2013/02/14,12,14,,,8,6,,
2013/02/14,13,15,,,8,7,,
2013/02/14,14,15,,,8,7,,
2013/02/14,15,17,,,9,8,,
2013/02/14,16,19,,,10,9,,
2013/02/14,17,19,,,10,9,,
2013/02/14,18,17,,,8,9,,
2013/02/14,19,19,,,10,9,,
2013/02/14,20,18,,,9,9,,
2013/02/14,21,17,,,8,9,,
2013/02/14,22,18,,,9,9,,
2013/02/14,23,18,,,9,9,,
2013/02/14,24,17,,,8,9,,
2013/02/15,01,17,,,9,9,,
2013/02/15,02,17,,,9,9,,
2013/02/15,03,19,,,9,10,,
2013/02/15,04,19,,,10,9,,
2013/02/15,05,18,,,9,9,,
2013/02/15,06,17,,,8,9,,
2013/02/15,07,19,,,9,9,,
2013/02/15,08,18,,,9,9,,
2013/02/15,09,18,,,9,9,,
2013/02/15,10,19,,,9,10,,
2013/02/15,11,15,,,6,9,,
2013/02/15,12,15,,,7,8,,
2013/02/15,13,14,,,6,8,,
2013/02/15,14,13,,,6,6,,
2013/02/15,15,14,,,8,7,,
2013/02/15,16,16,,,7,9,,
2013/02/15,17,16,,,7,9,,
2013/02/15,18,16,,,7,9,,
2013/02/15,19,16,,,7,9,,
2013/02/15,20,15,,,6,9,,
2013/02/15,21,15,,,6,9,,
2013/02/15,22,15,,,6,9,,
2013/02/15,23,15,,,6,9,,
2013/02/15,24,15,,,6,9,,
2013/02/16,01,15,,,6,9,,
2013/02/16,02,16,,,8,9,,
2013/02/16,03,15,,,7,8,,
2013/02/16,04,20,,,11,9,,
2013/02/16,05,20,,,10,10,,
2013/02/16,06,19,,,10,9,,
2013/02/16,07,19,,,10,9,,
2013/02/16,08,18,,,10,9,,
2013/02/16,09,14,,,9,6,,
2013/02/16,10,14,,,9,6,,
2013/02/16,11,14,,,8,6,,
2013/02/16,12,15,,,8,7,,
2013/02/16,13,16,,,8,8,,
2013/02/16,14,16,,,8,8,,
2013/02/16,15,16,,,9,7,,
2013/02/16,16,17,,,9,8,,
2013/02/16,17,19,,,9,9,,
2013/02/16,18,18,,,9,9,,
2013/02/16,19,19,,,9,9,,
2013/02/16,20,17,,,8,9,,
2013/02/16,21,17,,,8,9,,
2013/02/16,22,18,,,9,9,,
2013/02/16,23,18,,,9,9,,
2013/02/16,24,18,,,9,9,,
2013/02/17,01,17,,,8,9,,
2013/02/17,02,19,,,10,9,,
2013/02/17,03,18,,,10,8,,
2013/02/17,04,20,,,10,10,,
2013/02/17,05,18,,,10,9,,
2013/02/17,06,19,,,10,9,,
2013/02/17,07,19,,,10,9,,
2013/02/17,08,19,,,9,9,,
2013/02/17,09,15,,,9,6,,
2013/02/17,10,15,,,7,7,,
2013/02/17,11,13,,,6,6,,
2013/02/17,12,13,,,6,7,,
2013/02/17,13,14,,,7,7,,
2013/02/17,14,13,,,7,7,,
2013/02/17,15,15,,,7,8,,
2013/02/17,16,16,,,7,9,,
2013/02/17,17,16,,,7,10,,
2013/02/17,18,17,,,8,10,,
2013/02/17,19,16,,,6,10,,
2013/02/17,20,16,,,6,10,,
2013/02/17,21,17,,,7,10,,
2013/02/17,22,15,,,6,9,,
2013/02/17,23,15,,,6,9,,
2013/02/17,24,15,,,6,9,,
2013/02/18,01,17,,,9,9,,
2013/02/18,02,18,,,10,9,,
2013/02/18,03,19,,,10,9,,
2013/02/18,04,21,,,11,10,,
2013/02/18,05,20,,,11,9,,
2013/02/18,06,19,,,10,9,,
2013/02/18,07,19,,,10,10,,
2013/02/18,08,19,,,10,9,,
2013/02/18,09,15,,,9,6,,
2013/02/18,10,14,,,7,7,,
2013/02/18,11,12,,,7,6,,
2013/02/18,12,13,,,7,6,,
2013/02/18,13,15,,,7,8,,
2013/02/18,14,14,,,7,8,,
2013/02/18,15,15,,,7,8,,
2013/02/18,16,16,,,7,9,,
2013/02/18,17,16,,,7,9,,
2013/02/18,18,16,,,7,10,,
2013/02/18,19,16,,,6,9,,
2013/02/18,20,16,,,6,9,,
2013/02/18,21,16,,,7,9,,
2013/02/18,22,15,,,6,9,,
2013/02/18,23,15,,,6,10,,
2013/02/18,24,15,,,6,9,,
2013/02/19,01,15,,,6,9,,
2013/02/19,02,15,,,6,9,,
2013/02/19,03,16,,,7,9,,
2013/02/19,04,19,,,9,9,,
2013/02/19,05,22,,,11,10,,
2013/02/19,06,19,,,10,9,,
2013/02/19,07,20,,,11,9,,
2013/02/19,08,19,,,11,9,,
2013/02/19,09,15,,,9,6,,
2013/02/19,10,15,,,9,6,,
2013/02/19,11,14,,,8,6,,
2013/02/19,12,17,,,9,7,,
2013/02/19,13,15,,,8,8,,
2013/02/19,14,15,,,8,8,,
2013/02/19,15,18,,,8,10,,
2013/02/19,16,17,,,8,10,,
2013/02/19,17,17,,,8,9,,
2013/02/19,18,20,,,11,9,,
2013/02/19,19,19,,,10,9,,
2013/02/19,20,18,,,9,9,,
2013/02/19,21,18,,,9,9,,
2013/02/19,22,19,,,10,9,,
2013/02/19,23,19,,,10,9,,
2013/02/19,24,18,,,9,9,,
2013/02/20,01,19,,,10,9,,
2013/02/20,02,20,,,11,9,,
2013/02/20,03,20,,,11,9,,
2013/02/20,04,21,,,11,10,,
2013/02/20,05,20,,,10,10,,
2013/02/20,06,20,,,10,9,,
2013/02/20,07,20,,,11,9,,
2013/02/20,08,19,,,10,9,,
2013/02/20,09,15,,,9,6,,
2013/02/20,10,14,,,8,6,,
2013/02/20,11,13,,,8,5,,
2013/02/20,12,14,,,8,6,,
2013/02/20,13,15,,,8,7,,
2013/02/20,14,16,,,8,8,,
2013/02/20,15,14,,,6,8,,
2013/02/20,16,15,,,6,9,,
2013/02/20,17,17,,,7,10,,
2013/02/20,18,16,,,7,9,,
2013/02/20,19,16,,,7,9,,
2013/02/20,20,15,,,6,10,,
2013/02/20,21,15,,,6,9,,
2013/02/20,22,15,,,6,9,,
2013/02/20,23,16,,,6,10,,
2013/02/20,24,16,,,7,9,,
2013/02/21,01,19,,,10,9,,
2013/02/21,02,19,,,10,9,,
2013/02/21,03,20,,,11,9,,
2013/02/21,04,21,,,11,10,,
2013/02/21,05,19,,,10,9,,
2013/02/21,06,19,,,10,9,,
2013/02/21,07,20,,,10,10,,
2013/02/21,08,19,,,10,9,,
2013/02/21,09,14,,,8,6,,
2013/02/21,10,13,,,7,7,,
2013/02/21,11,12,,,7,6,,
2013/02/21,12,13,,,7,6,,
2013/02/21,13,14,,,6,8,,
2013/02/21,14,14,,,6,7,,
2013/02/21,15,13,,,6,7,,
2013/02/21,16,15,,,6,9,,
2013/02/21,17,18,,,9,9,,
2013/02/21,18,16,,,6,10,,
2013/02/21,19,16,,,7,10,,
2013/02/21,20,16,,,6,10,,
2013/02/21,21,15,,,5,9,,
2013/02/21,22,16,,,6,10,,
2013/02/21,23,18,,,9,9,,
2013/02/21,24,18,,,9,9,,
2013/02/22,01,18,,,9,9,,
2013/02/22,02,18,,,10,9,,
2013/02/22,03,20,,,11,9,,
2013/02/22,04,21,,,11,10,,
2013/02/22,05,20,,,10,10,,
2013/02/22,06,20,,,10,9,,
2013/02/22,07,20,,,10,10,,
2013/02/22,08,18,,,9,9,,
2013/02/22,09,14,,,8,6,,
2013/02/22,10,13,,,7,7,,
2013/02/22,11,13,,,7,6,,
2013/02/22,12,13,,,7,6,,
2013/02/22,13,14,,,7,7,,
2013/02/22,14,15,,,7,8,,
2013/02/22,15,14,,,7,8,,
2013/02/22,16,17,,,8,9,,
2013/02/22,17,18,,,8,10,,
2013/02/22,18,17,,,7,10,,
2013/02/22,19,17,,,7,10,,
2013/02/22,20,16,,,6,10,,
2013/02/22,21,15,,,5,10,,
2013/02/22,22,15,,,6,9,,
2013/02/22,23,15,,,6,9,,
2013/02/22,24,15,,,6,9,,
2013/02/23,01,15,,,6,9,,
2013/02/23,02,15,,,7,9,,
2013/02/23,03,19,,,10,9,,
2013/02/23,04,21,,,11,10,,
2013/02/23,05,19,,,10,9,,
2013/02/23,06,19,,,10,9,,
2013/02/23,07,19,,,9,10,,
2013/02/23,08,18,,,9,9,,
2013/02/23,09,14,,,8,6,,
2013/02/23,10,13,,,7,6,,
2013/02/23,11,13,,,7,6,,
2013/02/23,12,14,,,7,7,,
2013/02/23,13,14,,,7,7,,
2013/02/23,14,15,,,7,7,,
2013/02/23,15,15,,,8,8,,
2013/02/23,16,16,,,8,9,,
2013/02/23,17,17,,,8,10,,
2013/02/23,18,16,,,7,9,,
2013/02/23,19,17,,,7,10,,
2013/02/23,20,15,,,6,9,,
2013/02/23,21,15,,,6,9,,
2013/02/23,22,16,,,6,9,,
2013/02/23,23,18,,,9,9,,
2013/02/23,24,17,,,8,9,,
2013/02/24,01,17,,,9,9,,
2013/02/24,02,19,,,11,9,,
2013/02/24,03,19,,,10,9,,
2013/02/24,04,22,,,11,10,,
2013/02/24,05,19,,,10,9,,
2013/02/24,06,19,,,10,9,,
2013/02/24,07,20,,,10,10,,
2013/02/24,08,19,,,10,9,,
2013/02/24,09,16,,,10,6,,
2013/02/24,10,14,,,7,6,,
2013/02/24,11,12,,,7,6,,
2013/02/24,12,14,,,7,7,,
2013/02/24,13,15,,,7,8,,
2013/02/24,14,14,,,7,8,,
2013/02/24,15,14,,,7,7,,
2013/02/24,16,16,,,7,9,,
2013/02/24,17,16,,,7,9,,
2013/02/24,18,16,,,6,9,,
2013/02/24,19,17,,,7,10,,
2013/02/24,20,17,,,7,9,,
2013/02/24,21,15,,,6,9,,
2013/02/24,22,18,,,8,9,,
2013/02/24,23,19,,,10,9,,
2013/02/24,24,18,,,9,9,,
2013/02/25,01,18,,,9,9,,
2013/02/25,02,18,,,9,9,,
2013/02/25,03,19,,,10,9,,
2013/02/25,04,20,,,11,10,,
2013/02/25,05,20,,,10,10,,
2013/02/25,06,19,,,10,9,,
2013/02/25,07,20,,,11,10,,
2013/02/25,08,19,,,10,9,,
2013/02/25,09,15,,,9,6,,
2013/02/25,10,14,,,7,7,,
2013/02/25,11,12,,,7,5,,
2013/02/25,12,14,,,7,7,,
2013/02/25,13,14,,,7,7,,
2013/02/25,14,14,,,7,7,,
2013/02/25,15,15,,,8,8,,
2013/02/25,16,15,,,7,8,,
2013/02/25,17,17,,,8,9,,
2013/02/25,18,17,,,7,10,,
2013/02/25,19,17,,,7,10,,
2013/02/25,20,16,,,6,9,,
2013/02/25,21,15,,,6,9,,
2013/02/25,22,16,,,6,10,,
2013/02/25,23,19,,,10,10,,
2013/02/25,24,17,,,9,9,,
2013/02/26,01,17,,,8,9,,
2013/02/26,02,17,,,9,9,,
2013/02/26,03,19,,,10,9,,
2013/02/26,04,19,,,9,10,,
2013/02/26,05,18,,,8,9,,
2013/02/26,06,18,,,9,9,,
2013/02/26,07,18,,,9,9,,
2013/02/26,08,18,,,8,10,,
2013/02/26,09,18,,,8,10,,
2013/02/26,10,17,,,7,10,,
2013/02/26,11,16,,,7,9,,
2013/02/26,12,15,,,7,8,,
2013/02/26,13,14,,,7,7,,
2013/02/26,14,14,,,7,7,,
2013/02/26,15,15,,,7,7,,
2013/02/26,16,17,,,9,8,,
2013/02/26,17,17,,,8,10,,
2013/02/26,18,18,,,8,9,,
2013/02/26,19,17,,,8,10,,
2013/02/26,20,17,,,7,9,,
2013/02/26,21,17,,,7,10,,
2013/02/26,22,17,,,8,10,,
2013/02/26,23,16,,,7,9,,
2013/02/26,24,16,,,7,9,,
2013/02/27,01,17,,,8,9,,
2013/02/27,02,17,,,9,9,,
2013/02/27,03,18,,,9,9,,
2013/02/27,04,20,,,9,10,,
2013/02/27,05,17,,,8,9,,
2013/02/27,06,18,,,8,9,,
2013/02/27,07,18,,,9,9,,
2013/02/27,08,18,,,9,9,,
2013/02/27,09,13,,,8,6,,
2013/02/27,10,14,,,8,6,,
2013/02/27,11,14,,,8,6,,
2013/02/27,12,15,,,8,7,,
2013/02/27,13,15,,,7,7,,
2013/02/27,14,15,,,8,7,,
2013/02/27,15,15,,,8,8,,
2013/02/27,16,16,,,7,9,,
2013/02/27,17,16,,,7,9,,
2013/02/27,18,17,,,7,9,,
2013/02/27,19,16,,,7,9,,
2013/02/27,20,16,,,7,9,,
2013/02/27,21,16,,,6,9,,
2013/02/27,22,17,,,7,9,,
2013/02/27,23,19,,,10,10,,
2013/02/27,24,17,,,9,9,,
2013/02/28,01,17,,,8,9,,
2013/02/28,02,17,,,9,9,,
2013/02/28,03,19,,,10,9,,
2013/02/28,04,19,,,9,10,,
2013/02/28,05,18,,,8,9,,
2013/02/28,06,18,,,9,9,,
2013/02/28,07,18,,,9,9,,
2013/02/28,08,18,,,8,10,,
2013/02/28,09,18,,,8,10,,
2013/02/28,10,17,,,7,10,,
2013/02/28,11,16,,,7,9,,
2013/02/28,12,15,,,7,8,,
2013/02/28,13,14,,,7,7,,
2013/02/28,14,14,,,7,7,,
2013/02/28,15,15,,,7,7,,
2013/02/28,16,17,,,9,8,,
2013/02/28,17,17,,,8,10,,
2013/02/28,18,18,,,8,9,,
2013/02/28,19,17,,,8,10,,
2013/02/28,20,17,,,7,9,,
2013/02/28,21,17,,,7,10,,
2013/02/28,22,17,,,8,10,,
2013/02/28,23,16,,,7,9,,
2013/02/28,24,16,,,7,9,,
2013/03/01,01,18,,,9,9,,
2013/03/01,02,20,,,11,9,,
2013/03/01,03,19,,,10,9,,
2013/03/01,04,18,,,10,9,,
2013/03/01,05,19,,,9,10,,
2013/03/01,06,19,,,10,9,,
2013/03/01,07,18,,,9,9,,
2013/03/01,08,17,,,9,8,,
2013/03/01,09,17,,,9,9,,
2013/03/01,10,15,,,8,7,,
2013/03/01,11,14,,,9,5,,
2013/03/01,12,14,,,8,6,,
2013/03/01,13,14,,,8,6,,
2013/03/01,14,14,,,8,7,,
2013/03/01,15,16,,,8,9,,
2013/03/01,16,17,,,8,9,,
2013/03/01,17,17,,,8,9,,
2013/03/01,18,20,,,10,10,,
2013/03/01,19,18,,,9,9,,
2013/03/01,20,17,,,8,9,,
2013/03/01,21,18,,,9,9,,
2013/03/01,22,17,,,8,9,,
2013/03/01,23,17,,,8,9,,
2013/03/01,24,17,,,8,9,,
2013/03/02,01,17,,,8,9,,
2013/03/02,02,17,,,9,8,,
2013/03/02,03,18,,,10,8,,
2013/03/02,04,18,,,9,9,,
2013/03/02,05,18,,,8,10,,
2013/03/02,06,20,,,11,9,,
2013/03/02,07,19,,,11,9,,
2013/03/02,08,19,,,10,9,,
2013/03/02,09,15,,,9,6,,
2013/03/02,10,14,,,9,6,,
2013/03/02,11,14,,,9,6,,
2013/03/02,12,13,,,7,5,,
2013/03/02,13,14,,,8,7,,
2013/03/02,14,16,,,8,7,,
2013/03/02,15,14,,,7,7,,
2013/03/02,16,16,,,7,9,,
2013/03/02,17,17,,,8,9,,
2013/03/02,18,19,,,9,9,,
2013/03/02,19,18,,,9,9,,
2013/03/02,20,17,,,8,9,,
2013/03/02,21,17,,,7,9,,
2013/03/02,22,19,,,10,9,,
2013/03/02,23,18,,,8,9,,
2013/03/02,24,17,,,8,9,,
2013/03/03,01,17,,,8,9,,
2013/03/03,02,18,,,9,9,,
2013/03/03,03,18,,,9,9,,
2013/03/03,04,19,,,10,9,,
2013/03/03,05,18,,,9,10,,
2013/03/03,06,17,,,9,9,,
2013/03/03,07,18,,,9,9,,
2013/03/03,08,18,,,9,9,,
2013/03/03,09,18,,,9,9,,
2013/03/03,10,19,,,9,10,,
2013/03/03,11,19,,,10,9,,
2013/03/03,12,20,,,10,9,,
2013/03/03,13,20,,,10,10,,
2013/03/03,14,19,,,10,9,,
2013/03/03,15,20,,,11,9,,
2013/03/03,16,20,,,11,9,,
2013/03/03,17,20,,,11,9,,
2013/03/03,18,20,,,11,10,,
2013/03/03,19,20,,,11,9,,
2013/03/03,20,19,,,10,9,,
2013/03/03,21,19,,,10,9,,
2013/03/03,22,16,,,6,10,,
2013/03/03,23,18,,,9,9,,
2013/03/03,24,18,,,9,9,,
2013/03/04,01,18,,,9,9,,
2013/03/04,02,18,,,10,9,,
2013/03/04,03,20,,,11,9,,
2013/03/04,04,21,,,11,10,,
2013/03/04,05,20,,,10,10,,
2013/03/04,06,20,,,10,9,,
2013/03/04,07,20,,,10,10,,
2013/03/04,08,18,,,9,9,,
2013/03/04,09,14,,,8,6,,
2013/03/04,10,13,,,7,7,,
2013/03/04,11,13,,,7,6,,
2013/03/04,12,13,,,7,6,,
2013/03/04,13,14,,,7,7,,
2013/03/04,14,15,,,7,8,,
2013/03/04,15,14,,,7,8,,
2013/03/04,16,17,,,8,9,,
2013/03/04,17,18,,,8,10,,
2013/03/04,18,17,,,7,10,,
2013/03/04,19,17,,,7,10,,
2013/03/04,20,16,,,6,10,,
2013/03/04,21,15,,,5,10,,
2013/03/04,22,15,,,6,9,,
2013/03/04,23,15,,,6,9,,
2013/03/04,24,16,,,7,9,,
2013/03/05,01,16,,,7,9,,
2013/03/05,02,18,,,8,10,,
2013/03/05,03,18,,,9,9,,
2013/03/05,04,17,,,8,9,,
2013/03/05,05,15,,,6,9,,
2013/03/05,06,17,,,8,10,,
2013/03/05,07,18,,,9,9,,
2013/03/05,08,16,,,8,9,,
2013/03/05,09,14,,,8,6,,
2013/03/05,10,14,,,7,7,,
2013/03/05,11,13,,,7,5,,
2013/03/05,12,13,,,7,6,,
2013/03/05,13,14,,,7,7,,
2013/03/05,14,15,,,7,7,,
2013/03/05,15,16,,,9,8,,
2013/03/05,16,18,,,8,9,,
2013/03/05,17,17,,,8,9,,
2013/03/05,18,16,,,7,9,,
2013/03/05,19,17,,,8,9,,
2013/03/05,20,17,,,8,9,,
2013/03/05,21,16,,,7,9,,
2013/03/05,22,17,,,8,9,,
2013/03/05,23,18,,,8,9,,
2013/03/05,24,17,,,8,9,,
2013/03/06,01,16,,,7,9,,
2013/03/06,02,19,,,11,9,,
2013/03/06,03,20,,,10,10,,
2013/03/06,04,20,,,11,9,,
2013/03/06,05,22,,,11,10,,
2013/03/06,06,19,,,10,9,,
2013/03/06,07,20,,,11,9,,
2013/03/06,08,19,,,11,9,,
2013/03/06,09,15,,,9,6,,
2013/03/06,10,15,,,9,6,,
2013/03/06,11,14,,,8,6,,
2013/03/06,12,17,,,9,7,,
2013/03/06,13,15,,,8,8,,
2013/03/06,14,15,,,8,8,,
2013/03/06,15,18,,,8,10,,
2013/03/06,16,17,,,8,10,,
2013/03/06,17,17,,,8,9,,
2013/03/06,18,20,,,11,9,,
2013/03/06,19,19,,,10,9,,
2013/03/06,20,18,,,9,9,,
2013/03/06,21,18,,,9,9,,
2013/03/06,22,19,,,10,9,,
2013/03/06,23,19,,,10,9,,
2013/03/06,24,18,,,9,9,,
2013/03/07,01,19,,,10,9,,
2013/03/07,02,20,,,11,9,,
2013/03/07,03,20,,,11,9,,
2013/03/07,04,21,,,11,10,,
2013/03/07,05,20,,,10,10,,
2013/03/07,06,20,,,10,9,,
2013/03/07,07,20,,,11,9,,
2013/03/07,08,19,,,10,9,,
2013/03/07,09,15,,,9,6,,
2013/03/07,10,19,,,9,10,,
2013/03/07,11,15,,,6,9,,
2013/03/07,12,15,,,7,8,,
2013/03/07,13,14,,,6,8,,
2013/03/07,14,13,,,6,6,,
2013/03/07,15,14,,,8,7,,
2013/03/07,16,16,,,7,9,,
2013/03/07,17,16,,,7,9,,
2013/03/07,18,16,,,7,9,,
2013/03/07,19,16,,,7,9,,
2013/03/07,20,15,,,6,9,,
2013/03/07,21,15,,,6,9,,
2013/03/07,22,15,,,6,9,,
2013/03/07,23,15,,,6,9,,
2013/03/07,24,15,,,6,9,,
2013/03/08,01,15,,,6,9,,
2013/03/08,02,16,,,8,9,,
2013/03/08,03,15,,,7,8,,
2013/03/08,04,20,,,11,9,,
2013/03/08,05,20,,,10,10,,
2013/03/08,06,19,,,10,9,,
2013/03/08,07,19,,,10,9,,
2013/03/08,08,18,,,10,9,,
2013/03/08,09,14,,,9,6,,
2013/03/08,10,14,,,9,6,,
2013/03/08,11,14,,,8,6,,
2013/03/08,12,15,,,8,7,,
2013/03/08,13,16,,,8,8,,
2013/03/08,14,16,,,8,8,,
2013/03/08,15,15,,,8,8,,
2013/03/08,16,15,,,7,8,,
2013/03/08,17,17,,,8,9,,
2013/03/08,18,17,,,7,10,,
2013/03/08,19,17,,,7,10,,
2013/03/08,20,16,,,6,9,,
2013/03/08,21,15,,,6,9,,
2013/03/08,22,16,,,6,10,,
2013/03/08,23,19,,,10,10,,
2013/03/08,24,17,,,9,9,,
2013/03/09,01,17,,,8,9,,
2013/03/09,02,17,,,9,9,,
2013/03/09,03,19,,,10,9,,
2013/03/09,04,19,,,9,10,,
2013/03/09,05,18,,,8,9,,
2013/03/09,06,18,,,9,9,,
2013/03/09,07,18,,,9,9,,
2013/03/09,08,18,,,8,10,,
2013/03/09,09,18,,,8,10,,
2013/03/09,10,17,,,7,10,,
2013/03/09,11,16,,,7,9,,
2013/03/09,12,15,,,7,8,,
2013/03/09,13,14,,,7,7,,
2013/03/09,14,14,,,7,7,,
2013/03/09,15,15,,,7,7,,
2013/03/09,16,17,,,9,8,,
2013/03/09,17,17,,,8,10,,
2013/03/09,18,18,,,8,9,,
2013/03/09,19,17,,,8,10,,
2013/03/09,20,17,,,7,9,,
2013/03/09,21,17,,,7,10,,
2013/03/09,22,17,,,8,10,,
2013/03/09,23,16,,,7,9,,
2013/03/09,24,16,,,7,9,,
2013/03/10,01,15,,,6,9,,
2013/03/10,02,15,,,7,9,,
2013/03/10,03,19,,,10,9,,
2013/03/10,04,21,,,11,10,,
2013/03/10,05,19,,,10,9,,
2013/03/10,06,19,,,10,9,,
2013/03/10,07,19,,,9,10,,
2013/03/10,08,18,,,9,9,,
2013/03/10,09,14,,,8,6,,
2013/03/10,10,13,,,7,6,,
2013/03/10,11,13,,,7,6,,
2013/03/10,12,14,,,7,7,,
2013/03/10,13,14,,,7,7,,
2013/03/10,14,15,,,7,7,,
2013/03/10,15,15,,,8,8,,
2013/03/10,16,16,,,8,9,,
2013/03/10,17,17,,,8,10,,
2013/03/10,18,16,,,7,9,,
2013/03/10,19,17,,,7,10,,
2013/03/10,20,15,,,6,9,,
2013/03/10,21,15,,,6,9,,
2013/03/10,22,16,,,6,9,,
2013/03/10,23,18,,,9,9,,
2013/03/10,24,17,,,8,9,,
2013/03/11,01,17,,,9,9,,
2013/03/11,02,19,,,11,9,,
2013/03/11,03,19,,,10,9,,
2013/03/11,04,22,,,11,10,,
2013/03/11,05,19,,,10,9,,
2013/03/11,06,20,,,10,9,,
2013/03/11,07,20,,,11,9,,
2013/03/11,08,19,,,10,9,,
2013/03/11,09,15,,,9,6,,
2013/03/11,10,19,,,9,10,,
2013/03/11,11,15,,,6,9,,
2013/03/11,12,15,,,7,8,,
2013/03/11,13,14,,,6,8,,
2013/03/11,14,13,,,6,6,,
2013/03/11,15,14,,,8,7,,
2013/03/11,16,16,,,7,9,,
2013/03/11,17,16,,,7,9,,
2013/03/11,18,16,,,7,9,,
2013/03/11,19,16,,,7,9,,
2013/03/11,20,15,,,6,9,,
2013/03/11,21,15,,,6,9,,
2013/03/11,22,15,,,6,9,,
2013/03/11,23,15,,,6,9,,
2013/03/11,24,15,,,6,9,,
2013/03/12,01,15,,,6,9,,
2013/03/12,02,16,,,8,9,,
2013/03/12,03,15,,,7,8,,
2013/03/12,04,20,,,11,9,,
2013/03/12,05,20,,,10,10,,
2013/03/12,06,19,,,10,9,,
2013/03/12,07,18,,,9,9,,
2013/03/12,08,18,,,8,10,,
2013/03/12,09,18,,,8,10,,
2013/03/12,10,17,,,7,10,,
2013/03/12,11,16,,,7,9,,
2013/03/12,12,15,,,7,8,,
2013/03/12,13,14,,,7,7,,
2013/03/12,14,14,,,7,7,,
2013/03/12,15,15,,,7,7,,
2013/03/12,16,17,,,9,8,,
2013/03/12,17,17,,,8,10,,
2013/03/12,18,18,,,8,9,,
2013/03/12,19,17,,,8,10,,
2013/03/12,20,17,,,7,9,,
2013/03/12,21,17,,,7,10,,
2013/03/12,22,17,,,8,10,,
2013/03/12,23,16,,,7,9,,
2013/03/12,24,16,,,7,9,,
2013/03/13,01,15,,,6,9,,
2013/03/13,02,15,,,7,9,,
2013/03/13,03,19,,,10,9,,
2013/03/13,04,21,,,11,10,,
2013/03/13,05,19,,,10,9,,
2013/03/13,06,19,,,10,9,,
2013/03/13,07,19,,,10,9,,
2013/03/13,08,18,,,10,9,,
2013/03/13,09,14,,,9,6,,
2013/03/13,10,14,,,9,6,,
2013/03/13,11,14,,,8,6,,
2013/03/13,12,15,,,8,7,,
2013/03/13,13,16,,,8,8,,
2013/03/13,14,16,,,8,8,,
2013/03/13,15,15,,,8,8,,
2013/03/13,16,15,,,7,8,,
2013/03/13,17,17,,,8,9,,
2013/03/13,18,17,,,7,10,,
2013/03/13,19,17,,,7,10,,
2013/03/13,20,16,,,6,9,,
2013/03/13,21,15,,,6,9,,
2013/03/13,22,16,,,6,10,,
2013/03/13,23,19,,,10,10,,
2013/03/13,24,17,,,9,9,,
2013/03/14,01,17,,,8,9,,
2013/03/14,02,17,,,9,9,,
2013/03/14,03,19,,,10,9,,
2013/03/14,04,19,,,9,10,,
2013/03/14,05,18,,,8,9,,
2013/03/14,06,18,,,9,9,,
2013/03/14,07,18,,,9,9,,
2013/03/14,08,18,,,9,9,,
2013/03/14,09,14,,,8,6,,
2013/03/14,10,13,,,7,6,,
2013/03/14,11,13,,,7,6,,
2013/03/14,12,14,,,7,7,,
2013/03/14,13,14,,,7,7,,
2013/03/14,14,15,,,7,7,,
2013/03/14,15,15,,,8,8,,
2013/03/14,16,16,,,8,9,,
2013/03/14,17,17,,,8,10,,
2013/03/14,18,16,,,7,9,,
2013/03/14,19,17,,,7,10,,
2013/03/14,20,15,,,6,9,,
2013/03/14,21,15,,,6,9,,
2013/03/14,22,16,,,6,9,,
2013/03/14,23,18,,,9,9,,
2013/03/14,24,17,,,8,9,,
2013/03/15,01,17,,,9,9,,
2013/03/15,02,19,,,11,9,,
2013/03/15,03,19,,,10,9,,
2013/03/15,04,22,,,11,10,,
2013/03/15,05,19,,,10,9,,
2013/03/15,06,20,,,10,9,,
2013/03/15,07,20,,,11,9,,
2013/03/15,08,19,,,10,9,,
2013/03/15,09,15,,,9,6,,
2013/03/15,10,17,,,7,10,,
2013/03/15,11,16,,,7,9,,
2013/03/15,12,15,,,7,8,,
2013/03/15,13,14,,,7,7,,
2013/03/15,14,14,,,7,7,,
2013/03/15,15,15,,,7,7,,
2013/03/15,16,17,,,9,8,,
2013/03/15,17,17,,,8,10,,
2013/03/15,18,18,,,8,9,,
2013/03/15,19,17,,,8,10,,
2013/03/15,20,17,,,7,9,,
2013/03/15,21,17,,,7,10,,
2013/03/15,22,17,,,8,10,,
2013/03/15,23,16,,,7,9,,
2013/03/15,24,16,,,7,9,,
2013/03/16,01,15,,,6,9,,
2013/03/16,02,15,,,7,9,,
2013/03/16,03,19,,,10,9,,
2013/03/16,04,21,,,11,10,,
2013/03/16,05,19,,,10,9,,
2013/03/16,06,19,,,10,9,,
2013/03/16,07,19,,,9,10,,
2013/03/16,08,18,,,9,9,,
2013/03/16,09,14,,,8,6,,
2013/03/16,10,13,,,7,6,,
2013/03/16,11,13,,,7,6,,
2013/03/16,12,14,,,7,7,,
2013/03/16,13,14,,,7,7,,
2013/03/16,14,15,,,7,7,,
2013/03/16,15,15,,,8,8,,
2013/03/16,16,16,,,8,9,,
2013/03/16,17,17,,,8,10,,
2013/03/16,18,16,,,7,9,,
2013/03/16,19,17,,,7,10,,
2013/03/16,20,15,,,6,9,,
2013/03/16,21,15,,,6,9,,
2013/03/16,22,16,,,6,9,,
2013/03/16,23,18,,,9,9,,
2013/03/16,24,17,,,8,9,,
2013/03/17,01,17,,,9,9,,
2013/03/17,02,16,,,8,9,,
2013/03/17,03,15,,,7,8,,
2013/03/17,04,20,,,11,9,,
2013/03/17,05,20,,,10,10,,
2013/03/17,06,19,,,10,9,,
2013/03/17,07,19,,,10,9,,
2013/03/17,08,18,,,10,9,,
2013/03/17,09,14,,,9,6,,
2013/03/17,10,14,,,9,6,,
2013/03/17,11,14,,,8,6,,
2013/03/17,12,15,,,8,7,,
2013/03/17,13,16,,,8,8,,
2013/03/17,14,16,,,8,8,,
2013/03/17,15,15,,,8,8,,
2013/03/17,16,15,,,7,8,,
2013/03/17,17,17,,,8,9,,
2013/03/17,18,17,,,7,10,,
2013/03/17,19,17,,,7,10,,
2013/03/17,20,15,,,6,9,,
2013/03/17,21,15,,,6,9,,
2013/03/17,22,16,,,6,9,,
2013/03/17,23,18,,,9,9,,
2013/03/17,24,17,,,8,9,,
2013/03/18,01,17,,,9,9,,
2013/03/18,02,19,,,11,9,,
2013/03/18,03,19,,,10,9,,
2013/03/18,04,22,,,11,10,,
2013/03/18,05,19,,,10,9,,
2013/03/18,06,20,,,10,9,,
2013/03/18,07,20,,,11,9,,
2013/03/18,08,19,,,10,9,,
2013/03/18,09,15,,,9,6,,
2013/03/18,10,19,,,9,10,,
2013/03/18,11,15,,,6,9,,
2013/03/18,12,15,,,7,8,,
2013/03/18,13,14,,,6,8,,
2013/03/18,14,13,,,6,6,,
2013/03/18,15,14,,,8,7,,
2013/03/18,16,16,,,7,9,,
2013/03/18,17,16,,,7,9,,
2013/03/18,18,16,,,7,9,,
2013/03/18,19,16,,,7,9,,
2013/03/18,20,15,,,6,9,,
2013/03/18,21,15,,,6,9,,
2013/03/18,22,15,,,6,9,,
2013/03/18,23,15,,,6,9,,
2013/03/18,24,15,,,6,9,,
2013/03/19,01,15,,,6,9,,
2013/03/19,02,16,,,8,9,,
2013/03/19,03,15,,,7,8,,
2013/03/19,04,20,,,11,9,,
2013/03/19,05,20,,,10,10,,
2013/03/19,06,19,,,9,10,,
2013/03/19,07,18,,,9,9,,
2013/03/19,08,14,,,6,8,,
2013/03/19,09,13,,,6,6,,
2013/03/19,10,15,,,7,8,,
2013/03/19,11,14,,,7,7,,
2013/03/19,12,15,,,7,7,,
2013/03/19,13,15,,,7,8,,
2013/03/19,14,15,,,7,8,,
2013/03/19,15,16,,,8,8,,
2013/03/19,16,16,,,8,7,,
2013/03/19,17,17,,,9,9,,
2013/03/19,18,18,,,8,10,,
2013/03/19,19,17,,,8,10,,
2013/03/19,20,17,,,7,10,,
2013/03/19,21,16,,,6,10,,
2013/03/19,22,16,,,7,10,,
2013/03/19,23,18,,,8,10,,
2013/03/19,24,17,,,8,9,,
2013/03/20,01,17,,,8,9,,
2013/03/20,02,20,,,11,9,,
2013/03/20,03,18,,,9,9,,
2013/03/20,04,19,,,9,11,,
2013/03/20,05,19,,,8,10,,
2013/03/20,06,19,,,9,10,,
2013/03/20,07,18,,,8,9,,
2013/03/20,08,16,,,8,8,,
2013/03/20,09,14,,,8,7,,
2013/03/20,10,15,,,8,7,,
2013/03/20,11,16,,,8,8,,
2013/03/20,12,15,,,8,7,,
2013/03/20,13,15,,,8,7,,
2013/03/20,14,16,,,8,7,,
2013/03/20,15,15,,,8,8,,
2013/03/20,16,16,,,8,8,,
2013/03/20,17,18,,,8,10,,
2013/03/20,18,18,,,8,10,,
2013/03/20,19,17,,,7,10,,
2013/03/20,20,18,,,8,10,,
2013/03/20,21,16,,,6,10,,
2013/03/20,22,17,,,7,10,,
2013/03/20,23,17,,,7,10,,
2013/03/20,24,16,,,7,9,,
2013/03/21,01,16,,,7,9,,
2013/03/21,02,17,,,8,9,,
2013/03/21,03,17,,,8,10,,
2013/03/21,04,18,,,8,10,,
2013/03/21,05,17,,,7,11,,
2013/03/21,06,16,,,7,9,,
2013/03/21,07,17,,,7,10,,
2013/03/21,08,14,,,6,7,,
2013/03/21,09,14,,,7,7,,
2013/03/21,10,15,,,8,7,,
2013/03/21,11,15,,,8,7,,
2013/03/21,12,15,,,8,7,,
2013/03/21,13,16,,,8,8,,
2013/03/21,14,16,,,8,8,,
2013/03/21,15,17,,,9,8,,
2013/03/21,16,15,,,8,8,,
2013/03/21,17,18,,,9,9,,
2013/03/21,18,17,,,8,10,,
2013/03/21,19,16,,,7,10,,
2013/03/21,20,17,,,7,10,,
2013/03/21,21,16,,,7,10,,
2013/03/21,22,17,,,7,10,,
2013/03/21,23,16,,,7,9,,
2013/03/21,24,17,,,8,9,,
2013/03/22,01,17,,,8,9,,
2013/03/22,02,17,,,8,9,,
2013/03/22,03,18,,,9,9,,
2013/03/22,04,19,,,9,10,,
2013/03/22,05,18,,,8,10,,
2013/03/22,06,17,,,7,9,,
2013/03/22,07,18,,,8,10,,
2013/03/22,08,17,,,7,10,,
2013/03/22,09,16,,,7,9,,
2013/03/22,10,15,,,8,7,,
2013/03/22,11,15,,,8,7,,
2013/03/22,12,16,,,9,7,,
2013/03/22,13,17,,,9,8,,
2013/03/22,14,16,,,8,8,,
2013/03/22,15,16,,,8,8,,
2013/03/22,16,17,,,8,10,,
2013/03/22,17,17,,,8,10,,
2013/03/22,18,16,,,7,10,,
2013/03/22,19,17,,,7,9,,
2013/03/22,20,16,,,7,10,,
2013/03/22,21,15,,,6,9,,
2013/03/22,22,17,,,7,10,,
2013/03/22,23,18,,,8,10,,
2013/03/22,24,18,,,8,10,,
2013/03/23,01,17,,,8,9,,
2013/03/23,02,18,,,9,9,,
2013/03/23,03,20,,,11,9,,
2013/03/23,04,26,,,17,9,,
2013/03/23,05,24,,,13,11,,
2013/03/23,06,19,,,9,10,,
2013/03/23,07,18,,,9,9,,
2013/03/23,08,14,,,6,8,,
2013/03/23,09,13,,,6,6,,
2013/03/23,10,15,,,7,8,,
2013/03/23,11,14,,,7,7,,
2013/03/23,12,15,,,7,7,,
2013/03/23,13,15,,,7,8,,
2013/03/23,14,15,,,7,8,,
2013/03/23,15,17,,,9,7,,
2013/03/23,16,17,,,9,8,,
2013/03/23,17,18,,,9,9,,
2013/03/23,18,19,,,9,10,,
2013/03/23,19,18,,,8,10,,
2013/03/23,20,18,,,8,10,,
2013/03/23,21,16,,,7,9,,
2013/03/23,22,18,,,8,10,,
2013/03/23,23,17,,,8,10,,
2013/03/23,24,17,,,8,9,,
2013/03/24,01,17,,,8,9,,
2013/03/24,02,17,,,8,9,,
2013/03/24,03,18,,,9,9,,
2013/03/24,04,19,,,9,10,,
2013/03/24,05,18,,,8,10,,
2013/03/24,06,17,,,7,9,,
2013/03/24,07,18,,,8,10,,
2013/03/24,08,17,,,7,10,,
2013/03/24,09,16,,,7,9,,
2013/03/24,10,15,,,7,8,,
2013/03/24,11,14,,,7,7,,
2013/03/24,12,15,,,7,8,,
2013/03/24,13,15,,,7,8,,
2013/03/24,14,15,,,7,8,,
2013/03/24,15,15,,,7,7,,
2013/03/24,16,15,,,8,8,,
2013/03/24,17,17,,,8,9,,
2013/03/24,18,17,,,7,10,,
2013/03/24,19,17,,,7,10,,
2013/03/24,20,17,,,7,10,,
2013/03/24,21,16,,,6,10,,
2013/03/24,22,17,,,7,10,,
2013/03/24,23,18,,,8,10,,
2013/03/24,24,17,,,8,9,,
2013/03/25,01,17,,,8,9,,
2013/03/25,02,20,,,11,9,,
2013/03/25,03,18,,,9,9,,
2013/03/25,04,19,,,9,11,,
2013/03/25,05,18,,,8,10,,
2013/03/25,06,18,,,8,10,,
2013/03/25,07,18,,,9,10,,
2013/03/25,08,16,,,8,8,,
2013/03/25,09,16,,,8,8,,
2013/03/25,10,17,,,8,9,,
2013/03/25,11,15,,,8,7,,
2013/03/25,12,15,,,8,7,,
2013/03/25,13,15,,,7,8,,
2013/03/25,14,15,,,7,8,,
2013/03/25,15,17,,,9,8,,
2013/03/25,16,16,,,9,8,,
2013/03/25,17,18,,,8,10,,
2013/03/25,18,18,,,8,10,,
2013/03/25,19,17,,,7,10,,
2013/03/25,20,17,,,7,9,,
2013/03/25,21,16,,,7,10,,
2013/03/25,22,18,,,8,10,,
2013/03/25,23,17,,,7,9,,
2013/03/25,24,17,,,8,10,,
2013/03/26,01,17,,,8,9,,
2013/03/26,02,17,,,8,9,,
2013/03/26,03,18,,,9,9,,
2013/03/26,04,19,,,9,10,,
2013/03/26,05,18,,,8,10,,
2013/03/26,06,17,,,7,10,,
2013/03/26,07,17,,,8,9,,
2013/03/26,08,14,,,7,7,,
2013/03/26,09,16,,,7,9,,
2013/03/26,10,15,,,8,7,,
2013/03/26,11,15,,,8,7,,
2013/03/26,12,16,,,9,7,,
2013/03/26,13,17,,,9,8,,
2013/03/26,14,16,,,8,8,,
2013/03/26,15,16,,,8,8,,
2013/03/26,16,17,,,8,10,,
2013/03/26,17,17,,,8,10,,
2013/03/26,18,16,,,7,10,,
2013/03/26,19,17,,,7,9,,
2013/03/26,20,16,,,7,10,,
2013/03/26,21,15,,,6,9,,
2013/03/26,22,17,,,7,10,,
2013/03/26,23,18,,,8,10,,
2013/03/26,24,17,,,8,9,,
2013/03/27,01,17,,,8,9,,
2013/03/27,02,20,,,10,9,,
2013/03/27,03,18,,,9,9,,
2013/03/27,04,19,,,9,10,,
2013/03/27,05,18,,,9,9,,
2013/03/27,06,18,,,8,10,,
2013/03/27,07,18,,,9,9,,
2013/03/27,08,13,,,6,7,,
2013/03/27,09,13,,,7,7,,
2013/03/27,10,16,,,8,8,,
2013/03/27,11,14,,,7,7,,
2013/03/27,12,15,,,7,8,,
2013/03/27,13,15,,,7,8,,
2013/03/27,14,15,,,7,8,,
2013/03/27,15,16,,,9,7,,
2013/03/27,16,17,,,8,10,,
2013/03/27,17,18,,,8,10,,
2013/03/27,18,18,,,8,10,,
2013/03/27,19,18,,,8,10,,
2013/03/27,20,17,,,7,10,,
2013/03/27,21,16,,,6,9,,
2013/03/27,22,18,,,9,10,,
2013/03/27,23,18,,,8,10,,
2013/03/27,24,17,,,8,9,,
2013/03/28,01,17,,,8,9,,
2013/03/28,02,18,,,9,9,,
2013/03/28,03,17,,,8,9,,
2013/03/28,04,18,,,9,9,,
2013/03/28,05,18,,,8,10,,
2013/03/28,06,16,,,7,10,,
2013/03/28,07,17,,,7,10,,
2013/03/28,08,16,,,6,10,,
2013/03/28,09,16,,,6,10,,
2013/03/28,10,17,,,7,9,,
2013/03/28,11,14,,,6,8,,
2013/03/28,12,15,,,7,8,,
2013/03/28,13,16,,,8,7,,
2013/03/28,14,15,,,8,7,,
2013/03/28,15,17,,,9,8,,
2013/03/28,16,16,,,9,7,,
2013/03/28,17,17,,,8,9,,
2013/03/28,18,18,,,8,10,,
2013/03/28,19,16,,,7,10,,
2013/03/28,20,17,,,8,10,,
2013/03/28,21,17,,,7,10,,
2013/03/28,22,16,,,6,10,,
2013/03/28,23,17,,,7,10,,
2013/03/28,24,17,,,7,10,,
2013/03/29,01,17,,,7,10,,
2013/03/29,02,16,,,7,9,,
2013/03/29,03,16,,,7,9,,
2013/03/29,04,17,,,8,9,,
2013/03/29,05,18,,,8,10,,
2013/03/29,06,19,,,9,10,,
2013/03/29,07,20,,,10,10,,
2013/03/29,08,14,,,6,8,,
2013/03/29,09,14,,,7,7,,
2013/03/29,10,15,,,7,8,,
2013/03/29,11,14,,,7,7,,
2013/03/29,12,15,,,7,8,,
2013/03/29,13,15,,,7,8,,
2013/03/29,14,15,,,7,8,,
2013/03/29,15,15,,,7,7,,
2013/03/29,16,15,,,8,8,,
2013/03/29,17,17,,,8,9,,
2013/03/29,18,17,,,7,10,,
2013/03/29,19,17,,,7,10,,
2013/03/29,20,17,,,7,10,,
2013/03/29,21,16,,,6,10,,
2013/03/29,22,17,,,7,10,,
2013/03/29,23,19,,,9,9,,
2013/03/29,24,18,,,8,10,,
2013/03/30,01,17,,,8,9,,
2013/03/30,02,18,,,9,9,,
2013/03/30,03,20,,,11,9,,
2013/03/30,04,26,,,17,9,,
2013/03/30,05,24,,,13,11,,
2013/03/30,06,19,,,9,10,,
2013/03/30,07,18,,,9,9,,
2013/03/30,08,14,,,6,8,,
2013/03/30,09,13,,,6,6,,
2013/03/30,10,15,,,7,8,,
2013/03/30,11,14,,,7,7,,
2013/03/30,12,15,,,7,7,,
2013/03/30,13,15,,,7,8,,
2013/03/30,14,15,,,7,8,,
2013/03/30,15,16,,,8,8,,
2013/03/30,16,16,,,8,7,,
2013/03/30,17,17,,,9,9,,
2013/03/30,18,18,,,8,10,,
2013/03/30,19,17,,,8,10,,
2013/03/30,20,17,,,7,10,,
2013/03/30,21,16,,,6,10,,
2013/03/30,22,16,,,7,10,,
2013/03/30,23,18,,,8,10,,
2013/03/30,24,17,,,8,9,,
2013/03/31,01,17,,,8,9,,
2013/03/31,02,20,,,11,9,,
2013/03/31,03,18,,,9,9,,
2013/03/31,04,19,,,9,11,,
2013/03/31,05,18,,,8,10,,
2013/03/31,06,18,,,8,10,,
2013/03/31,07,18,,,9,10,,
2013/03/31,08,16,,,8,8,,
2013/03/31,09,16,,,8,8,,
2013/03/31,10,17,,,8,9,,
2013/03/31,11,15,,,8,7,,
2013/03/31,12,15,,,8,7,,
2013/03/31,13,15,,,7,8,,
2013/03/31,14,15,,,7,8,,
2013/03/31,15,17,,,9,8,,
2013/03/31,16,16,,,8,8,,
2013/03/31,17,18,,,9,10,,
2013/03/31,18,18,,,8,10,,
2013/03/31,19,17,,,8,10,,
2013/03/31,20,17,,,7,10,,
2013/03/31,21,16,,,6,10,,
2013/03/31,22,17,,,7,10,,
2013/03/31,23,17,,,7,10,,
2013/03/31,24,17,,,7,10,,
2013/04/01,01,16,,,7,9,,
2013/04/01,02,16,,,7,9,,
2013/04/01,03,17,,,8,9,,
2013/04/01,04,18,,,8,10,,
2013/04/01,05,17,,,7,10,,
2013/04/01,06,16,,,7,10,,
2013/04/01,07,17,,,7,10,,
2013/04/01,08,14,,,6,8,,
2013/04/01,09,13,,,7,6,,
2013/04/01,10,15,,,7,8,,
2013/04/01,11,15,,,8,7,,
2013/04/01,12,15,,,8,7,,
2013/04/01,13,15,,,8,8,,
2013/04/01,14,16,,,8,8,,
2013/04/01,15,16,,,8,7,,
2013/04/01,16,16,,,9,8,,
2013/04/01,17,18,,,8,10,,
2013/04/01,18,18,,,8,10,,
2013/04/01,19,17,,,7,10,,
2013/04/01,20,17,,,7,9,,
2013/04/01,21,16,,,7,10,,
2013/04/01,22,18,,,8,10,,
2013/04/01,23,17,,,7,9,,
2013/04/01,24,17,,,8,10,,
2013/04/02,01,17,,,8,9,,
2013/04/02,02,17,,,8,9,,
2013/04/02,03,18,,,9,9,,
2013/04/02,04,19,,,9,10,,
2013/04/02,05,18,,,8,10,,
2013/04/02,06,17,,,7,10,,
2013/04/02,07,17,,,8,9,,
2013/04/02,08,14,,,7,7,,
2013/04/02,09,14,,,7,7,,
2013/04/02,10,15,,,8,7,,
2013/04/02,11,16,,,9,7,,
2013/04/02,12,15,,,8,7,,
2013/04/02,13,16,,,8,7,,
2013/04/02,14,15,,,8,7,,
2013/04/02,15,17,,,9,7,,
2013/04/02,16,17,,,9,8,,
2013/04/02,17,18,,,9,9,,
2013/04/02,18,19,,,9,10,,
2013/04/02,19,18,,,8,10,,
2013/04/02,20,18,,,8,10,,
2013/04/02,21,16,,,7,9,,
2013/04/02,22,18,,,8,10,,
2013/04/02,23,17,,,8,10,,
2013/04/02,24,17,,,8,9,,
2013/04/03,01,17,,,8,9,,
2013/04/03,02,17,,,8,9,,
2013/04/03,03,18,,,9,9,,
2013/04/03,04,19,,,9,10,,
2013/04/03,05,18,,,8,10,,
2013/04/03,06,17,,,7,9,,
2013/04/03,07,18,,,8,10,,
2013/04/03,08,17,,,7,10,,
2013/04/03,09,16,,,7,9,,
2013/04/03,10,15,,,8,7,,
2013/04/03,11,15,,,8,7,,
2013/04/03,12,16,,,9,7,,
2013/04/03,13,17,,,9,8,,
2013/04/03,14,16,,,8,8,,
2013/04/03,15,16,,,8,8,,
2013/04/03,16,17,,,8,10,,
2013/04/03,17,17,,,8,10,,
2013/04/03,18,16,,,7,10,,
2013/04/03,19,17,,,7,9,,
2013/04/03,20,16,,,7,10,,
2013/04/03,21,15,,,6,9,,
2013/04/03,22,17,,,7,10,,
2013/04/03,23,18,,,8,10,,
2013/04/03,24,17,,,8,9,,
2013/04/04,01,17,,,8,9,,
2013/04/04,02,20,,,10,9,,
2013/04/04,03,18,,,9,9,,
2013/04/04,04,19,,,9,10,,
2013/04/04,05,18,,,9,9,,
2013/04/04,06,18,,,8,10,,
2013/04/04,07,18,,,9,9,,
2013/04/04,08,13,,,6,7,,
2013/04/04,09,13,,,7,7,,
2013/04/04,10,16,,,8,8,,
2013/04/04,11,14,,,7,7,,
2013/04/04,12,15,,,7,8,,
2013/04/04,13,15,,,7,8,,
2013/04/04,14,15,,,7,8,,
2013/04/04,15,14,,,7,8,,
2013/04/04,16,15,,,7,8,,
2013/04/04,17,17,,,7,9,,
2013/04/04,18,17,,,8,10,,
2013/04/04,19,18,,,8,10,,
2013/04/04,20,17,,,7,10,,
2013/04/04,21,16,,,6,9,,
2013/04/04,22,17,,,7,10,,
2013/04/04,23,19,,,9,10,,
2013/04/04,24,17,,,8,10,,
2013/04/05,01,18,,,9,9,,
2013/04/05,02,19,,,10,9,,
2013/04/05,03,18,,,9,9,,
2013/04/05,04,19,,,8,10,,
2013/04/05,05,18,,,9,9,,
2013/04/05,06,19,,,9,10,,
2013/04/05,07,17,,,8,9,,
2013/04/05,08,13,,,6,7,,
2013/04/05,09,13,,,7,7,,
2013/04/05,10,15,,,7,8,,
2013/04/05,11,15,,,8,7,,
2013/04/05,12,15,,,8,7,,
2013/04/05,13,15,,,7,8,,
2013/04/05,14,15,,,7,8,,
2013/04/05,15,15,,,8,8,,
2013/04/05,16,15,,,7,8,,
2013/04/05,17,18,,,9,9,,
2013/04/05,18,17,,,7,10,,
2013/04/05,19,17,,,8,10,,
2013/04/05,20,17,,,7,10,,
2013/04/05,21,16,,,7,10,,
2013/04/05,22,16,,,7,10,,
2013/04/05,23,17,,,7,10,,
2013/04/05,24,16,,,7,10,,
2013/04/06,01,16,,,7,9,,
2013/04/06,02,17,,,8,9,,
2013/04/06,03,17,,,8,9,,
2013/04/06,04,17,,,8,10,,
2013/04/06,05,17,,,7,10,,
2013/04/06,06,16,,,6,10,,
2013/04/06,07,17,,,7,10,,
2013/04/06,08,13,,,6,7,,
2013/04/06,09,14,,,7,7,,
2013/04/06,10,16,,,8,8,,
2013/04/06,11,15,,,7,7,,
2013/04/06,12,15,,,7,8,,
2013/04/06,13,16,,,8,8,,
2013/04/06,14,16,,,8,8,,
2013/04/06,15,16,,,9,7,,
2013/04/06,16,17,,,8,10,,
2013/04/06,17,18,,,8,10,,
2013/04/06,18,18,,,8,10,,
2013/04/06,19,18,,,8,10,,
2013/04/06,20,17,,,7,10,,
2013/04/06,21,16,,,6,9,,
2013/04/06,22,18,,,9,10,,
2013/04/06,23,18,,,8,10,,
2013/04/06,24,17,,,8,9,,
2013/04/07,01,17,,,8,9,,
2013/04/07,02,18,,,9,9,,
2013/04/07,03,17,,,8,9,,
2013/04/07,04,18,,,9,9,,
2013/04/07,05,18,,,8,10,,
2013/04/07,06,16,,,7,10,,
2013/04/07,07,17,,,7,10,,
2013/04/07,08,16,,,6,10,,
2013/04/07,09,16,,,6,10,,
2013/04/07,10,17,,,7,9,,
2013/04/07,11,14,,,6,8,,
2013/04/07,12,15,,,7,8,,
2013/04/07,13,16,,,8,7,,
2013/04/07,14,15,,,8,7,,
2013/04/07,15,17,,,9,8,,
2013/04/07,16,16,,,9,7,,
2013/04/07,17,17,,,8,9,,
2013/04/07,18,18,,,8,10,,
2013/04/07,19,16,,,7,10,,
2013/04/07,20,17,,,7,10,,
2013/04/07,21,16,,,7,10,,
2013/04/07,22,16,,,7,10,,
2013/04/07,23,18,,,9,10,,
2013/04/07,24,18,,,8,10,,
2013/04/08,01,18,,,8,9,,
2013/04/08,02,17,,,8,9,,
2013/04/08,03,17,,,8,9,,
2013/04/08,04,21,,,11,10,,
2013/04/08,05,20,,,10,10,,
2013/04/08,06,17,,,8,10,,
2013/04/08,07,17,,,7,10,,
2013/04/08,08,15,,,6,9,,
2013/04/08,09,14,,,7,7,,
2013/04/08,10,14,,,7,7,,
2013/04/08,11,14,,,7,7,,
2013/04/08,12,15,,,7,7,,
2013/04/08,13,14,,,7,7,,
2013/04/08,14,15,,,7,7,,
2013/04/08,15,14,,,7,7,,
2013/04/08,16,16,,,9,8,,
2013/04/08,17,16,,,8,9,,
2013/04/08,18,18,,,9,10,,
2013/04/08,19,17,,,7,10,,
2013/04/08,20,17,,,7,10,,
2013/04/08,21,17,,,7,10,,
2013/04/08,22,17,,,7,10,,
2013/04/08,23,18,,,9,10,,
2013/04/08,24,18,,,8,9,,
2013/04/09,01,17,,,8,9,,
2013/04/09,02,18,,,9,9,,
2013/04/09,03,19,,,9,9,,
2013/04/09,04,19,,,9,10,,
2013/04/09,05,19,,,8,10,,
2013/04/09,06,19,,,9,10,,
2013/04/09,07,18,,,8,9,,
2013/04/09,08,16,,,8,8,,
2013/04/09,09,14,,,8,7,,
2013/04/09,10,15,,,8,7,,
2013/04/09,11,16,,,8,8,,
2013/04/09,12,15,,,8,7,,
2013/04/09,13,15,,,8,7,,
2013/04/09,14,16,,,8,7,,
2013/04/09,15,15,,,8,8,,
2013/04/09,16,16,,,8,8,,
2013/04/09,17,18,,,8,10,,
2013/04/09,18,18,,,8,10,,
2013/04/09,19,17,,,7,10,,
2013/04/09,20,18,,,8,10,,
2013/04/09,21,16,,,6,10,,
2013/04/09,22,17,,,7,10,,
2013/04/09,23,17,,,7,10,,
2013/04/09,24,16,,,7,9,,
2013/04/10,01,16,,,7,9,,
2013/04/10,02,17,,,8,9,,
2013/04/10,03,17,,,8,10,,
2013/04/10,04,18,,,8,10,,
2013/04/10,05,17,,,7,11,,
2013/04/10,06,16,,,7,9,,
2013/04/10,07,17,,,7,10,,
2013/04/10,08,14,,,6,7,,
2013/04/10,09,14,,,7,7,,
2013/04/10,10,15,,,8,7,,
2013/04/10,11,15,,,8,7,,
2013/04/10,12,15,,,8,7,,
2013/04/10,13,16,,,8,8,,
2013/04/10,14,16,,,8,8,,
2013/04/10,15,17,,,9,8,,
2013/04/10,16,15,,,8,8,,
2013/04/10,17,18,,,9,9,,
2013/04/10,18,17,,,8,10,,
2013/04/10,19,16,,,7,10,,
2013/04/10,20,17,,,7,10,,
2013/04/10,21,16,,,7,10,,
2013/04/10,22,17,,,7,10,,
2013/04/10,23,16,,,7,9,,
2013/04/10,24,16,,,7,9,,
2013/04/11,01,16,,,7,9,,
2013/04/11,02,17,,,8,9,,
2013/04/11,03,17,,,8,9,,
2013/04/11,04,18,,,8,10,,
2013/04/11,05,17,,,7,10,,
2013/04/11,06,17,,,7,10,,
2013/04/11,07,17,,,7,10,,
2013/04/11,08,15,,,7,9,,
2013/04/11,09,14,,,7,7,,
2013/04/11,10,17,,,9,9,,
2013/04/11,11,15,,,7,8,,
2013/04/11,12,16,,,8,8,,
2013/04/11,13,15,,,8,7,,
2013/04/11,14,16,,,8,8,,
2013/04/11,15,15,,,8,7,,
2013/04/11,16,17,,,8,9,,
2013/04/11,17,20,,,10,11,,
2013/04/11,18,18,,,8,10,,
2013/04/11,19,18,,,9,10,,
2013/04/11,20,17,,,8,10,,
2013/04/11,21,16,,,7,9,,
2013/04/11,22,18,,,8,10,,
2013/04/11,23,17,,,8,10,,
2013/04/11,24,18,,,8,9,,
2013/04/12,01,17,,,8,9,,
2013/04/12,02,16,,,7,9,,
2013/04/12,03,16,,,7,9,,
2013/04/12,04,20,,,10,10,,
2013/04/12,05,18,,,8,10,,
2013/04/12,06,17,,,8,10,,
2013/04/12,07,18,,,8,10,,
2013/04/12,08,15,,,8,8,,
2013/04/12,09,15,,,8,8,,
2013/04/12,10,16,,,8,8,,
2013/04/12,11,16,,,9,7,,
2013/04/12,12,16,,,9,7,,
2013/04/12,13,17,,,10,8,,
2013/04/12,14,16,,,9,8,,
2013/04/12,15,17,,,9,8,,
2013/04/12,16,17,,,10,7,,
2013/04/12,17,18,,,9,8,,
2013/04/12,18,19,,,9,10,,
2013/04/12,19,18,,,8,10,,
2013/04/12,20,18,,,9,10,,
2013/04/12,21,16,,,6,10,,
2013/04/12,22,18,,,8,10,,
2013/04/12,23,17,,,8,10,,
2013/04/12,24,17,,,8,9,,
2013/04/13,01,17,,,8,9,,
2013/04/13,02,17,,,8,9,,
2013/04/13,03,17,,,8,9,,
2013/04/13,04,19,,,8,10,,
2013/04/13,05,17,,,7,10,,
2013/04/13,06,17,,,8,10,,
2013/04/13,07,18,,,8,10,,
2013/04/13,08,17,,,7,10,,
2013/04/13,09,16,,,7,9,,
2013/04/13,10,16,,,9,7,,
2013/04/13,11,15,,,8,7,,
2013/04/13,12,16,,,8,7,,
2013/04/13,13,16,,,8,8,,
2013/04/13,14,17,,,9,8,,
2013/04/13,15,16,,,8,8,,
2013/04/13,16,17,,,8,9,,
2013/04/13,17,20,,,11,9,,
2013/04/13,18,20,,,10,10,,
2013/04/13,19,19,,,9,10,,
2013/04/13,20,19,,,9,10,,
2013/04/13,21,19,,,10,10,,
2013/04/13,22,18,,,9,10,,
2013/04/13,23,16,,,7,10,,
2013/04/13,24,17,,,7,9,,
2013/04/14,01,17,,,7,9,,
2013/04/14,02,16,,,7,9,,
2013/04/14,03,17,,,8,9,,
2013/04/14,04,17,,,7,10,,
2013/04/14,05,17,,,7,11,,
2013/04/14,06,16,,,6,10,,
2013/04/14,07,16,,,7,9,,
2013/04/14,08,13,,,6,7,,
2013/04/14,09,13,,,6,7,,
2013/04/14,10,15,,,7,8,,
2013/04/14,11,14,,,7,7,,
2013/04/14,12,15,,,7,7,,
2013/04/14,13,15,,,7,8,,
2013/04/14,14,15,,,7,7,,
2013/04/14,15,14,,,7,7,,
2013/04/14,16,15,,,8,8,,
2013/04/14,17,16,,,8,8,,
2013/04/14,18,17,,,7,10,,
2013/04/14,19,17,,,7,10,,
2013/04/14,20,17,,,8,10,,
2013/04/14,21,16,,,7,10,,
2013/04/14,22,17,,,7,10,,
2013/04/14,23,16,,,6,9,,
2013/04/14,24,16,,,7,9,,
2013/04/15,01,16,,,6,9,,
2013/04/15,02,16,,,7,9,,
2013/04/15,03,17,,,7,9,,
2013/04/15,04,17,,,7,10,,
2013/04/15,05,17,,,7,10,,
2013/04/15,06,17,,,7,10,,
2013/04/15,07,17,,,7,10,,
2013/04/15,08,14,,,6,7,,
2013/04/15,09,14,,,6,7,,
2013/04/15,10,15,,,7,8,,
2013/04/15,11,14,,,7,7,,
2013/04/15,12,15,,,7,8,,
2013/04/15,13,16,,,8,8,,
2013/04/15,14,15,,,7,8,,
2013/04/15,15,16,,,8,8,,
2013/04/15,16,15,,,8,8,,
2013/04/15,17,18,,,9,9,,
2013/04/15,18,17,,,7,10,,
2013/04/15,19,17,,,7,10,,
2013/04/15,20,17,,,8,10,,
2013/04/15,21,16,,,6,10,,
2013/04/15,22,18,,,7,10,,
2013/04/15,23,16,,,7,9,,
2013/04/15,24,16,,,7,9,,
2013/04/16,01,16,,,7,9,,
2013/04/16,02,18,,,8,9,,
2013/04/16,03,17,,,7,9,,
2013/04/16,04,17,,,8,10,,
2013/04/16,05,18,,,7,11,,
2013/04/16,06,17,,,7,10,,
2013/04/16,07,17,,,7,10,,
2013/04/16,08,14,,,6,7,,
2013/04/16,09,15,,,7,8,,
2013/04/16,10,15,,,8,8,,
2013/04/16,11,14,,,7,7,,
2013/04/16,12,16,,,8,8,,
2013/04/16,13,16,,,8,8,,
2013/04/16,14,18,,,8,9,,
2013/04/16,15,18,,,8,10,,
2013/04/16,16,18,,,8,10,,
2013/04/16,17,17,,,8,10,,
2013/04/16,18,18,,,8,10,,
2013/04/16,19,17,,,7,10,,
2013/04/16,20,17,,,7,10,,
2013/04/16,21,16,,,6,10,,
2013/04/16,22,18,,,8,10,,
2013/04/16,23,17,,,6,10,,
2013/04/16,24,17,,,7,10,,
2013/04/17,01,17,,,7,10,,
2013/04/17,02,18,,,8,9,,
2013/04/17,03,16,,,7,9,,
2013/04/17,04,17,,,7,10,,
2013/04/17,05,17,,,6,11,,
2013/04/17,06,17,,,7,10,,
2013/04/17,07,17,,,7,10,,
2013/04/17,08,16,,,6,10,,
2013/04/17,09,16,,,6,11,,
2013/04/17,10,18,,,8,10,,
2013/04/17,11,15,,,7,8,,
2013/04/17,12,15,,,7,8,,
2013/04/17,13,15,,,8,8,,
2013/04/17,14,15,,,7,8,,
2013/04/17,15,16,,,7,8,,
2013/04/17,16,18,,,8,10,,
2013/04/17,17,17,,,7,10,,
2013/04/17,18,17,,,7,10,,
2013/04/17,19,18,,,8,10,,
2013/04/17,20,17,,,7,10,,
2013/04/17,21,17,,,7,10,,
2013/04/17,22,17,,,7,10,,
2013/04/17,23,17,,,7,10,,
2013/04/17,24,17,,,7,10,,
2013/04/18,01,16,,,7,10,,
2013/04/18,02,18,,,8,10,,
2013/04/18,03,17,,,7,9,,
2013/04/18,04,17,,,7,10,,
2013/04/18,05,18,,,7,11,,
2013/04/18,06,16,,,7,10,,
2013/04/18,07,17,,,7,10,,
2013/04/18,08,17,,,7,10,,
2013/04/18,09,16,,,6,10,,
2013/04/18,10,17,,,6,11,,
2013/04/18,11,16,,,6,10,,
2013/04/18,12,16,,,6,10,,
2013/04/18,13,16,,,6,11,,
2013/04/18,14,17,,,6,10,,
2013/04/18,15,16,,,6,10,,
2013/04/18,16,16,,,6,10,,
2013/04/18,17,17,,,7,10,,
2013/04/18,18,19,,,9,10,,
2013/04/18,19,18,,,8,10,,
2013/04/18,20,18,,,8,10,,
2013/04/18,21,17,,,7,10,,
2013/04/18,22,17,,,7,10,,
2013/04/18,23,17,,,7,10,,
2013/04/18,24,16,,,7,9,,
2013/04/19,01,17,,,7,10,,
2013/04/19,02,19,,,10,9,,
2013/04/19,03,17,,,8,9,,
2013/04/19,04,19,,,9,11,,
2013/04/19,05,18,,,8,10,,
2013/04/19,06,18,,,8,10,,
2013/04/19,07,18,,,8,9,,
2013/04/19,08,15,,,7,7,,
2013/04/19,09,14,,,7,7,,
2013/04/19,10,17,,,8,9,,
2013/04/19,11,14,,,6,8,,
2013/04/19,12,14,,,6,8,,
2013/04/19,13,14,,,7,8,,
2013/04/19,14,16,,,7,8,,
2013/04/19,15,15,,,7,8,,
2013/04/19,16,14,,,7,8,,
2013/04/19,17,16,,,8,9,,
2013/04/19,18,17,,,7,10,,
2013/04/19,19,17,,,7,10,,
2013/04/19,20,16,,,6,10,,
2013/04/19,21,15,,,5,10,,
2013/04/19,22,17,,,8,10,,
2013/04/19,23,16,,,6,10,,
2013/04/19,24,16,,,6,10,,
2013/04/20,01,15,,,6,10,,
2013/04/20,02,16,,,6,9,,
2013/04/20,03,17,,,8,9,,
2013/04/20,04,17,,,7,10,,
2013/04/20,05,17,,,6,11,,
2013/04/20,06,16,,,6,10,,
2013/04/20,07,16,,,6,10,,
2013/04/20,08,16,,,6,10,,
2013/04/20,09,16,,,6,10,,
2013/04/20,10,17,,,6,10,,
2013/04/20,11,17,,,6,11,,
2013/04/20,12,17,,,6,11,,
2013/04/20,13,16,,,6,10,,
2013/04/20,14,16,,,6,10,,
2013/04/20,15,16,,,6,10,,
2013/04/20,16,16,,,6,10,,
2013/04/20,17,17,,,7,10,,
2013/04/20,18,16,,,6,10,,
2013/04/20,19,17,,,7,11,,
2013/04/20,20,16,,,6,10,,
2013/04/20,21,16,,,6,10,,
2013/04/20,22,16,,,6,10,,
2013/04/20,23,15,,,6,10,,
2013/04/20,24,15,,,5,10,,
2013/04/21,01,15,,,6,9,,
2013/04/21,02,17,,,7,10,,
2013/04/21,03,16,,,6,10,,
2013/04/21,04,17,,,7,10,,
2013/04/21,05,16,,,6,10,,
2013/04/21,06,16,,,6,10,,
2013/04/21,07,16,,,6,10,,
2013/04/21,08,14,,,6,8,,
2013/04/21,09,14,,,6,8,,
2013/04/21,10,14,,,7,7,,
2013/04/21,11,14,,,7,7,,
2013/04/21,12,15,,,7,7,,
2013/04/21,13,15,,,7,8,,
2013/04/21,14,16,,,8,8,,
2013/04/21,15,14,,,7,7,,
2013/04/21,16,15,,,8,8,,
2013/04/21,17,16,,,8,8,,
2013/04/21,18,17,,,7,10,,
2013/04/21,19,16,,,6,10,,
2013/04/21,20,18,,,8,10,,
2013/04/21,21,17,,,7,10,,
2013/04/21,22,17,,,7,10,,
2013/04/21,23,17,,,7,10,,
2013/04/21,24,16,,,7,9,,
2013/04/22,01,16,,,7,9,,
2013/04/22,02,16,,,7,9,,
2013/04/22,03,15,,,6,9,,
2013/04/22,04,18,,,8,10,,
2013/04/22,05,18,,,8,11,,
2013/04/22,06,16,,,7,10,,
2013/04/22,07,17,,,7,10,,
2013/04/22,08,15,,,7,8,,
2013/04/22,09,16,,,6,10,,
2013/04/22,10,17,,,8,9,,
2013/04/22,11,15,,,8,7,,
2013/04/22,12,15,,,8,7,,
2013/04/22,13,16,,,8,8,,
2013/04/22,14,16,,,8,8,,
2013/04/22,15,17,,,9,8,,
2013/04/22,16,15,,,8,8,,
2013/04/22,17,18,,,8,10,,
2013/04/22,18,18,,,7,10,,
2013/04/22,19,17,,,7,10,,
2013/04/22,20,17,,,7,10,,
2013/04/22,21,16,,,6,10,,
2013/04/22,22,17,,,7,10,,
2013/04/22,23,16,,,6,10,,
2013/04/22,24,16,,,6,9,,
2013/04/23,01,16,,,6,9,,
2013/04/23,02,17,,,8,9,,
2013/04/23,03,16,,,7,9,,
2013/04/23,04,16,,,7,9,,
2013/04/23,05,17,,,6,11,,
2013/04/23,06,16,,,7,9,,
2013/04/23,07,16,,,6,10,,
2013/04/23,08,15,,,6,10,,
2013/04/23,09,16,,,6,11,,
2013/04/23,10,16,,,6,10,,
2013/04/23,11,16,,,6,10,,
2013/04/23,12,16,,,6,10,,
2013/04/23,13,17,,,7,10,,
2013/04/23,14,16,,,6,10,,
2013/04/23,15,16,,,6,10,,
2013/04/23,16,17,,,8,10,,
2013/04/23,17,17,,,7,10,,
2013/04/23,18,16,,,7,9,,
2013/04/23,19,16,,,6,10,,
2013/04/23,20,16,,,6,10,,
2013/04/23,21,16,,,6,10,,
2013/04/23,22,16,,,6,10,,
2013/04/23,23,16,,,6,10,,
2013/04/23,24,16,,,6,10,,
2013/04/24,01,15,,,6,9,,
2013/04/24,02,17,,,7,9,,
2013/04/24,03,16,,,6,10,,
2013/04/24,04,16,,,6,10,,
2013/04/24,05,16,,,6,10,,
2013/04/24,06,17,,,7,9,,
2013/04/24,07,16,,,7,10,,
2013/04/24,08,16,,,6,10,,
2013/04/24,09,16,,,6,10,,
2013/04/24,10,15,,,6,10,,
2013/04/24,11,16,,,6,10,,
2013/04/24,12,16,,,6,10,,
2013/04/24,13,16,,,6,10,,
2013/04/24,14,16,,,6,10,,
2013/04/24,15,15,,,6,10,,
2013/04/24,16,16,,,6,10,,
2013/04/24,17,17,,,7,10,,
2013/04/24,18,16,,,6,10,,
2013/04/24,19,15,,,5,10,,
2013/04/24,20,15,,,6,10,,
2013/04/24,21,15,,,5,10,,
2013/04/24,22,15,,,6,10,,
2013/04/24,23,15,,,6,10,,
2013/04/24,24,18,,,9,10,,
2013/04/25,01,19,,,9,10,,
2013/04/25,02,19,,,10,9,,
2013/04/25,03,16,,,7,9,,
2013/04/25,04,16,,,7,10,,
2013/04/25,05,16,,,5,10,,
2013/04/25,06,15,,,6,9,,
2013/04/25,07,15,,,6,9,,
2013/04/25,08,12,,,6,7,,
2013/04/25,09,13,,,6,7,,
2013/04/25,10,15,,,7,8,,
2013/04/25,11,13,,,6,7,,
2013/04/25,12,14,,,7,7,,
2013/04/25,13,14,,,6,7,,
2013/04/25,14,15,,,7,7,,
2013/04/25,15,14,,,6,8,,
2013/04/25,16,14,,,6,7,,
2013/04/25,17,16,,,7,9,,
2013/04/25,18,16,,,6,10,,
2013/04/25,19,16,,,7,9,,
2013/04/25,20,16,,,6,9,,
2013/04/25,21,15,,,5,10,,
2013/04/25,22,16,,,6,9,,
2013/04/25,23,15,,,6,9,,
2013/04/25,24,15,,,6,9,,
2013/04/26,01,16,,,7,9,,
2013/04/26,02,18,,,9,9,,
2013/04/26,03,17,,,8,9,,
2013/04/26,04,17,,,8,9,,
2013/04/26,05,18,,,8,10,,
2013/04/26,06,17,,,7,9,,
2013/04/26,07,16,,,6,10,,
2013/04/26,08,16,,,6,10,,
2013/04/26,09,15,,,6,9,,
2013/04/26,10,18,,,8,11,,
2013/04/26,11,17,,,8,10,,
2013/04/26,12,18,,,8,10,,
2013/04/26,13,18,,,8,10,,
2013/04/26,14,17,,,8,10,,
2013/04/26,15,17,,,7,10,,
2013/04/26,16,16,,,7,9,,
2013/04/26,17,20,,,10,10,,
2013/04/26,18,18,,,8,10,,
2013/04/26,19,17,,,8,9,,
2013/04/26,20,17,,,8,9,,
2013/04/26,21,17,,,7,9,,
2013/04/26,22,17,,,8,10,,
2013/04/26,23,17,,,8,9,,
2013/04/26,24,17,,,7,9,,
2013/04/27,01,17,,,7,9,,
2013/04/27,02,18,,,9,9,,
2013/04/27,03,18,,,8,9,,
2013/04/27,04,18,,,9,10,,
2013/04/27,05,16,,,6,10,,
2013/04/27,06,16,,,6,9,,
2013/04/27,07,16,,,7,10,,
2013/04/27,08,15,,,6,9,,
2013/04/27,09,17,,,6,11,,
2013/04/27,10,16,,,6,9,,
2013/04/27,11,17,,,7,10,,
2013/04/27,12,16,,,6,10,,
2013/04/27,13,16,,,6,10,,
2013/04/27,14,16,,,6,10,,
2013/04/27,15,16,,,6,10,,
2013/04/27,16,16,,,6,9,,
2013/04/27,17,17,,,7,10,,
2013/04/27,18,16,,,7,10,,
2013/04/27,19,16,,,6,10,,
2013/04/27,20,16,,,6,10,,
2013/04/27,21,15,,,5,9,,
2013/04/27,22,17,,,8,9,,
2013/04/27,23,15,,,6,9,,
2013/04/27,24,16,,,6,9,,
2013/04/28,01,15,,,6,10,,
2013/04/28,02,16,,,7,9,,
2013/04/28,03,16,,,7,9,,
2013/04/28,04,17,,,7,10,,
2013/04/28,05,15,,,6,9,,
2013/04/28,06,16,,,6,9,,
2013/04/28,07,15,,,6,9,,
2013/04/28,08,13,,,6,7,,
2013/04/28,09,13,,,6,7,,
2013/04/28,10,15,,,7,8,,
2013/04/28,11,14,,,7,7,,
2013/04/28,12,15,,,8,7,,
2013/04/28,13,16,,,8,8,,
2013/04/28,14,16,,,8,8,,
2013/04/28,15,15,,,7,8,,
2013/04/28,16,15,,,7,7,,
2013/04/28,17,15,,,8,8,,
2013/04/28,18,18,,,8,10,,
2013/04/28,19,17,,,7,9,,
2013/04/28,20,16,,,7,9,,
2013/04/28,21,17,,,7,9,,
2013/04/28,22,16,,,7,9,,
2013/04/28,23,16,,,7,9,,
2013/04/28,24,17,,,7,10,,
2013/04/29,01,16,,,6,9,,
2013/04/29,02,16,,,7,9,,
2013/04/29,03,16,,,6,9,,
2013/04/29,04,18,,,8,10,,
2013/04/29,05,17,,,7,10,,
2013/04/29,06,16,,,6,9,,
2013/04/29,07,16,,,7,9,,
2013/04/29,08,15,,,7,8,,
2013/04/29,09,14,,,6,8,,
2013/04/29,10,16,,,7,8,,
2013/04/29,11,14,,,7,7,,
2013/04/29,12,15,,,8,7,,
2013/04/29,13,15,,,8,7,,
2013/04/29,14,15,,,8,7,,
2013/04/29,15,16,,,8,7,,
2013/04/29,16,16,,,8,7,,
2013/04/29,17,16,,,8,8,,
2013/04/29,18,18,,,8,10,,
2013/04/29,19,16,,,7,9,,
2013/04/29,20,18,,,8,9,,
2013/04/29,21,16,,,7,9,,
2013/04/29,22,16,,,7,10,,
2013/04/29,23,16,,,6,9,,
2013/04/29,24,16,,,7,9,,
2013/04/30,01,16,,,7,9,,
2013/04/30,02,18,,,8,9,,
2013/04/30,03,16,,,7,9,,
2013/04/30,04,16,,,7,9,,
2013/04/30,05,16,,,6,10,,
2013/04/30,06,16,,,6,9,,
2013/04/30,07,16,,,7,10,,
2013/04/30,08,16,,,6,10,,
2013/04/30,09,15,,,6,8,,
2013/04/30,10,15,,,8,7,,
2013/04/30,11,15,,,8,8,,
2013/04/30,12,15,,,8,7,,
2013/04/30,13,16,,,8,8,,
2013/04/30,14,15,,,7,8,,
2013/04/30,15,17,,,7,9,,
2013/04/30,16,17,,,7,9,,
2013/04/30,17,18,,,8,10,,
2013/04/30,18,17,,,7,10,,
2013/04/30,19,17,,,8,9,,
2013/04/30,20,17,,,7,10,,
2013/04/30,21,15,,,6,9,,
2013/04/30,22,16,,,7,9,,
2013/04/30,23,16,,,7,10,,
2013/04/30,24,16,,,7,9,,
2013/05/01,01,16,,,7,9,,
2013/05/01,02,18,,,9,9,,
2013/05/01,03,16,,,7,9,,
2013/05/01,04,17,,,8,10,,
2013/05/01,05,17,,,7,10,,
2013/05/01,06,17,,,7,9,,
2013/05/01,07,17,,,7,10,,
2013/05/01,08,16,,,7,10,,
2013/05/01,09,15,,,7,8,,
2013/05/01,10,15,,,8,7,,
2013/05/01,11,15,,,8,7,,
2013/05/01,12,15,,,9,7,,
2013/05/01,13,15,,,8,7,,
2013/05/01,14,15,,,8,7,,
2013/05/01,15,17,,,7,10,,
2013/05/01,16,16,,,7,8,,
2013/05/01,17,16,,,8,8,,
2013/05/01,18,17,,,7,10,,
2013/05/01,19,17,,,7,10,,
2013/05/01,20,16,,,7,10,,
2013/05/01,21,16,,,7,9,,
2013/05/01,22,16,,,6,9,,
2013/05/01,23,16,,,6,10,,
2013/05/01,24,16,,,6,10,,
2013/05/02,01,15,,,6,9,,
2013/05/02,02,16,,,7,9,,
2013/05/02,03,16,,,7,9,,
2013/05/02,04,16,,,7,10,,
2013/05/02,05,17,,,6,11,,
2013/05/02,06,16,,,6,10,,
2013/05/02,07,15,,,6,9,,
2013/05/02,08,13,,,6,7,,
2013/05/02,09,14,,,6,8,,
2013/05/02,10,14,,,7,7,,
2013/05/02,11,14,,,7,7,,
2013/05/02,12,14,,,7,7,,
2013/05/02,13,15,,,7,8,,
2013/05/02,14,15,,,7,7,,
2013/05/02,15,15,,,7,8,,
2013/05/02,16,14,,,7,7,,
2013/05/02,17,15,,,8,8,,
2013/05/02,18,17,,,7,10,,
2013/05/02,19,16,,,7,10,,
2013/05/02,20,16,,,7,9,,
2013/05/02,21,16,,,6,9,,
2013/05/02,22,16,,,6,10,,
2013/05/02,23,15,,,6,10,,
2013/05/02,24,16,,,6,9,,
2013/05/03,01,16,,,6,9,,
2013/05/03,02,17,,,8,9,,
2013/05/03,03,16,,,6,9,,
2013/05/03,04,18,,,7,10,,
2013/05/03,05,16,,,6,10,,
2013/05/03,06,15,,,6,9,,
2013/05/03,07,15,,,6,9,,
2013/05/03,08,13,,,6,8,,
2013/05/03,09,14,,,6,9,,
2013/05/03,10,14,,,7,8,,
2013/05/03,11,13,,,6,7,,
2013/05/03,12,14,,,7,7,,
2013/05/03,13,14,,,7,7,,
2013/05/03,14,14,,,7,7,,
2013/05/03,15,15,,,7,8,,
2013/05/03,16,16,,,8,8,,
2013/05/03,17,16,,,8,8,,
2013/05/03,18,17,,,8,10,,
2013/05/03,19,16,,,7,10,,
2013/05/03,20,17,,,7,9,,
2013/05/03,21,16,,,7,10,,
2013/05/03,22,16,,,7,10,,
2013/05/03,23,16,,,6,10,,
2013/05/03,24,16,,,6,9,,
2013/05/04,01,16,,,6,9,,
2013/05/04,02,18,,,8,10,,
2013/05/04,03,16,,,7,9,,
2013/05/04,04,16,,,7,10,,
2013/05/04,05,16,,,6,10,,
2013/05/04,06,16,,,7,9,,
2013/05/04,07,15,,,6,9,,
2013/05/04,08,14,,,6,8,,
2013/05/04,09,13,,,6,7,,
2013/05/04,10,14,,,7,7,,
2013/05/04,11,13,,,6,7,,
2013/05/04,12,14,,,7,7,,
2013/05/04,13,14,,,7,7,,
2013/05/04,14,15,,,7,8,,
2013/05/04,15,15,,,7,8,,
2013/05/04,16,17,,,8,9,,
2013/05/04,17,17,,,8,10,,
2013/05/04,18,16,,,7,10,,
2013/05/04,19,17,,,7,9,,
2013/05/04,20,16,,,7,10,,
2013/05/04,21,15,,,6,9,,
2013/05/04,22,16,,,6,10,,
2013/05/04,23,15,,,6,10,,
2013/05/04,24,15,,,6,9,,
2013/05/05,01,16,,,6,9,,
2013/05/05,02,15,,,6,9,,
2013/05/05,03,17,,,7,9,,
2013/05/05,04,16,,,7,10,,
2013/05/05,05,17,,,6,10,,
2013/05/05,06,15,,,6,10,,
2013/05/05,07,16,,,6,9,,
2013/05/05,08,13,,,6,8,,
2013/05/05,09,14,,,6,7,,
2013/05/05,10,14,,,7,7,,
2013/05/05,11,13,,,6,7,,
2013/05/05,12,15,,,7,7,,
2013/05/05,13,14,,,6,8,,
2013/05/05,14,16,,,7,9,,
2013/05/05,15,14,,,6,8,,
2013/05/05,16,14,,,6,7,,
2013/05/05,17,15,,,7,8,,
2013/05/05,18,17,,,7,10,,
2013/05/05,19,16,,,6,10,,
2013/05/05,20,17,,,7,10,,
2013/05/05,21,15,,,6,10,,
2013/05/05,22,15,,,6,10,,
2013/05/05,23,15,,,6,10,,
2013/05/05,24,15,,,6,9,,
2013/05/06,01,15,,,6,9,,
2013/05/06,02,15,,,6,9,,
2013/05/06,03,16,,,7,9,,
2013/05/06,04,17,,,7,10,,
2013/05/06,05,15,,,6,9,,
2013/05/06,06,15,,,6,9,,
2013/05/06,07,14,,,6,9,,
2013/05/06,08,12,,,6,7,,
2013/05/06,09,12,,,6,7,,
2013/05/06,10,15,,,7,8,,
2013/05/06,11,13,,,6,7,,
2013/05/06,12,14,,,7,7,,
2013/05/06,13,14,,,6,7,,
2013/05/06,14,14,,,7,8,,
2013/05/06,15,16,,,7,9,,
2013/05/06,16,15,,,7,8,,
2013/05/06,17,16,,,6,10,,
2013/05/06,18,17,,,8,10,,
2013/05/06,19,16,,,7,10,,
2013/05/06,20,16,,,6,10,,
2013/05/06,21,16,,,6,10,,
2013/05/06,22,16,,,6,10,,
2013/05/06,23,15,,,6,10,,
2013/05/06,24,15,,,6,9,,
2013/05/07,01,15,,,6,9,,
2013/05/07,02,16,,,7,9,,
2013/05/07,03,16,,,7,9,,
2013/05/07,04,16,,,7,9,,
2013/05/07,05,16,,,6,10,,
2013/05/07,06,16,,,6,10,,
2013/05/07,07,15,,,6,9,,
2013/05/07,08,13,,,6,7,,
2013/05/07,09,13,,,6,8,,
2013/05/07,10,13,,,7,7,,
2013/05/07,11,14,,,6,7,,
2013/05/07,12,14,,,7,7,,
2013/05/07,13,15,,,7,7,,
2013/05/07,14,15,,,7,7,,
2013/05/07,15,14,,,6,7,,
2013/05/07,16,16,,,8,8,,
2013/05/07,17,14,,,7,7,,
2013/05/07,18,17,,,7,10,,
2013/05/07,19,17,,,7,10,,
2013/05/07,20,16,,,6,10,,
2013/05/07,21,15,,,6,10,,
2013/05/07,22,16,,,6,9,,
2013/05/07,23,15,,,6,10,,
2013/05/07,24,16,,,6,10,,
2013/05/08,01,16,,,6,9,,
2013/05/08,02,17,,,7,9,,
2013/05/08,03,16,,,7,10,,
2013/05/08,04,17,,,7,10,,
2013/05/08,05,15,,,6,10,,
2013/05/08,06,16,,,6,9,,
2013/05/08,07,15,,,7,9,,
2013/05/08,08,13,,,6,7,,
2013/05/08,09,14,,,6,8,,
2013/05/08,10,14,,,7,7,,
2013/05/08,11,14,,,7,7,,
2013/05/08,12,14,,,7,7,,
2013/05/08,13,15,,,7,7,,
2013/05/08,14,15,,,7,7,,
2013/05/08,15,15,,,7,8,,
2013/05/08,16,16,,,8,8,,
2013/05/08,17,17,,,8,9,,
2013/05/08,18,18,,,8,10,,
2013/05/08,19,17,,,7,10,,
2013/05/08,20,17,,,8,9,,
2013/05/08,21,15,,,6,9,,
2013/05/08,22,17,,,8,10,,
2013/05/08,23,16,,,6,10,,
2013/05/08,24,17,,,7,10,,
2013/05/09,01,17,,,7,10,,
2013/05/09,02,17,,,8,9,,
2013/05/09,03,16,,,7,10,,
2013/05/09,04,17,,,8,10,,
2013/05/09,05,16,,,6,10,,
2013/05/09,06,16,,,6,10,,
2013/05/09,07,15,,,7,9,,
2013/05/09,08,13,,,6,7,,
2013/05/09,09,13,,,6,7,,
2013/05/09,10,15,,,8,8,,
2013/05/09,11,13,,,7,7,,
2013/05/09,12,14,,,8,7,,
2013/05/09,13,15,,,8,8,,
2013/05/09,14,15,,,8,8,,
2013/05/09,15,15,,,8,7,,
2013/05/09,16,16,,,9,7,,
2013/05/09,17,16,,,8,8,,
2013/05/09,18,17,,,7,10,,
2013/05/09,19,17,,,8,10,,
2013/05/09,20,16,,,6,9,,
2013/05/09,21,15,,,6,9,,
2013/05/09,22,16,,,6,9,,
2013/05/09,23,16,,,6,10,,
2013/05/09,24,16,,,6,10,,
2013/05/10,01,16,,,7,9,,
2013/05/10,02,17,,,7,9,,
2013/05/10,03,16,,,7,9,,
2013/05/10,04,17,,,7,10,,
2013/05/10,05,16,,,6,10,,
2013/05/10,06,16,,,6,9,,
2013/05/10,07,15,,,7,8,,
2013/05/10,08,13,,,6,7,,
2013/05/10,09,14,,,6,7,,
2013/05/10,10,14,,,7,7,,
2013/05/10,11,14,,,7,7,,
2013/05/10,12,14,,,7,7,,
2013/05/10,13,14,,,7,7,,
2013/05/10,14,15,,,8,7,,
2013/05/10,15,15,,,7,8,,
2013/05/10,16,15,,,8,7,,
2013/05/10,17,17,,,9,8,,
2013/05/10,18,17,,,8,9,,
2013/05/10,19,17,,,7,9,,
2013/05/10,20,17,,,8,9,,
2013/05/10,21,16,,,6,10,,
2013/05/10,22,17,,,8,9,,
2013/05/10,23,16,,,7,9,,
2013/05/10,24,16,,,7,9,,
2013/05/11,01,17,,,8,9,,
2013/05/11,02,19,,,9,9,,
2013/05/11,03,17,,,7,9,,
2013/05/11,04,17,,,8,9,,
2013/05/11,05,17,,,7,11,,
2013/05/11,06,17,,,7,10,,
2013/05/11,07,16,,,7,10,,
2013/05/11,08,15,,,7,8,,
2013/05/11,09,14,,,6,8,,
2013/05/11,10,15,,,8,7,,
2013/05/11,11,15,,,8,7,,
2013/05/11,12,15,,,8,7,,
2013/05/11,13,16,,,8,8,,
2013/05/11,14,16,,,8,8,,
2013/05/11,15,15,,,8,7,,
2013/05/11,16,16,,,9,7,,
2013/05/11,17,19,,,9,10,,
2013/05/11,18,18,,,8,10,,
2013/05/11,19,17,,,7,10,,
2013/05/11,20,17,,,7,10,,
2013/05/11,21,16,,,7,10,,
2013/05/11,22,18,,,9,10,,
2013/05/11,23,16,,,7,9,,
2013/05/11,24,16,,,7,9,,
2013/05/12,01,17,,,8,9,,
2013/05/12,02,18,,,8,9,,
2013/05/12,03,17,,,8,9,,
2013/05/12,04,18,,,9,10,,
2013/05/12,05,17,,,7,10,,
2013/05/12,06,16,,,7,9,,
2013/05/12,07,15,,,7,8,,
2013/05/12,08,15,,,7,7,,
2013/05/12,09,13,,,7,7,,
2013/05/12,10,15,,,8,7,,
2013/05/12,11,15,,,8,7,,
2013/05/12,12,15,,,8,7,,
2013/05/12,13,16,,,9,7,,
2013/05/12,14,15,,,8,7,,
2013/05/12,15,16,,,9,7,,
2013/05/12,16,16,,,9,7,,
2013/05/12,17,17,,,9,7,,
2013/05/12,18,17,,,8,10,,
2013/05/12,19,19,,,9,10,,
2013/05/12,20,17,,,8,9,,
2013/05/12,21,16,,,6,9,,
2013/05/12,22,17,,,8,9,,
2013/05/12,23,16,,,7,9,,
2013/05/12,24,17,,,8,9,,
2013/05/13,01,16,,,7,9,,
2013/05/13,02,16,,,7,9,,
2013/05/13,03,17,,,7,9,,
2013/05/13,04,17,,,8,9,,
2013/05/13,05,17,,,7,10,,
2013/05/13,06,16,,,7,10,,
2013/05/13,07,17,,,7,10,,
2013/05/13,08,16,,,6,10,,
2013/05/13,09,16,,,6,10,,
2013/05/13,10,14,,,7,8,,
2013/05/13,11,13,,,7,7,,
2013/05/13,12,14,,,7,7,,
2013/05/13,13,14,,,7,7,,
2013/05/13,14,14,,,7,7,,
2013/05/13,15,14,,,7,8,,
2013/05/13,16,14,,,7,8,,
2013/05/13,17,15,,,6,9,,
2013/05/13,18,16,,,6,9,,
2013/05/13,19,18,,,8,10,,
2013/05/13,20,16,,,7,9,,
2013/05/13,21,15,,,6,10,,
2013/05/13,22,16,,,7,9,,
2013/05/13,23,15,,,5,10,,
2013/05/13,24,16,,,6,10,,
2013/05/14,01,15,,,6,10,,
2013/05/14,02,16,,,6,9,,
2013/05/14,03,17,,,7,10,,
2013/05/14,04,16,,,7,10,,
2013/05/14,05,16,,,6,10,,
2013/05/14,06,15,,,6,9,,
2013/05/14,07,15,,,6,9,,
2013/05/14,08,14,,,6,8,,
2013/05/14,09,14,,,6,8,,
2013/05/14,10,15,,,6,9,,
2013/05/14,11,16,,,6,10,,
2013/05/14,12,17,,,7,10,,
2013/05/14,13,17,,,6,10,,
2013/05/14,14,16,,,6,10,,
2013/05/14,15,16,,,6,10,,
2013/05/14,16,17,,,7,10,,
2013/05/14,17,16,,,7,10,,
2013/05/14,18,17,,,7,10,,
2013/05/14,19,15,,,6,10,,
2013/05/14,20,17,,,7,10,,
2013/05/14,21,15,,,6,10,,
2013/05/14,22,16,,,6,10,,
2013/05/14,23,15,,,5,10,,
2013/05/14,24,16,,,6,10,,
2013/05/15,01,15,,,6,9,,
2013/05/15,02,16,,,7,9,,
2013/05/15,03,16,,,7,9,,
2013/05/15,04,18,,,7,11,,
2013/05/15,05,15,,,6,9,,
2013/05/15,06,15,,,6,10,,
2013/05/15,07,16,,,6,10,,
2013/05/15,08,15,,,6,10,,
2013/05/15,09,15,,,6,10,,
2013/05/15,10,16,,,6,10,,
2013/05/15,11,14,,,6,9,,
2013/05/15,12,14,,,7,8,,
2013/05/15,13,14,,,6,8,,
2013/05/15,14,14,,,6,8,,
2013/05/15,15,15,,,7,8,,
2013/05/15,16,14,,,7,8,,
2013/05/15,17,15,,,7,8,,
2013/05/15,18,16,,,7,10,,
2013/05/15,19,16,,,7,10,,
2013/05/15,20,15,,,5,10,,
2013/05/15,21,15,,,5,10,,
2013/05/15,22,15,,,5,10,,
2013/05/15,23,15,,,5,10,,
2013/05/15,24,15,,,6,9,,
2013/05/16,01,15,,,6,9,,
2013/05/16,02,17,,,8,10,,
2013/05/16,03,16,,,6,10,,
2013/05/16,04,16,,,6,10,,
2013/05/16,05,15,,,5,10,,
2013/05/16,06,15,,,5,10,,
2013/05/16,07,13,,,6,8,,
2013/05/16,08,14,,,7,8,,
2013/05/16,09,13,,,6,7,,
2013/05/16,10,14,,,7,7,,
2013/05/16,11,12,,,6,7,,
2013/05/16,12,14,,,6,7,,
2013/05/16,13,13,,,6,7,,
2013/05/16,14,14,,,7,7,,
2013/05/16,15,14,,,6,8,,
2013/05/16,16,15,,,7,8,,
2013/05/16,17,15,,,7,7,,
2013/05/16,18,16,,,6,9,,
2013/05/16,19,16,,,6,10,,
2013/05/16,20,16,,,7,10,,
2013/05/16,21,15,,,6,9,,
2013/05/16,22,16,,,7,9,,
2013/05/16,23,15,,,5,10,,
2013/05/16,24,15,,,6,9,,
2013/05/17,01,15,,,6,9,,
2013/05/17,02,17,,,7,9,,
2013/05/17,03,15,,,6,9,,
2013/05/17,04,16,,,6,10,,
2013/05/17,05,16,,,6,10,,
2013/05/17,06,15,,,6,9,,
2013/05/17,07,14,,,6,8,,
2013/05/17,08,14,,,7,7,,
2013/05/17,09,14,,,7,8,,
2013/05/17,10,13,,,6,7,,
2013/05/17,11,13,,,7,7,,
2013/05/17,12,14,,,6,7,,
2013/05/17,13,14,,,6,7,,
2013/05/17,14,14,,,7,7,,
2013/05/17,15,14,,,7,8,,
2013/05/17,16,14,,,7,7,,
2013/05/17,17,16,,,7,9,,
2013/05/17,18,16,,,7,9,,
2013/05/17,19,17,,,7,10,,
2013/05/17,20,16,,,6,10,,
2013/05/17,21,17,,,7,9,,
2013/05/17,22,16,,,7,9,,
2013/05/17,23,15,,,6,10,,
2013/05/17,24,16,,,6,9,,
2013/05/18,01,16,,,7,9,,
2013/05/18,02,17,,,8,9,,
2013/05/18,03,16,,,7,9,,
2013/05/18,04,17,,,7,10,,
2013/05/18,05,16,,,6,10,,
2013/05/18,06,16,,,7,9,,
2013/05/18,07,17,,,7,10,,
2013/05/18,08,17,,,7,10,,
2013/05/18,09,17,,,7,10,,
2013/05/18,10,18,,,8,10,,
2013/05/18,11,16,,,7,10,,
2013/05/18,12,17,,,7,9,,
2013/05/18,13,16,,,7,9,,
2013/05/18,14,17,,,7,10,,
2013/05/18,15,17,,,7,10,,
2013/05/18,16,18,,,8,10,,
2013/05/18,17,17,,,8,10,,
2013/05/18,18,17,,,7,9,,
2013/05/18,19,17,,,7,10,,
2013/05/18,20,16,,,7,9,,
2013/05/18,21,15,,,6,9,,
2013/05/18,22,16,,,7,9,,
2013/05/18,23,16,,,6,9,,
2013/05/18,24,17,,,8,9,,
2013/05/19,01,16,,,7,9,,
2013/05/19,02,18,,,9,9,,
2013/05/19,03,16,,,7,9,,
2013/05/19,04,17,,,7,10,,
2013/05/19,05,17,,,7,10,,
2013/05/19,06,17,,,7,10,,
2013/05/19,07,14,,,6,8,,
2013/05/19,08,13,,,6,7,,
2013/05/19,09,13,,,6,7,,
2013/05/19,10,15,,,8,8,,
2013/05/19,11,14,,,7,7,,
2013/05/19,12,14,,,8,7,,
2013/05/19,13,15,,,7,7,,
2013/05/19,14,15,,,7,7,,
2013/05/19,15,15,,,8,7,,
2013/05/19,16,16,,,9,7,,
2013/05/19,17,16,,,8,8,,
2013/05/19,18,17,,,8,9,,
2013/05/19,19,17,,,7,10,,
2013/05/19,20,16,,,7,10,,
2013/05/19,21,16,,,7,10,,
2013/05/19,22,16,,,7,10,,
2013/05/19,23,16,,,6,9,,
2013/05/19,24,16,,,7,9,,
2013/05/20,01,16,,,7,9,,
2013/05/20,02,16,,,6,9,,
2013/05/20,03,15,,,6,9,,
2013/05/20,04,18,,,8,10,,
2013/05/20,05,17,,,7,10,,
2013/05/20,06,17,,,7,10,,
2013/05/20,07,15,,,6,8,,
2013/05/20,08,14,,,7,8,,
2013/05/20,09,13,,,6,7,,
2013/05/20,10,15,,,8,7,,
2013/05/20,11,14,,,7,7,,
2013/05/20,12,15,,,8,7,,
2013/05/20,13,15,,,8,8,,
2013/05/20,14,15,,,8,7,,
2013/05/20,15,15,,,8,8,,
2013/05/20,16,16,,,7,9,,
2013/05/20,17,17,,,8,10,,
2013/05/20,18,17,,,8,9,,
2013/05/20,19,16,,,6,9,,
2013/05/20,20,16,,,6,10,,
2013/05/20,21,16,,,6,10,,
2013/05/20,22,16,,,7,9,,
2013/05/20,23,15,,,6,9,,
2013/05/20,24,16,,,7,9,,
2013/05/21,01,15,,,6,9,,
2013/05/21,02,17,,,8,9,,
2013/05/21,03,16,,,6,9,,
2013/05/21,04,17,,,7,10,,
2013/05/21,05,15,,,6,10,,
2013/05/21,06,16,,,7,9,,
2013/05/21,07,14,,,6,8,,
2013/05/21,08,13,,,6,7,,
2013/05/21,09,13,,,6,7,,
2013/05/21,10,14,,,7,8,,
2013/05/21,11,15,,,7,7,,
2013/05/21,12,15,,,7,7,,
2013/05/21,13,15,,,7,8,,
2013/05/21,14,14,,,7,7,,
2013/05/21,15,15,,,7,8,,
2013/05/21,16,16,,,8,7,,
2013/05/21,17,16,,,8,8,,
2013/05/21,18,16,,,7,9,,
2013/05/21,19,17,,,7,10,,
2013/05/21,20,16,,,6,10,,
2013/05/21,21,16,,,6,10,,
2013/05/21,22,16,,,6,10,,
2013/05/21,23,16,,,6,10,,
2013/05/21,24,15,,,6,10,,
2013/05/22,01,16,,,6,9,,
2013/05/22,02,16,,,7,9,,
2013/05/22,03,17,,,7,9,,
2013/05/22,04,17,,,7,10,,
2013/05/22,05,16,,,6,10,,
2013/05/22,06,16,,,7,9,,
2013/05/22,07,14,,,6,8,,
2013/05/22,08,13,,,6,7,,
2013/05/22,09,14,,,6,8,,
2013/05/22,10,14,,,7,7,,
2013/05/22,11,14,,,7,7,,
2013/05/22,12,14,,,7,7,,
2013/05/22,13,14,,,7,7,,
2013/05/22,14,15,,,7,7,,
2013/05/22,15,15,,,7,8,,
2013/05/22,16,15,,,7,7,,
2013/05/22,17,15,,,8,8,,
2013/05/22,18,18,,,9,9,,
2013/05/22,19,17,,,7,9,,
2013/05/22,20,16,,,7,9,,
2013/05/22,21,16,,,7,9,,
2013/05/22,22,16,,,7,9,,
2013/05/22,23,16,,,6,10,,
2013/05/22,24,16,,,6,10,,
2013/05/23,01,16,,,6,9,,
2013/05/23,02,16,,,6,9,,
2013/05/23,03,17,,,8,9,,
2013/05/23,04,17,,,7,10,,
2013/05/23,05,17,,,6,10,,
2013/05/23,06,16,,,7,10,,
2013/05/23,07,14,,,6,8,,
2013/05/23,08,13,,,6,7,,
2013/05/23,09,14,,,6,8,,
2013/05/23,10,14,,,7,7,,
2013/05/23,11,13,,,7,7,,
2013/05/23,12,15,,,8,7,,
2013/05/23,13,15,,,8,7,,
2013/05/23,14,15,,,8,7,,
2013/05/23,15,15,,,7,7,,
2013/05/23,16,16,,,8,8,,
2013/05/23,17,16,,,8,8,,
2013/05/23,18,17,,,8,9,,
2013/05/23,19,17,,,8,10,,
2013/05/23,20,17,,,7,9,,
2013/05/23,21,16,,,7,9,,
2013/05/23,22,17,,,8,10,,
2013/05/23,23,16,,,7,10,,
2013/05/23,24,16,,,7,9,,
2013/05/24,01,17,,,8,9,,
2013/05/24,02,18,,,9,9,,
2013/05/24,03,16,,,7,9,,
2013/05/24,04,17,,,8,10,,
2013/05/24,05,17,,,6,10,,
2013/05/24,06,16,,,7,9,,
2013/05/24,07,15,,,7,8,,
2013/05/24,08,14,,,7,7,,
2013/05/24,09,16,,,6,9,,
2013/05/24,10,18,,,8,10,,
2013/05/24,11,14,,,7,8,,
2013/05/24,12,16,,,8,8,,
2013/05/24,13,15,,,8,8,,
2013/05/24,14,16,,,8,8,,
2013/05/24,15,17,,,8,9,,
2013/05/24,16,17,,,7,10,,
2013/05/24,17,18,,,8,10,,
2013/05/24,18,18,,,8,10,,
2013/05/24,19,16,,,7,9,,
2013/05/24,20,16,,,7,9,,
2013/05/24,21,16,,,7,9,,
2013/05/24,22,17,,,8,9,,
2013/05/24,23,16,,,6,9,,
2013/05/24,24,16,,,7,10,,
2013/05/25,01,16,,,7,9,,
2013/05/25,02,17,,,8,9,,
2013/05/25,03,17,,,8,9,,
2013/05/25,04,17,,,8,9,,
2013/05/25,05,17,,,7,10,,
2013/05/25,06,17,,,7,9,,
2013/05/25,07,15,,,7,8,,
2013/05/25,08,14,,,7,7,,
2013/05/25,09,13,,,6,7,,
2013/05/25,10,16,,,8,8,,
2013/05/25,11,14,,,7,7,,
2013/05/25,12,15,,,8,7,,
2013/05/25,13,15,,,8,7,,
2013/05/25,14,15,,,7,7,,
2013/05/25,15,14,,,7,8,,
2013/05/25,16,17,,,9,9,,
2013/05/25,17,17,,,8,9,,
2013/05/25,18,16,,,7,9,,
2013/05/25,19,16,,,6,10,,
2013/05/25,20,16,,,6,9,,
2013/05/25,21,16,,,7,9,,
2013/05/25,22,16,,,7,9,,
2013/05/25,23,16,,,6,9,,
2013/05/25,24,16,,,7,10,,
2013/05/26,01,16,,,7,9,,
2013/05/26,02,18,,,8,9,,
2013/05/26,03,16,,,7,9,,
2013/05/26,04,17,,,7,10,,
2013/05/26,05,16,,,6,10,,
2013/05/26,06,16,,,6,9,,
2013/05/26,07,16,,,6,10,,
2013/05/26,08,14,,,6,8,,
2013/05/26,09,13,,,6,7,,
2013/05/26,10,14,,,7,7,,
2013/05/26,11,14,,,7,7,,
2013/05/26,12,14,,,7,7,,
2013/05/26,13,14,,,7,7,,
2013/05/26,14,14,,,7,7,,
2013/05/26,15,15,,,7,7,,
2013/05/26,16,15,,,7,8,,
2013/05/26,17,16,,,7,9,,
2013/05/26,18,17,,,8,10,,
2013/05/26,19,16,,,7,10,,
2013/05/26,20,16,,,6,9,,
2013/05/26,21,16,,,7,9,,
2013/05/26,22,16,,,6,9,,
2013/05/26,23,15,,,6,9,,
2013/05/26,24,16,,,6,10,,
2013/05/27,01,16,,,6,9,,
2013/05/27,02,15,,,6,9,,
2013/05/27,03,15,,,6,9,,
2013/05/27,04,18,,,8,10,,
2013/05/27,05,16,,,7,10,,
2013/05/27,06,16,,,7,10,,
2013/05/27,07,15,,,6,9,,
2013/05/27,08,13,,,6,7,,
2013/05/27,09,14,,,6,8,,
2013/05/27,10,14,,,7,7,,
2013/05/27,11,14,,,7,7,,
2013/05/27,12,15,,,8,7,,
2013/05/27,13,14,,,7,7,,
2013/05/27,14,14,,,7,7,,
2013/05/27,15,15,,,8,7,,
2013/05/27,16,15,,,8,7,,
2013/05/27,17,16,,,9,8,,
2013/05/27,18,16,,,8,9,,
2013/05/27,19,16,,,7,9,,
2013/05/27,20,17,,,7,9,,
2013/05/27,21,15,,,6,9,,
2013/05/27,22,17,,,7,10,,
2013/05/27,23,16,,,6,10,,
2013/05/27,24,16,,,7,9,,
2013/05/28,01,16,,,7,9,,
2013/05/28,02,17,,,8,9,,
2013/05/28,03,16,,,6,9,,
2013/05/28,04,17,,,6,10,,
2013/05/28,05,16,,,6,10,,
2013/05/28,06,16,,,7,9,,
2013/05/28,07,14,,,6,7,,
2013/05/28,08,14,,,6,8,,
2013/05/28,09,13,,,6,7,,
2013/05/28,10,14,,,7,7,,
2013/05/28,11,14,,,7,7,,
2013/05/28,12,14,,,7,7,,
2013/05/28,13,15,,,8,7,,
2013/05/28,14,15,,,8,8,,
2013/05/28,15,14,,,7,7,,
2013/05/28,16,15,,,7,8,,
2013/05/28,17,18,,,8,10,,
2013/05/28,18,18,,,8,10,,
2013/05/28,19,18,,,9,9,,
2013/05/28,20,17,,,7,10,,
2013/05/28,21,16,,,7,10,,
2013/05/28,22,16,,,7,9,,
2013/05/28,23,16,,,7,10,,
2013/05/28,24,17,,,7,10,,
2013/05/29,01,16,,,7,9,,
2013/05/29,02,17,,,8,9,,
2013/05/29,03,16,,,7,9,,
2013/05/29,04,18,,,7,10,,
2013/05/29,05,16,,,6,10,,
2013/05/29,06,16,,,6,9,,
2013/05/29,07,14,,,7,8,,
2013/05/29,08,13,,,6,7,,
2013/05/29,09,14,,,7,7,,
2013/05/29,10,15,,,8,7,,
2013/05/29,11,15,,,8,7,,
2013/05/29,12,15,,,8,7,,
2013/05/29,13,15,,,8,7,,
2013/05/29,14,15,,,8,7,,
2013/05/29,15,17,,,10,7,,
2013/05/29,16,16,,,9,7,,
2013/05/29,17,16,,,9,7,,
2013/05/29,18,17,,,9,9,,
2013/05/29,19,17,,,8,10,,
2013/05/29,20,17,,,7,9,,
2013/05/29,21,16,,,6,9,,
2013/05/29,22,18,,,9,9,,
2013/05/29,23,16,,,7,9,,
2013/05/29,24,16,,,7,9,,
2013/05/30,01,16,,,7,9,,
2013/05/30,02,17,,,7,9,,
2013/05/30,03,16,,,7,9,,
2013/05/30,04,18,,,8,11,,
2013/05/30,05,16,,,7,9,,
2013/05/30,06,16,,,7,9,,
2013/05/30,07,14,,,7,8,,
2013/05/30,08,13,,,7,7,,
2013/05/30,09,14,,,7,7,,
2013/05/30,10,15,,,8,7,,
2013/05/30,11,15,,,8,7,,
2013/05/30,12,15,,,8,7,,
2013/05/30,13,16,,,9,7,,
2013/05/30,14,16,,,9,7,,
2013/05/30,15,16,,,9,7,,
2013/05/30,16,18,,,10,8,,
2013/05/30,17,19,,,10,9,,
2013/05/30,18,18,,,8,9,,
2013/05/30,19,17,,,8,10,,
2013/05/30,20,17,,,8,9,,
2013/05/30,21,16,,,7,9,,
2013/05/30,22,17,,,8,9,,
2013/05/30,23,16,,,7,9,,
2013/05/30,24,16,,,7,9,,
2013/05/31,01,17,,,7,9,,
2013/05/31,02,17,,,7,9,,
2013/05/31,03,17,,,8,9,,
2013/05/31,04,17,,,7,9,,
2013/05/31,05,17,,,7,11,,
2013/05/31,06,16,,,7,9,,
2013/05/31,07,14,,,7,7,,
2013/05/31,08,15,,,6,8,,
2013/05/31,09,13,,,6,7,,
2013/05/31,10,14,,,8,7,,
2013/05/31,11,13,,,6,7,,
2013/05/31,12,15,,,7,7,,
2013/05/31,13,14,,,7,7,,
2013/05/31,14,14,,,7,7,,
2013/05/31,15,14,,,7,7,,
2013/05/31,16,14,,,7,7,,
2013/05/31,17,14,,,7,7,,
2013/05/31,18,17,,,8,9,,
2013/05/31,19,16,,,7,10,,
2013/05/31,20,15,,,6,9,,
2013/05/31,21,16,,,6,10,,
2013/05/31,22,16,,,6,9,,
2013/05/31,23,15,,,6,10,,
2013/05/31,24,16,,,6,9,,
2013/06/01,01,15,,,6,9,,
2013/06/01,02,17,,,7,9,,
2013/06/01,03,16,,,7,9,,
2013/06/01,04,16,,,7,9,,
2013/06/01,05,16,,,6,10,,
2013/06/01,06,16,,,7,9,,
2013/06/01,07,14,,,6,8,,
2013/06/01,08,13,,,6,7,,
2013/06/01,09,13,,,6,7,,
2013/06/01,10,14,,,7,7,,
2013/06/01,11,14,,,7,8,,
2013/06/01,12,15,,,7,7,,
2013/06/01,13,15,,,8,7,,
2013/06/01,14,14,,,7,7,,
2013/06/01,15,15,,,8,7,,
2013/06/01,16,16,,,8,7,,
2013/06/01,17,16,,,9,7,,
2013/06/01,18,16,,,8,9,,
2013/06/01,19,17,,,8,9,,
2013/06/01,20,16,,,7,9,,
2013/06/01,21,15,,,6,9,,
2013/06/01,22,16,,,7,9,,
2013/06/01,23,15,,,6,9,,
2013/06/01,24,16,,,6,9,,
2013/06/02,01,16,,,7,9,,
2013/06/02,02,17,,,7,9,,
2013/06/02,03,17,,,7,10,,
2013/06/02,04,16,,,7,9,,
2013/06/02,05,17,,,7,11,,
2013/06/02,06,16,,,6,9,,
2013/06/02,07,14,,,7,8,,
2013/06/02,08,14,,,6,7,,
2013/06/02,09,13,,,6,7,,
2013/06/02,10,15,,,8,7,,
2013/06/02,11,14,,,7,8,,
2013/06/02,12,15,,,8,7,,
2013/06/02,13,15,,,8,7,,
2013/06/02,14,15,,,8,7,,
2013/06/02,15,17,,,10,8,,
2013/06/02,16,16,,,9,7,,
2013/06/02,17,16,,,9,7,,
2013/06/02,18,17,,,8,9,,
2013/06/02,19,18,,,9,9,,
2013/06/02,20,18,,,8,10,,
2013/06/02,21,16,,,7,9,,
2013/06/02,22,18,,,9,9,,
2013/06/02,23,17,,,7,9,,
2013/06/02,24,17,,,7,10,,
2013/06/03,01,17,,,7,9,,
2013/06/03,02,16,,,7,9,,
2013/06/03,03,16,,,7,9,,
2013/06/03,04,18,,,8,9,,
2013/06/03,05,17,,,7,10,,
2013/06/03,06,16,,,7,9,,
2013/06/03,07,15,,,7,8,,
2013/06/03,08,14,,,7,7,,
2013/06/03,09,14,,,7,7,,
2013/06/03,10,16,,,9,7,,
2013/06/03,11,15,,,8,7,,
2013/06/03,12,16,,,9,7,,
2013/06/03,13,17,,,9,8,,
2013/06/03,14,16,,,9,7,,
2013/06/03,15,16,,,9,7,,
2013/06/03,16,18,,,9,8,,
2013/06/03,17,18,,,9,9,,
2013/06/03,18,18,,,9,9,,
2013/06/03,19,18,,,8,10,,
2013/06/03,20,17,,,8,9,,
2013/06/03,21,16,,,7,9,,
2013/06/03,22,18,,,8,9,,
2013/06/03,23,16,,,7,9,,
2013/06/03,24,17,,,8,9,,
2013/06/04,01,17,,,8,9,,
2013/06/04,02,18,,,9,9,,
2013/06/04,03,17,,,7,9,,
2013/06/04,04,17,,,8,9,,
2013/06/04,05,18,,,7,11,,
2013/06/04,06,16,,,7,9,,
2013/06/04,07,18,,,8,10,,
2013/06/04,08,15,,,8,7,,
2013/06/04,09,16,,,7,9,,
2013/06/04,10,19,,,9,10,,
2013/06/04,11,18,,,8,10,,
2013/06/04,12,18,,,8,10,,
2013/06/04,13,19,,,9,10,,
2013/06/04,14,17,,,8,9,,
2013/06/04,15,17,,,8,9,,
2013/06/04,16,18,,,8,10,,
2013/06/04,17,18,,,8,9,,
2013/06/04,18,18,,,8,10,,
2013/06/04,19,19,,,9,10,,
2013/06/04,20,17,,,8,9,,
2013/06/04,21,16,,,7,9,,
2013/06/04,22,18,,,9,9,,
2013/06/04,23,16,,,7,9,,
2013/06/04,24,17,,,8,10,,
2013/06/05,01,17,,,8,9,,
2013/06/05,02,17,,,8,9,,
2013/06/05,03,18,,,9,9,,
2013/06/05,04,18,,,8,9,,
2013/06/05,05,18,,,8,10,,
2013/06/05,06,17,,,8,9,,
2013/06/05,07,16,,,8,7,,
2013/06/05,08,15,,,8,7,,
2013/06/05,09,14,,,7,7,,
2013/06/05,10,17,,,10,8,,
2013/06/05,11,16,,,9,8,,
2013/06/05,12,17,,,9,8,,
2013/06/05,13,17,,,10,8,,
2013/06/05,14,16,,,9,7,,
2013/06/05,15,17,,,9,7,,
2013/06/05,16,18,,,10,7,,
2013/06/05,17,18,,,11,8,,
2013/06/05,18,21,,,11,9,,
2013/06/05,19,19,,,10,10,,
2013/06/05,20,19,,,10,9,,
2013/06/05,21,17,,,7,10,,
2013/06/05,22,17,,,8,9,,
2013/06/05,23,16,,,7,10,,
2013/06/05,24,16,,,7,9,,
2013/06/06,01,17,,,8,9,,
2013/06/06,02,17,,,8,9,,
2013/06/06,03,17,,,7,9,,
2013/06/06,04,17,,,8,9,,
2013/06/06,05,18,,,7,11,,
2013/06/06,06,16,,,7,9,,
2013/06/06,07,17,,,7,10,,
2013/06/06,08,16,,,7,10,,
2013/06/06,09,16,,,7,9,,
2013/06/06,10,18,,,8,10,,
2013/06/06,11,15,,,7,8,,
2013/06/06,12,16,,,8,7,,
2013/06/06,13,16,,,8,7,,
2013/06/06,14,15,,,8,7,,
2013/06/06,15,16,,,9,8,,
2013/06/06,16,17,,,9,8,,
2013/06/06,17,18,,,9,9,,
2013/06/06,18,19,,,9,10,,
2013/06/06,19,19,,,9,10,,
2013/06/06,20,18,,,9,9,,
2013/06/06,21,17,,,7,9,,
2013/06/06,22,18,,,9,9,,
2013/06/06,23,17,,,8,9,,
2013/06/06,24,17,,,8,9,,
2013/06/07,01,17,,,8,9,,
2013/06/07,02,18,,,9,9,,
2013/06/07,03,17,,,8,9,,
2013/06/07,04,18,,,9,9,,
2013/06/07,05,18,,,7,11,,
2013/06/07,06,17,,,8,9,,
2013/06/07,07,15,,,8,8,,
2013/06/07,08,15,,,8,7,,
2013/06/07,09,14,,,7,7,,
2013/06/07,10,17,,,9,8,,
2013/06/07,11,15,,,8,7,,
2013/06/07,12,18,,,11,7,,
2013/06/07,13,18,,,10,8,,
2013/06/07,14,18,,,11,7,,
2013/06/07,15,18,,,11,7,,
2013/06/07,16,18,,,10,7,,
2013/06/07,17,19,,,11,8,,
2013/06/07,18,21,,,11,9,,
2013/06/07,19,20,,,10,10,,
2013/06/07,20,18,,,9,10,,
2013/06/07,21,17,,,8,9,,
2013/06/07,22,19,,,10,9,,
2013/06/07,23,17,,,8,9,,
2013/06/07,24,17,,,8,9,,
2013/06/08,01,18,,,9,9,,
2013/06/08,02,18,,,8,9,,
2013/06/08,03,17,,,8,9,,
2013/06/08,04,19,,,9,10,,
2013/06/08,05,17,,,7,9,,
2013/06/08,06,18,,,8,10,,
2013/06/08,07,17,,,8,10,,
2013/06/08,08,17,,,8,9,,
2013/06/08,09,15,,,7,8,,
2013/06/08,10,17,,,9,8,,
2013/06/08,11,15,,,8,7,,
2013/06/08,12,17,,,10,7,,
2013/06/08,13,18,,,10,7,,
2013/06/08,14,17,,,9,7,,
2013/06/08,15,16,,,9,7,,
2013/06/08,16,17,,,10,7,,
2013/06/08,17,17,,,9,7,,
2013/06/08,18,18,,,10,9,,
2013/06/08,19,18,,,8,10,,
2013/06/08,20,17,,,8,9,,
2013/06/08,21,16,,,7,9,,
2013/06/08,22,18,,,9,9,,
2013/06/08,23,17,,,7,10,,
2013/06/08,24,17,,,7,9,,
2013/06/09,01,18,,,9,9,,
2013/06/09,02,19,,,9,9,,
2013/06/09,03,16,,,7,9,,
2013/06/09,04,18,,,8,9,,
2013/06/09,05,18,,,7,11,,
2013/06/09,06,16,,,8,9,,
2013/06/09,07,15,,,8,7,,
2013/06/09,08,15,,,8,7,,
2013/06/09,09,14,,,7,7,,
2013/06/09,10,17,,,10,8,,
2013/06/09,11,15,,,9,7,,
2013/06/09,12,16,,,9,7,,
2013/06/09,13,16,,,9,7,,
2013/06/09,14,16,,,9,7,,
2013/06/09,15,16,,,9,7,,
2013/06/09,16,18,,,10,8,,
2013/06/09,17,18,,,9,9,,
2013/06/09,18,18,,,8,9,,
2013/06/09,19,17,,,8,9,,
2013/06/09,20,17,,,8,9,,
2013/06/09,21,16,,,7,9,,
2013/06/09,22,17,,,8,9,,
2013/06/09,23,17,,,7,10,,
2013/06/09,24,17,,,7,9,,
2013/06/10,01,17,,,7,9,,
2013/06/10,02,16,,,7,9,,
2013/06/10,03,16,,,7,9,,
2013/06/10,04,18,,,8,10,,
2013/06/10,05,18,,,8,10,,
2013/06/10,06,17,,,8,9,,
2013/06/10,07,14,,,7,8,,
2013/06/10,08,14,,,7,7,,
2013/06/10,09,14,,,7,7,,
2013/06/10,10,16,,,8,8,,
2013/06/10,11,15,,,8,7,,
2013/06/10,12,15,,,8,7,,
2013/06/10,13,15,,,8,7,,
2013/06/10,14,16,,,9,8,,
2013/06/10,15,17,,,10,7,,
2013/06/10,16,17,,,9,7,,
2013/06/10,17,16,,,9,7,,
2013/06/10,18,17,,,8,9,,
2013/06/10,19,17,,,8,9,,
2013/06/10,20,17,,,8,10,,
2013/06/10,21,17,,,8,10,,
2013/06/10,22,18,,,8,9,,
2013/06/10,23,16,,,7,9,,
2013/06/10,24,17,,,7,10,,
2013/06/11,01,17,,,7,9,,
2013/06/11,02,17,,,8,9,,
2013/06/11,03,16,,,7,9,,
2013/06/11,04,18,,,8,10,,
2013/06/11,05,17,,,7,10,,
2013/06/11,06,17,,,8,9,,
2013/06/11,07,15,,,7,7,,
2013/06/11,08,15,,,8,8,,
2013/06/11,09,14,,,7,7,,
2013/06/11,10,16,,,9,7,,
2013/06/11,11,15,,,8,7,,
2013/06/11,12,16,,,9,7,,
2013/06/11,13,16,,,9,7,,
2013/06/11,14,16,,,9,7,,
2013/06/11,15,16,,,9,8,,
2013/06/11,16,18,,,11,7,,
2013/06/11,17,17,,,9,8,,
2013/06/11,18,19,,,10,9,,
2013/06/11,19,18,,,9,9,,
2013/06/11,20,18,,,9,9,,
2013/06/11,21,17,,,8,9,,
2013/06/11,22,18,,,8,10,,
2013/06/11,23,17,,,8,9,,
2013/06/11,24,18,,,8,10,,
2013/06/12,01,17,,,8,9,,
2013/06/12,02,17,,,8,9,,
2013/06/12,03,17,,,8,9,,
2013/06/12,04,19,,,9,10,,
2013/06/12,05,17,,,7,10,,
2013/06/12,06,17,,,8,9,,
2013/06/12,07,15,,,8,7,,
2013/06/12,08,15,,,8,7,,
2013/06/12,09,15,,,7,8,,
2013/06/12,10,16,,,9,7,,
2013/06/12,11,15,,,8,7,,
2013/06/12,12,16,,,9,7,,
2013/06/12,13,16,,,9,7,,
2013/06/12,14,16,,,9,7,,
2013/06/12,15,15,,,8,7,,
2013/06/12,16,16,,,9,8,,
2013/06/12,17,18,,,8,9,,
2013/06/12,18,20,,,10,10,,
2013/06/12,19,18,,,9,9,,
2013/06/12,20,18,,,8,9,,
2013/06/12,21,17,,,7,9,,
2013/06/12,22,18,,,8,9,,
2013/06/12,23,17,,,7,10,,
2013/06/12,24,17,,,8,9,,
2013/06/13,01,17,,,8,9,,
2013/06/13,02,19,,,10,9,,
2013/06/13,03,16,,,7,9,,
2013/06/13,04,18,,,9,9,,
2013/06/13,05,18,,,8,10,,
2013/06/13,06,17,,,8,10,,
2013/06/13,07,17,,,7,10,,
2013/06/13,08,17,,,8,9,,
2013/06/13,09,16,,,7,9,,
2013/06/13,10,18,,,9,8,,
2013/06/13,11,15,,,8,7,,
2013/06/13,12,16,,,9,8,,
2013/06/13,13,16,,,9,7,,
2013/06/13,14,17,,,9,8,,
2013/06/13,15,18,,,9,9,,
2013/06/13,16,19,,,10,9,,
2013/06/13,17,19,,,9,10,,
2013/06/13,18,18,,,8,9,,
2013/06/13,19,17,,,8,9,,
2013/06/13,20,19,,,10,10,,
2013/06/13,21,16,,,7,9,,
2013/06/13,22,18,,,9,9,,
2013/06/13,23,17,,,8,9,,
2013/06/13,24,18,,,9,9,,
2013/06/14,01,18,,,9,9,,
2013/06/14,02,20,,,11,9,,
2013/06/14,03,17,,,8,9,,
2013/06/14,04,19,,,9,9,,
2013/06/14,05,19,,,8,10,,
2013/06/14,06,18,,,9,9,,
2013/06/14,07,18,,,8,10,,
2013/06/14,08,16,,,8,8,,
2013/06/14,09,15,,,8,7,,
2013/06/14,10,18,,,10,8,,
2013/06/14,11,16,,,9,7,,
2013/06/14,12,17,,,10,7,,
2013/06/14,13,18,,,11,7,,
2013/06/14,14,17,,,10,7,,
2013/06/14,15,17,,,10,7,,
2013/06/14,16,17,,,10,7,,
2013/06/14,17,19,,,9,9,,
2013/06/14,18,20,,,10,9,,
2013/06/14,19,18,,,9,9,,
2013/06/14,20,18,,,9,9,,
2013/06/14,21,17,,,8,9,,
2013/06/14,22,19,,,9,10,,
2013/06/14,23,17,,,8,9,,
2013/06/14,24,18,,,9,9,,
2013/06/15,01,19,,,10,9,,
2013/06/15,02,20,,,10,9,,
2013/06/15,03,18,,,9,9,,
2013/06/15,04,19,,,9,10,,
2013/06/15,05,18,,,8,11,,
2013/06/15,06,17,,,8,9,,
2013/06/15,07,17,,,8,9,,
2013/06/15,08,16,,,9,7,,
2013/06/15,09,14,,,8,7,,
2013/06/15,10,17,,,10,8,,
2013/06/15,11,15,,,9,7,,
2013/06/15,12,18,,,10,8,,
2013/06/15,13,17,,,10,7,,
2013/06/15,14,17,,,10,7,,
2013/06/15,15,17,,,9,7,,
2013/06/15,16,18,,,11,7,,
2013/06/15,17,18,,,11,7,,
2013/06/15,18,19,,,10,9,,
2013/06/15,19,19,,,10,10,,
2013/06/15,20,18,,,9,9,,
2013/06/15,21,17,,,8,9,,
2013/06/15,22,20,,,11,9,,
2013/06/15,23,18,,,8,10,,
2013/06/15,24,17,,,8,9,,
2013/06/16,01,19,,,10,9,,
2013/06/16,02,20,,,11,9,,
2013/06/16,03,17,,,8,9,,
2013/06/16,04,19,,,9,9,,
2013/06/16,05,18,,,8,10,,
2013/06/16,06,17,,,8,9,,
2013/06/16,07,16,,,8,8,,
2013/06/16,08,15,,,8,7,,
2013/06/16,09,14,,,8,7,,
2013/06/16,10,18,,,10,8,,
2013/06/16,11,16,,,9,7,,
2013/06/16,12,17,,,11,7,,
2013/06/16,13,17,,,10,7,,
2013/06/16,14,16,,,9,7,,
2013/06/16,15,20,,,12,7,,
2013/06/16,16,18,,,11,7,,
2013/06/16,17,19,,,11,8,,
2013/06/16,18,19,,,9,9,,
2013/06/16,19,18,,,9,9,,
2013/06/16,20,18,,,8,9,,
2013/06/16,21,18,,,8,9,,
2013/06/16,22,18,,,9,9,,
2013/06/16,23,17,,,8,9,,
2013/06/16,24,18,,,9,9,,
2013/06/17,01,18,,,8,9,,
2013/06/17,02,17,,,8,9,,
2013/06/17,03,17,,,7,9,,
2013/06/17,04,19,,,9,9,,
2013/06/17,05,19,,,8,11,,
2013/06/17,06,17,,,8,9,,
2013/06/17,07,15,,,7,8,,
2013/06/17,08,15,,,8,7,,
2013/06/17,09,14,,,7,7,,
2013/06/17,10,17,,,9,8,,
2013/06/17,11,15,,,9,7,,
2013/06/17,12,16,,,9,7,,
2013/06/17,13,17,,,10,7,,
2013/06/17,14,17,,,10,7,,
2013/06/17,15,16,,,9,7,,
2013/06/17,16,18,,,11,7,,
2013/06/17,17,17,,,10,7,,
2013/06/17,18,19,,,10,9,,
2013/06/17,19,19,,,10,10,,
2013/06/17,20,18,,,8,9,,
2013/06/17,21,16,,,7,9,,
2013/06/17,22,19,,,9,9,,
2013/06/17,23,17,,,8,10,,
2013/06/17,24,17,,,8,9,,
2013/06/18,01,17,,,8,9,,
2013/06/18,02,18,,,9,9,,
2013/06/18,03,17,,,8,9,,
2013/06/18,04,18,,,9,10,,
2013/06/18,05,18,,,7,10,,
2013/06/18,06,17,,,8,9,,
2013/06/18,07,18,,,8,9,,
2013/06/18,08,17,,,8,9,,
2013/06/18,09,15,,,7,7,,
2013/06/18,10,16,,,9,7,,
2013/06/18,11,15,,,8,7,,
2013/06/18,12,17,,,10,7,,
2013/06/18,13,17,,,9,7,,
2013/06/18,14,16,,,9,8,,
2013/06/18,15,16,,,9,7,,
2013/06/18,16,17,,,10,7,,
2013/06/18,17,18,,,9,9,,
2013/06/18,18,18,,,9,10,,
2013/06/18,19,19,,,9,9,,
2013/06/18,20,18,,,8,9,,
2013/06/18,21,16,,,7,9,,
2013/06/18,22,18,,,9,9,,
2013/06/18,23,17,,,8,9,,
2013/06/18,24,17,,,8,9,,
2013/06/19,01,18,,,9,9,,
2013/06/19,02,18,,,9,9,,
2013/06/19,03,17,,,8,9,,
2013/06/19,04,19,,,9,10,,
2013/06/19,05,17,,,7,9,,
2013/06/19,06,17,,,8,9,,
2013/06/19,07,18,,,9,9,,
2013/06/19,08,19,,,9,10,,
2013/06/19,09,16,,,8,8,,
2013/06/19,10,16,,,9,7,,
2013/06/19,11,15,,,8,7,,
2013/06/19,12,17,,,10,7,,
2013/06/19,13,17,,,10,7,,
2013/06/19,14,18,,,11,8,,
2013/06/19,15,18,,,10,8,,
2013/06/19,16,19,,,12,7,,
2013/06/19,17,17,,,10,8,,
2013/06/19,18,19,,,10,10,,
2013/06/19,19,18,,,9,9,,
2013/06/19,20,18,,,9,9,,
2013/06/19,21,18,,,8,9,,
2013/06/19,22,19,,,10,9,,
2013/06/19,23,17,,,8,9,,
2013/06/19,24,18,,,9,9,,
2013/06/20,01,18,,,9,9,,
2013/06/20,02,19,,,10,9,,
2013/06/20,03,17,,,8,9,,
2013/06/20,04,19,,,10,9,,
2013/06/20,05,19,,,8,10,,
2013/06/20,06,19,,,9,10,,
2013/06/20,07,18,,,9,9,,
2013/06/20,08,16,,,9,7,,
2013/06/20,09,15,,,8,7,,
2013/06/20,10,18,,,10,8,,
2013/06/20,11,17,,,9,7,,
2013/06/20,12,17,,,10,7,,
2013/06/20,13,18,,,10,8,,
2013/06/20,14,18,,,10,7,,
2013/06/20,15,18,,,11,8,,
2013/06/20,16,17,,,10,7,,
2013/06/20,17,17,,,9,8,,
2013/06/20,18,20,,,10,10,,
2013/06/20,19,18,,,8,9,,
2013/06/20,20,19,,,10,10,,
2013/06/20,21,17,,,7,9,,
2013/06/20,22,19,,,9,9,,
2013/06/20,23,17,,,8,9,,
2013/06/20,24,18,,,9,9,,
2013/06/21,01,19,,,10,9,,
2013/06/21,02,19,,,10,9,,
2013/06/21,03,18,,,9,9,,
2013/06/21,04,20,,,10,10,,
2013/06/21,05,18,,,8,10,,
2013/06/21,06,18,,,9,9,,
2013/06/21,07,16,,,9,7,,
2013/06/21,08,16,,,9,7,,
2013/06/21,09,15,,,8,7,,
2013/06/21,10,18,,,11,7,,
2013/06/21,11,16,,,9,7,,
2013/06/21,12,17,,,10,7,,
2013/06/21,13,17,,,10,7,,
2013/06/21,14,17,,,10,7,,
2013/06/21,15,17,,,9,8,,
2013/06/21,16,16,,,9,7,,
2013/06/21,17,17,,,9,8,,
2013/06/21,18,20,,,10,9,,
2013/06/21,19,18,,,8,9,,
2013/06/21,20,20,,,10,9,,
2013/06/21,21,17,,,7,9,,
2013/06/21,22,18,,,9,9,,
2013/06/21,23,18,,,9,9,,
2013/06/21,24,19,,,10,9,,
2013/06/22,01,18,,,9,9,,
2013/06/22,02,19,,,10,9,,
2013/06/22,03,17,,,8,9,,
2013/06/22,04,19,,,10,9,,
2013/06/22,05,19,,,9,11,,
2013/06/22,06,18,,,9,9,,
2013/06/22,07,18,,,9,10,,
2013/06/22,08,17,,,9,9,,
2013/06/22,09,15,,,8,7,,
2013/06/22,10,18,,,10,8,,
2013/06/22,11,15,,,8,7,,
2013/06/22,12,19,,,11,8,,
2013/06/22,13,17,,,8,9,,
2013/06/22,14,20,,,10,10,,
2013/06/22,15,19,,,9,10,,
2013/06/22,16,19,,,9,10,,
2013/06/22,17,18,,,9,9,,
2013/06/22,18,19,,,9,10,,
2013/06/22,19,19,,,9,9,,
2013/06/22,20,19,,,10,9,,
2013/06/22,21,16,,,7,9,,
2013/06/22,22,19,,,10,9,,
2013/06/22,23,18,,,8,9,,
2013/06/22,24,18,,,9,9,,
2013/06/23,01,18,,,9,9,,
2013/06/23,02,19,,,10,9,,
2013/06/23,03,17,,,8,9,,
2013/06/23,04,19,,,10,9,,
2013/06/23,05,19,,,8,10,,
2013/06/23,06,18,,,9,9,,
2013/06/23,07,18,,,9,10,,
2013/06/23,08,18,,,9,9,,
2013/06/23,09,17,,,7,9,,
2013/06/23,10,20,,,10,10,,
2013/06/23,11,19,,,9,10,,
2013/06/23,12,19,,,9,10,,
2013/06/23,13,19,,,9,10,,
2013/06/23,14,18,,,8,10,,
2013/06/23,15,19,,,9,10,,
2013/06/23,16,18,,,9,9,,
2013/06/23,17,19,,,10,9,,
2013/06/23,18,19,,,10,9,,
2013/06/23,19,18,,,9,9,,
2013/06/23,20,18,,,9,9,,
2013/06/23,21,17,,,8,9,,
2013/06/23,22,19,,,10,9,,
2013/06/23,23,17,,,8,9,,
2013/06/23,24,18,,,9,9,,
2013/06/24,01,18,,,9,9,,
2013/06/24,02,18,,,8,9,,
2013/06/24,03,16,,,7,9,,
2013/06/24,04,19,,,10,9,,
2013/06/24,05,19,,,9,10,,
2013/06/24,06,18,,,9,9,,
2013/06/24,07,16,,,8,7,,
2013/06/24,08,15,,,8,7,,
2013/06/24,09,14,,,8,7,,
2013/06/24,10,18,,,10,8,,
2013/06/24,11,16,,,9,7,,
2013/06/24,12,17,,,10,7,,
2013/06/24,13,17,,,10,7,,
2013/06/24,14,16,,,9,7,,
2013/06/24,15,17,,,10,8,,
2013/06/24,16,19,,,12,7,,
2013/06/24,17,18,,,10,7,,
2013/06/24,18,19,,,10,9,,
2013/06/24,19,18,,,9,9,,
2013/06/24,20,19,,,9,9,,
2013/06/24,21,17,,,8,9,,
2013/06/24,22,20,,,10,9,,
2013/06/24,23,18,,,8,10,,
2013/06/24,24,18,,,8,9,,
2013/06/25,01,18,,,9,9,,
2013/06/25,02,19,,,10,9,,
2013/06/25,03,17,,,8,9,,
2013/06/25,04,19,,,9,10,,
2013/06/25,05,17,,,8,9,,
2013/06/25,06,17,,,9,9,,
2013/06/25,07,16,,,8,7,,
2013/06/25,08,16,,,9,7,,
2013/06/25,09,15,,,7,8,,
2013/06/25,10,16,,,10,7,,
2013/06/25,11,16,,,9,7,,
2013/06/25,12,16,,,9,7,,
2013/06/25,13,17,,,10,8,,
2013/06/25,14,17,,,9,7,,
2013/06/25,15,16,,,9,7,,
2013/06/25,16,17,,,10,8,,
2013/06/25,17,19,,,9,10,,
2013/06/25,18,19,,,9,9,,
2013/06/25,19,19,,,9,10,,
2013/06/25,20,18,,,8,9,,
2013/06/25,21,17,,,7,9,,
2013/06/25,22,19,,,9,9,,
2013/06/25,23,17,,,8,10,,
2013/06/25,24,18,,,8,10,,
2013/06/26,01,17,,,8,9,,
2013/06/26,02,17,,,8,9,,
2013/06/26,03,18,,,9,9,,
2013/06/26,04,19,,,9,10,,
2013/06/26,05,18,,,8,10,,
2013/06/26,06,18,,,8,9,,
2013/06/26,07,17,,,8,9,,
2013/06/26,08,16,,,7,9,,
2013/06/26,09,14,,,7,7,,
2013/06/26,10,16,,,8,8,,
2013/06/26,11,16,,,8,7,,
2013/06/26,12,15,,,8,7,,
2013/06/26,13,16,,,9,7,,
2013/06/26,14,15,,,8,7,,
2013/06/26,15,17,,,10,7,,
2013/06/26,16,17,,,10,7,,
2013/06/26,17,16,,,8,8,,
2013/06/26,18,17,,,8,9,,
2013/06/26,19,17,,,8,10,,
2013/06/26,20,17,,,8,10,,
2013/06/26,21,16,,,6,10,,
2013/06/26,22,18,,,8,9,,
2013/06/26,23,17,,,8,10,,
2013/06/26,24,17,,,7,9,,
2013/06/27,01,17,,,8,9,,
2013/06/27,02,17,,,8,9,,
2013/06/27,03,17,,,7,9,,
2013/06/27,04,18,,,8,10,,
2013/06/27,05,17,,,7,10,,
2013/06/27,06,17,,,7,9,,
2013/06/27,07,15,,,8,8,,
2013/06/27,08,14,,,7,7,,
2013/06/27,09,14,,,7,7,,
2013/06/27,10,18,,,10,8,,
2013/06/27,11,16,,,9,7,,
2013/06/27,12,16,,,9,7,,
2013/06/27,13,17,,,10,7,,
2013/06/27,14,17,,,9,8,,
2013/06/27,15,17,,,10,7,,
2013/06/27,16,17,,,10,7,,
2013/06/27,17,17,,,9,7,,
2013/06/27,18,19,,,10,9,,
2013/06/27,19,18,,,9,9,,
2013/06/27,20,17,,,8,9,,
2013/06/27,21,16,,,7,9,,
2013/06/27,22,18,,,8,9,,
2013/06/27,23,18,,,9,9,,
2013/06/27,24,19,,,9,10,,
2013/06/28,01,18,,,9,9,,
2013/06/28,02,19,,,9,9,,
2013/06/28,03,18,,,8,9,,
2013/06/28,04,19,,,9,10,,
2013/06/28,05,18,,,8,10,,
2013/06/28,06,17,,,8,9,,
2013/06/28,07,16,,,8,7,,
2013/06/28,08,15,,,8,7,,
2013/06/28,09,14,,,8,7,,
2013/06/28,10,17,,,9,8,,
2013/06/28,11,17,,,10,7,,
2013/06/28,12,17,,,11,7,,
2013/06/28,13,18,,,11,7,,
2013/06/28,14,18,,,10,7,,
2013/06/28,15,18,,,11,7,,
2013/06/28,16,19,,,11,7,,
2013/06/28,17,18,,,11,7,,
2013/06/28,18,19,,,10,9,,
2013/06/28,19,21,,,11,10,,
2013/06/28,20,19,,,10,10,,
2013/06/28,21,17,,,8,10,,
2013/06/28,22,20,,,11,9,,
2013/06/28,23,19,,,10,9,,
2013/06/28,24,19,,,10,9,,
2013/06/29,01,19,,,10,9,,
2013/06/29,02,19,,,10,9,,
2013/06/29,03,18,,,9,9,,
2013/06/29,04,19,,,10,9,,
2013/06/29,05,19,,,8,10,,
2013/06/29,06,18,,,9,9,,
2013/06/29,07,18,,,9,10,,
2013/06/29,08,17,,,9,8,,
2013/06/29,09,15,,,8,7,,
2013/06/29,10,17,,,10,8,,
2013/06/29,11,17,,,10,7,,
2013/06/29,12,18,,,11,7,,
2013/06/29,13,19,,,11,7,,
2013/06/29,14,18,,,11,7,,
2013/06/29,15,18,,,11,7,,
2013/06/29,16,19,,,11,7,,
2013/06/29,17,19,,,11,8,,
2013/06/29,18,19,,,10,9,,
2013/06/29,19,19,,,10,10,,
2013/06/29,20,19,,,10,9,,
2013/06/29,21,17,,,7,9,,
2013/06/29,22,20,,,10,9,,
2013/06/29,23,18,,,9,10,,
2013/06/29,24,19,,,9,10,,
2013/06/30,01,18,,,9,9,,
2013/06/30,02,20,,,10,9,,
2013/06/30,03,17,,,8,9,,
2013/06/30,04,19,,,9,9,,
2013/06/30,05,18,,,8,10,,
2013/06/30,06,18,,,9,9,,
2013/06/30,07,18,,,9,10,,
2013/06/30,08,18,,,8,9,,
2013/06/30,09,17,,,8,9,,
2013/06/30,10,19,,,10,9,,
2013/06/30,11,17,,,10,7,,
2013/06/30,12,17,,,10,7,,
2013/06/30,13,17,,,10,8,,
2013/06/30,14,17,,,9,8,,
2013/06/30,15,17,,,10,7,,
2013/06/30,16,16,,,9,7,,
2013/06/30,17,18,,,10,8,,
2013/06/30,18,20,,,12,8,,
2013/06/30,19,18,,,9,9,,
2013/06/30,20,18,,,8,9,,
2013/06/30,21,17,,,8,9,,
2013/06/30,22,18,,,9,9,,
2013/06/30,23,17,,,8,9,,
2013/06/30,24,17,,,8,9,,
2013/07/01,01,17,,,8,9,,
2013/07/01,02,18,,,9,9,,
2013/07/01,03,16,,,7,9,,
2013/07/01,04,19,,,10,9,,
2013/07/01,05,19,,,9,10,,
2013/07/01,06,18,,,9,9,,
2013/07/01,07,18,,,9,10,,
2013/07/01,08,17,,,9,9,,
2013/07/01,09,15,,,8,7,,
2013/07/01,10,18,,,10,8,,
2013/07/01,11,17,,,9,8,,
2013/07/01,12,17,,,9,7,,
2013/07/01,13,17,,,10,7,,
2013/07/01,14,16,,,9,7,,
2013/07/01,15,17,,,9,7,,
2013/07/01,16,17,,,9,8,,
2013/07/01,17,19,,,10,9,,
2013/07/01,18,19,,,9,10,,
2013/07/01,19,19,,,9,10,,
2013/07/01,20,18,,,9,9,,
2013/07/01,21,16,,,7,9,,
2013/07/01,22,18,,,8,10,,
2013/07/01,23,19,,,9,9,,
2013/07/01,24,18,,,9,9,,
2013/07/02,01,18,,,9,9,,
2013/07/02,02,19,,,9,9,,
2013/07/02,03,17,,,8,9,,
2013/07/02,04,19,,,9,10,,
2013/07/02,05,18,,,8,10,,
2013/07/02,06,17,,,8,9,,
2013/07/02,07,18,,,8,9,,
2013/07/02,08,18,,,8,10,,
2013/07/02,09,17,,,7,10,,
2013/07/02,10,17,,,9,8,,
2013/07/02,11,16,,,9,7,,
2013/07/02,12,16,,,9,7,,
2013/07/02,13,17,,,10,7,,
2013/07/02,14,17,,,9,8,,
2013/07/02,15,17,,,9,7,,
2013/07/02,16,18,,,10,7,,
2013/07/02,17,18,,,10,8,,
2013/07/02,18,19,,,10,9,,
2013/07/02,19,19,,,10,9,,
2013/07/02,20,19,,,10,9,,
2013/07/02,21,16,,,7,9,,
2013/07/02,22,18,,,9,9,,
2013/07/02,23,19,,,9,10,,
2013/07/02,24,19,,,10,9,,
2013/07/03,01,18,,,9,9,,
2013/07/03,02,19,,,9,9,,
2013/07/03,03,17,,,8,9,,
2013/07/03,04,19,,,9,10,,
2013/07/03,05,18,,,8,10,,
2013/07/03,06,17,,,8,9,,
2013/07/03,07,16,,,8,8,,
2013/07/03,08,15,,,8,7,,
2013/07/03,09,14,,,7,7,,
2013/07/03,10,18,,,10,7,,
2013/07/03,11,17,,,9,7,,
2013/07/03,12,17,,,10,7,,
2013/07/03,13,17,,,10,7,,
2013/07/03,14,18,,,11,7,,
2013/07/03,15,18,,,11,7,,
2013/07/03,16,19,,,12,7,,
2013/07/03,17,18,,,10,8,,
2013/07/03,18,20,,,11,9,,
2013/07/03,19,19,,,9,9,,
2013/07/03,20,19,,,9,9,,
2013/07/03,21,16,,,7,9,,
2013/07/03,22,20,,,11,9,,
2013/07/03,23,19,,,9,9,,
2013/07/03,24,18,,,9,10,,
2013/07/04,01,18,,,9,9,,
2013/07/04,02,19,,,10,9,,
2013/07/04,03,17,,,8,9,,
2013/07/04,04,19,,,10,10,,
2013/07/04,05,18,,,8,10,,
2013/07/04,06,18,,,9,9,,
2013/07/04,07,18,,,9,10,,
2013/07/04,08,17,,,9,8,,
2013/07/04,09,14,,,7,7,,
2013/07/04,10,17,,,10,8,,
2013/07/04,11,16,,,10,7,,
2013/07/04,12,18,,,11,7,,
2013/07/04,13,19,,,11,8,,
2013/07/04,14,17,,,10,8,,
2013/07/04,15,20,,,10,10,,
2013/07/04,16,19,,,10,9,,
2013/07/04,17,20,,,10,9,,
2013/07/04,18,20,,,11,9,,
2013/07/04,19,19,,,9,10,,
2013/07/04,20,19,,,9,10,,
2013/07/04,21,17,,,7,9,,
2013/07/04,22,19,,,10,9,,
2013/07/04,23,18,,,9,10,,
2013/07/04,24,18,,,9,9,,
2013/07/05,01,18,,,9,9,,
2013/07/05,02,19,,,10,9,,
2013/07/05,03,18,,,8,9,,
2013/07/05,04,19,,,10,10,,
2013/07/05,05,19,,,8,10,,
2013/07/05,06,19,,,9,10,,
2013/07/05,07,19,,,9,10,,
2013/07/05,08,17,,,9,8,,
2013/07/05,09,15,,,8,7,,
2013/07/05,10,19,,,10,9,,
2013/07/05,11,16,,,9,7,,
2013/07/05,12,17,,,9,8,,
2013/07/05,13,17,,,10,8,,
2013/07/05,14,18,,,9,9,,
2013/07/05,15,18,,,10,8,,
2013/07/05,16,19,,,10,9,,
2013/07/05,17,18,,,9,9,,
2013/07/05,18,20,,,10,9,,
2013/07/05,19,18,,,9,9,,
2013/07/05,20,18,,,8,9,,
2013/07/05,21,17,,,8,9,,
2013/07/05,22,19,,,9,9,,
2013/07/05,23,17,,,8,9,,
2013/07/05,24,18,,,8,9,,
2013/07/06,01,18,,,8,9,,
2013/07/06,02,19,,,10,9,,
2013/07/06,03,17,,,8,9,,
2013/07/06,04,19,,,9,10,,
2013/07/06,05,18,,,8,10,,
2013/07/06,06,17,,,8,9,,
2013/07/06,07,19,,,10,9,,
2013/07/06,08,18,,,9,9,,
2013/07/06,09,17,,,8,10,,
2013/07/06,10,19,,,9,10,,
2013/07/06,11,18,,,8,9,,
2013/07/06,12,19,,,9,10,,
2013/07/06,13,18,,,9,10,,
2013/07/06,14,18,,,9,9,,
2013/07/06,15,18,,,10,8,,
2013/07/06,16,20,,,10,9,,
2013/07/06,17,20,,,10,10,,
2013/07/06,18,19,,,9,9,,
2013/07/06,19,19,,,10,9,,
2013/07/06,20,18,,,9,9,,
2013/07/06,21,16,,,7,9,,
2013/07/06,22,20,,,11,10,,
2013/07/06,23,18,,,9,9,,
2013/07/06,24,18,,,9,9,,
2013/07/07,01,18,,,9,9,,
2013/07/07,02,19,,,10,9,,
2013/07/07,03,17,,,8,9,,
2013/07/07,04,19,,,9,9,,
2013/07/07,05,19,,,8,10,,
2013/07/07,06,19,,,9,10,,
2013/07/07,07,18,,,9,10,,
2013/07/07,08,19,,,9,9,,
2013/07/07,09,17,,,8,9,,
2013/07/07,10,20,,,10,10,,
2013/07/07,11,19,,,10,9,,
2013/07/07,12,19,,,10,9,,
2013/07/07,13,18,,,10,8,,
2013/07/07,14,19,,,10,10,,
2013/07/07,15,19,,,10,10,,
2013/07/07,16,19,,,10,10,,
2013/07/07,17,19,,,10,10,,
2013/07/07,18,19,,,10,9,,
2013/07/07,19,19,,,9,9,,
2013/07/07,20,19,,,10,10,,
2013/07/07,21,17,,,8,9,,
2013/07/07,22,19,,,10,9,,
2013/07/07,23,18,,,8,10,,
2013/07/07,24,18,,,9,9,,
2013/07/08,01,18,,,9,9,,
2013/07/08,02,18,,,9,9,,
2013/07/08,03,17,,,8,9,,
2013/07/08,04,20,,,10,10,,
2013/07/08,05,19,,,9,10,,
2013/07/08,06,18,,,9,9,,
2013/07/08,07,19,,,9,10,,
2013/07/08,08,18,,,9,9,,
2013/07/08,09,17,,,8,9,,
2013/07/08,10,19,,,10,9,,
2013/07/08,11,18,,,10,8,,
2013/07/08,12,18,,,11,7,,
2013/07/08,13,19,,,12,8,,
2013/07/08,14,18,,,11,8,,
2013/07/08,15,19,,,12,8,,
2013/07/08,16,20,,,11,9,,
2013/07/08,17,20,,,12,8,,
2013/07/08,18,20,,,11,9,,
2013/07/08,19,21,,,11,9,,
2013/07/08,20,20,,,10,10,,
2013/07/08,21,17,,,8,9,,
2013/07/08,22,19,,,10,9,,
2013/07/08,23,20,,,10,9,,
2013/07/08,24,21,,,11,9,,
2013/07/09,01,19,,,10,9,,
2013/07/09,02,19,,,10,9,,
2013/07/09,03,19,,,10,9,,
2013/07/09,04,20,,,11,10,,
2013/07/09,05,19,,,9,10,,
2013/07/09,06,19,,,10,9,,
2013/07/09,07,20,,,10,10,,
2013/07/09,08,18,,,10,8,,
2013/07/09,09,17,,,9,8,,
2013/07/09,10,20,,,12,8,,
2013/07/09,11,18,,,11,7,,
2013/07/09,12,19,,,12,7,,
2013/07/09,13,20,,,13,7,,
2013/07/09,14,20,,,12,8,,
2013/07/09,15,21,,,12,10,,
2013/07/09,16,23,,,13,10,,
2013/07/09,17,21,,,12,10,,
2013/07/09,18,21,,,12,10,,
2013/07/09,19,21,,,12,10,,
2013/07/09,20,19,,,10,9,,
2013/07/09,21,18,,,9,9,,
2013/07/09,22,21,,,12,9,,
2013/07/09,23,20,,,10,10,,
2013/07/09,24,19,,,10,10,,
2013/07/10,01,19,,,10,9,,
2013/07/10,02,20,,,10,9,,
2013/07/10,03,18,,,8,9,,
2013/07/10,04,20,,,11,9,,
2013/07/10,05,19,,,9,11,,
2013/07/10,06,18,,,9,9,,
2013/07/10,07,19,,,10,10,,
2013/07/10,08,19,,,9,10,,
2013/07/10,09,17,,,8,9,,
2013/07/10,10,21,,,11,10,,
2013/07/10,11,18,,,9,9,,
2013/07/10,12,17,,,10,7,,
2013/07/10,13,20,,,12,8,,
2013/07/10,14,18,,,11,8,,
2013/07/10,15,18,,,11,7,,
2013/07/10,16,20,,,13,7,,
2013/07/10,17,19,,,11,9,,
2013/07/10,18,20,,,11,9,,
2013/07/10,19,20,,,10,9,,
2013/07/10,20,19,,,10,9,,
2013/07/10,21,17,,,8,9,,
2013/07/10,22,19,,,10,9,,
2013/07/10,23,18,,,9,9,,
2013/07/10,24,18,,,9,9,,
2013/07/11,01,18,,,9,9,,
2013/07/11,02,19,,,10,9,,
2013/07/11,03,17,,,8,9,,
2013/07/11,04,20,,,10,10,,
2013/07/11,05,19,,,9,10,,
2013/07/11,06,19,,,9,9,,
2013/07/11,07,17,,,9,8,,
2013/07/11,08,16,,,10,7,,
2013/07/11,09,15,,,9,7,,
2013/07/11,10,19,,,12,7,,
2013/07/11,11,17,,,10,7,,
2013/07/11,12,18,,,11,7,,
2013/07/11,13,19,,,12,7,,
2013/07/11,14,19,,,12,7,,
2013/07/11,15,19,,,12,8,,
2013/07/11,16,20,,,12,7,,
2013/07/11,17,19,,,11,8,,
2013/07/11,18,22,,,12,10,,
2013/07/11,19,20,,,11,10,,
2013/07/11,20,19,,,10,9,,
2013/07/11,21,18,,,9,9,,
2013/07/11,22,20,,,10,9,,
2013/07/11,23,21,,,12,9,,
2013/07/11,24,20,,,11,9,,
2013/07/12,01,20,,,11,9,,
2013/07/12,02,21,,,11,9,,
2013/07/12,03,18,,,9,9,,
2013/07/12,04,21,,,11,10,,
2013/07/12,05,19,,,10,10,,
2013/07/12,06,20,,,11,9,,
2013/07/12,07,20,,,11,9,,
2013/07/12,08,18,,,11,7,,
2013/07/12,09,16,,,10,7,,
2013/07/12,10,20,,,13,7,,
2013/07/12,11,19,,,12,7,,
2013/07/12,12,20,,,13,7,,
2013/07/12,13,20,,,12,7,,
2013/07/12,14,19,,,12,8,,
2013/07/12,15,21,,,13,8,,
2013/07/12,16,22,,,13,9,,
2013/07/12,17,21,,,12,9,,
2013/07/12,18,21,,,12,9,,
2013/07/12,19,21,,,11,10,,
2013/07/12,20,19,,,10,9,,
2013/07/12,21,18,,,9,9,,
2013/07/12,22,21,,,11,9,,
2013/07/12,23,21,,,11,10,,
2013/07/12,24,21,,,12,9,,
2013/07/13,01,20,,,11,9,,
2013/07/13,02,20,,,11,9,,
2013/07/13,03,18,,,9,9,,
2013/07/13,04,21,,,11,10,,
2013/07/13,05,19,,,9,10,,
2013/07/13,06,19,,,10,9,,
2013/07/13,07,20,,,10,10,,
2013/07/13,08,19,,,10,9,,
2013/07/13,09,18,,,9,9,,
2013/07/13,10,21,,,11,10,,
2013/07/13,11,20,,,10,10,,
2013/07/13,12,20,,,10,9,,
2013/07/13,13,19,,,11,8,,
2013/07/13,14,18,,,11,7,,
2013/07/13,15,20,,,11,9,,
2013/07/13,16,20,,,10,9,,
2013/07/13,17,20,,,11,9,,
2013/07/13,18,20,,,10,10,,
2013/07/13,19,19,,,10,9,,
2013/07/13,20,18,,,9,9,,
2013/07/13,21,17,,,8,9,,
2013/07/13,22,21,,,11,9,,
2013/07/13,23,20,,,10,9,,
2013/07/13,24,19,,,9,9,,
2013/07/14,01,19,,,10,9,,
2013/07/14,02,20,,,11,9,,
2013/07/14,03,19,,,10,9,,
2013/07/14,04,20,,,10,10,,
2013/07/14,05,19,,,9,10,,
2013/07/14,06,19,,,10,10,,
2013/07/14,07,19,,,9,10,,
2013/07/14,08,19,,,9,9,,
2013/07/14,09,18,,,8,9,,
2013/07/14,10,21,,,10,10,,
2013/07/14,11,19,,,10,9,,
2013/07/14,12,19,,,10,10,,
2013/07/14,13,20,,,10,10,,
2013/07/14,14,19,,,9,10,,
2013/07/14,15,19,,,10,10,,
2013/07/14,16,19,,,10,10,,
2013/07/14,17,19,,,9,10,,
2013/07/14,18,19,,,10,10,,
2013/07/14,19,19,,,10,9,,
2013/07/14,20,19,,,9,10,,
2013/07/14,21,17,,,8,9,,
2013/07/14,22,19,,,10,9,,
2013/07/14,23,18,,,9,9,,
2013/07/14,24,18,,,9,9,,
2013/07/15,01,18,,,9,9,,
2013/07/15,02,17,,,8,9,,
2013/07/15,03,17,,,8,9,,
2013/07/15,04,20,,,10,9,,
2013/07/15,05,19,,,9,10,,
2013/07/15,06,19,,,9,9,,
2013/07/15,07,19,,,9,10,,
2013/07/15,08,18,,,9,9,,
2013/07/15,09,17,,,8,9,,
2013/07/15,10,20,,,10,10,,
2013/07/15,11,18,,,9,9,,
2013/07/15,12,19,,,10,9,,
2013/07/15,13,20,,,10,10,,
2013/07/15,14,19,,,9,10,,
2013/07/15,15,19,,,10,10,,
2013/07/15,16,19,,,10,9,,
2013/07/15,17,19,,,10,10,,
2013/07/15,18,20,,,10,10,,
2013/07/15,19,19,,,9,10,,
2013/07/15,20,19,,,9,10,,
2013/07/15,21,17,,,7,9,,
2013/07/15,22,19,,,9,10,,
2013/07/15,23,18,,,9,9,,
2013/07/15,24,18,,,9,9,,
2013/07/16,01,18,,,9,9,,
2013/07/16,02,19,,,10,9,,
2013/07/16,03,19,,,9,9,,
2013/07/16,04,18,,,9,9,,
2013/07/16,05,18,,,8,10,,
2013/07/16,06,17,,,8,9,,
2013/07/16,07,16,,,9,8,,
2013/07/16,08,16,,,9,7,,
2013/07/16,09,16,,,9,7,,
2013/07/16,10,18,,,10,8,,
2013/07/16,11,17,,,10,7,,
2013/07/16,12,18,,,11,7,,
2013/07/16,13,18,,,10,7,,
2013/07/16,14,18,,,11,7,,
2013/07/16,15,18,,,10,7,,
2013/07/16,16,19,,,10,8,,
2013/07/16,17,18,,,10,9,,
2013/07/16,18,20,,,10,9,,
2013/07/16,19,19,,,10,9,,
2013/07/16,20,19,,,9,10,,
2013/07/16,21,17,,,8,9,,
2013/07/16,22,19,,,10,9,,
2013/07/16,23,17,,,8,9,,
2013/07/16,24,18,,,9,10,,
2013/07/17,01,18,,,8,9,,
2013/07/17,02,18,,,9,9,,
2013/07/17,03,18,,,8,10,,
2013/07/17,04,19,,,10,9,,
2013/07/17,05,19,,,8,11,,
2013/07/17,06,17,,,8,9,,
2013/07/17,07,16,,,8,8,,
2013/07/17,08,17,,,10,7,,
2013/07/17,09,16,,,9,7,,
2013/07/17,10,19,,,11,8,,
2013/07/17,11,17,,,10,7,,
2013/07/17,12,19,,,12,7,,
2013/07/17,13,17,,,11,7,,
2013/07/17,14,18,,,11,7,,
2013/07/17,15,19,,,12,8,,
2013/07/17,16,19,,,11,8,,
2013/07/17,17,20,,,11,9,,
2013/07/17,18,21,,,11,10,,
2013/07/17,19,19,,,10,10,,
2013/07/17,20,18,,,9,9,,
2013/07/17,21,18,,,8,9,,
2013/07/17,22,19,,,10,10,,
2013/07/17,23,18,,,9,9,,
2013/07/17,24,18,,,9,9,,
2013/07/18,01,18,,,9,9,,
2013/07/18,02,19,,,10,9,,
2013/07/18,03,18,,,9,9,,
2013/07/18,04,19,,,10,9,,
2013/07/18,05,19,,,8,11,,
2013/07/18,06,18,,,9,9,,
2013/07/18,07,18,,,9,10,,
2013/07/18,08,18,,,9,9,,
2013/07/18,09,16,,,8,8,,
2013/07/18,10,18,,,10,8,,
2013/07/18,11,17,,,10,7,,
2013/07/18,12,17,,,11,7,,
2013/07/18,13,18,,,11,8,,
2013/07/18,14,18,,,11,7,,
2013/07/18,15,19,,,11,7,,
2013/07/18,16,18,,,11,7,,
2013/07/18,17,18,,,10,8,,
2013/07/18,18,20,,,10,9,,
2013/07/18,19,19,,,10,9,,
2013/07/18,20,19,,,10,9,,
2013/07/18,21,17,,,8,9,,
2013/07/18,22,20,,,11,9,,
2013/07/18,23,19,,,10,9,,
2013/07/18,24,19,,,10,9,,
2013/07/19,01,18,,,9,9,,
2013/07/19,02,20,,,10,9,,
2013/07/19,03,18,,,9,9,,
2013/07/19,04,19,,,10,9,,
2013/07/19,05,19,,,9,11,,
2013/07/19,06,19,,,10,9,,
2013/07/19,07,19,,,9,10,,
2013/07/19,08,17,,,10,8,,
2013/07/19,09,15,,,8,7,,
2013/07/19,10,19,,,11,8,,
2013/07/19,11,18,,,10,7,,
2013/07/19,12,18,,,11,7,,
2013/07/19,13,19,,,11,8,,
2013/07/19,14,19,,,11,8,,
2013/07/19,15,19,,,9,9,,
2013/07/19,16,18,,,10,8,,
2013/07/19,17,18,,,10,8,,
2013/07/19,18,20,,,10,9,,
2013/07/19,19,19,,,10,9,,
2013/07/19,20,19,,,9,9,,
2013/07/19,21,18,,,9,9,,
2013/07/19,22,20,,,11,9,,
2013/07/19,23,19,,,10,9,,
2013/07/19,24,19,,,10,9,,
2013/07/20,01,18,,,9,9,,
2013/07/20,02,19,,,10,9,,
2013/07/20,03,19,,,10,9,,
2013/07/20,04,21,,,11,11,,
2013/07/20,05,18,,,9,10,,
2013/07/20,06,19,,,10,9,,
2013/07/20,07,19,,,9,10,,
2013/07/20,08,19,,,9,9,,
2013/07/20,09,17,,,8,9,,
2013/07/20,10,21,,,12,9,,
2013/07/20,11,17,,,10,7,,
2013/07/20,12,20,,,11,10,,
2013/07/20,13,19,,,10,10,,
2013/07/20,14,19,,,9,10,,
2013/07/20,15,19,,,10,10,,
2013/07/20,16,19,,,9,10,,
2013/07/20,17,18,,,8,9,,
2013/07/20,18,19,,,9,9,,
2013/07/20,19,18,,,9,10,,
2013/07/20,20,18,,,8,9,,
2013/07/20,21,16,,,7,9,,
2013/07/20,22,18,,,9,9,,
2013/07/20,23,17,,,8,9,,
2013/07/20,24,17,,,8,9,,
2013/07/21,01,17,,,8,9,,
2013/07/21,02,18,,,9,9,,
2013/07/21,03,17,,,8,9,,
2013/07/21,04,19,,,9,10,,
2013/07/21,05,18,,,8,10,,
2013/07/21,06,18,,,9,9,,
2013/07/21,07,18,,,8,10,,
2013/07/21,08,18,,,8,9,,
2013/07/21,09,15,,,8,7,,
2013/07/21,10,16,,,9,8,,
2013/07/21,11,16,,,9,7,,
2013/07/21,12,17,,,10,7,,
2013/07/21,13,19,,,12,7,,
2013/07/21,14,18,,,11,7,,
2013/07/21,15,17,,,10,8,,
2013/07/21,16,18,,,10,7,,
2013/07/21,17,18,,,10,7,,
2013/07/21,18,19,,,10,9,,
2013/07/21,19,19,,,10,9,,
2013/07/21,20,19,,,9,9,,
2013/07/21,21,17,,,7,10,,
2013/07/21,22,19,,,10,9,,
2013/07/21,23,18,,,9,9,,
2013/07/21,24,18,,,9,9,,
2013/07/22,01,18,,,8,9,,
2013/07/22,02,18,,,9,9,,
2013/07/22,03,16,,,7,9,,
2013/07/22,04,19,,,10,9,,
2013/07/22,05,19,,,9,11,,
2013/07/22,06,19,,,9,10,,
2013/07/22,07,16,,,9,8,,
2013/07/22,08,17,,,8,9,,
2013/07/22,09,15,,,8,8,,
2013/07/22,10,17,,,10,8,,
2013/07/22,11,17,,,10,7,,
2013/07/22,12,17,,,10,7,,
2013/07/22,13,18,,,10,7,,
2013/07/22,14,17,,,10,7,,
2013/07/22,15,18,,,10,8,,
2013/07/22,16,17,,,10,7,,
2013/07/22,17,19,,,10,9,,
2013/07/22,18,20,,,10,10,,
2013/07/22,19,19,,,10,9,,
2013/07/22,20,19,,,9,10,,
2013/07/22,21,17,,,8,10,,
2013/07/22,22,20,,,10,10,,
2013/07/22,23,19,,,9,10,,
2013/07/22,24,19,,,10,9,,
2013/07/23,01,19,,,9,9,,
2013/07/23,02,19,,,10,9,,
2013/07/23,03,19,,,9,9,,
2013/07/23,04,19,,,10,10,,
2013/07/23,05,18,,,8,10,,
2013/07/23,06,18,,,9,10,,
2013/07/23,07,18,,,10,9,,
2013/07/23,08,16,,,9,7,,
2013/07/23,09,15,,,8,8,,
2013/07/23,10,19,,,11,8,,
2013/07/23,11,17,,,10,7,,
2013/07/23,12,18,,,11,7,,
2013/07/23,13,19,,,11,8,,
2013/07/23,14,18,,,11,7,,
2013/07/23,15,18,,,11,8,,
2013/07/23,16,18,,,11,8,,
2013/07/23,17,19,,,11,9,,
2013/07/23,18,22,,,12,10,,
2013/07/23,19,20,,,11,10,,
2013/07/23,20,19,,,10,9,,
2013/07/23,21,18,,,9,10,,
2013/07/23,22,20,,,11,10,,
2013/07/23,23,19,,,9,9,,
2013/07/23,24,19,,,9,10,,
2013/07/24,01,19,,,9,10,,
2013/07/24,02,20,,,11,9,,
2013/07/24,03,18,,,9,9,,
2013/07/24,04,19,,,10,10,,
2013/07/24,05,19,,,9,11,,
2013/07/24,06,18,,,9,9,,
2013/07/24,07,19,,,10,10,,
2013/07/24,08,20,,,10,10,,
2013/07/24,09,17,,,9,8,,
2013/07/24,10,20,,,10,9,,
2013/07/24,11,17,,,10,7,,
2013/07/24,12,19,,,12,8,,
2013/07/24,13,18,,,11,7,,
2013/07/24,14,20,,,13,7,,
2013/07/24,15,19,,,12,7,,
2013/07/24,16,19,,,12,7,,
2013/07/24,17,20,,,12,9,,
2013/07/24,18,20,,,11,10,,
2013/07/24,19,20,,,10,10,,
2013/07/24,20,19,,,10,9,,
2013/07/24,21,18,,,9,9,,
2013/07/24,22,20,,,10,9,,
2013/07/24,23,19,,,9,10,,
2013/07/24,24,19,,,10,9,,
2013/07/25,01,19,,,10,9,,
2013/07/25,02,20,,,10,9,,
2013/07/25,03,18,,,9,9,,
2013/07/25,04,20,,,10,9,,
2013/07/25,05,19,,,9,10,,
2013/07/25,06,19,,,10,10,,
2013/07/25,07,19,,,9,10,,
2013/07/25,08,17,,,9,7,,
2013/07/25,09,15,,,8,7,,
2013/07/25,10,18,,,11,7,,
2013/07/25,11,17,,,11,7,,
2013/07/25,12,17,,,11,7,,
2013/07/25,13,18,,,11,7,,
2013/07/25,14,20,,,12,8,,
2013/07/25,15,18,,,11,7,,
2013/07/25,16,18,,,11,7,,
2013/07/25,17,18,,,11,7,,
2013/07/25,18,19,,,11,8,,
2013/07/25,19,20,,,10,10,,
2013/07/25,20,19,,,10,9,,
2013/07/25,21,18,,,8,10,,
2013/07/25,22,20,,,10,9,,
2013/07/25,23,18,,,9,10,,
2013/07/25,24,19,,,9,10,,
2013/07/26,01,18,,,9,9,,
2013/07/26,02,20,,,10,9,,
2013/07/26,03,19,,,10,9,,
2013/07/26,04,20,,,10,10,,
2013/07/26,05,19,,,9,10,,
2013/07/26,06,19,,,9,10,,
2013/07/26,07,18,,,10,8,,
2013/07/26,08,18,,,11,7,,
2013/07/26,09,16,,,9,7,,
2013/07/26,10,19,,,11,8,,
2013/07/26,11,18,,,11,7,,
2013/07/26,12,19,,,11,7,,
2013/07/26,13,19,,,12,8,,
2013/07/26,14,18,,,11,7,,
2013/07/26,15,20,,,12,8,,
2013/07/26,16,19,,,12,7,,
2013/07/26,17,20,,,11,9,,
2013/07/26,18,21,,,11,10,,
2013/07/26,19,20,,,10,10,,
2013/07/26,20,19,,,10,9,,
2013/07/26,21,17,,,8,9,,
2013/07/26,22,21,,,11,10,,
2013/07/26,23,20,,,10,10,,
2013/07/26,24,20,,,10,9,,
2013/07/27,01,19,,,10,9,,
2013/07/27,02,20,,,11,9,,
2013/07/27,03,18,,,9,9,,
2013/07/27,04,20,,,10,10,,
2013/07/27,05,19,,,9,10,,
2013/07/27,06,19,,,9,10,,
2013/07/27,07,19,,,10,10,,
2013/07/27,08,18,,,9,9,,
2013/07/27,09,16,,,9,7,,
2013/07/27,10,19,,,11,8,,
2013/07/27,11,18,,,11,7,,
2013/07/27,12,18,,,10,8,,
2013/07/27,13,20,,,12,8,,
2013/07/27,14,18,,,11,7,,
2013/07/27,15,21,,,11,10,,
2013/07/27,16,19,,,10,9,,
2013/07/27,17,19,,,10,9,,
2013/07/27,18,20,,,10,9,,
2013/07/27,19,20,,,10,10,,
2013/07/27,20,19,,,9,9,,
2013/07/27,21,18,,,9,9,,
2013/07/27,22,19,,,10,9,,
2013/07/27,23,20,,,11,10,,
2013/07/27,24,20,,,10,9,,
2013/07/28,01,19,,,10,9,,
2013/07/28,02,19,,,10,9,,
2013/07/28,03,20,,,10,9,,
2013/07/28,04,20,,,10,9,,
2013/07/28,05,19,,,9,10,,
2013/07/28,06,19,,,10,10,,
2013/07/28,07,18,,,10,8,,
2013/07/28,08,17,,,10,7,,
2013/07/28,09,18,,,9,9,,
2013/07/28,10,21,,,11,10,,
2013/07/28,11,19,,,10,9,,
2013/07/28,12,20,,,11,9,,
2013/07/28,13,20,,,11,9,,
2013/07/28,14,20,,,11,10,,
2013/07/28,15,20,,,11,10,,
2013/07/28,16,20,,,12,8,,
2013/07/28,17,20,,,11,9,,
2013/07/28,18,21,,,11,10,,
2013/07/28,19,20,,,11,10,,
2013/07/28,20,20,,,11,9,,
2013/07/28,21,19,,,9,10,,
2013/07/28,22,21,,,12,10,,
2013/07/28,23,20,,,10,10,,
2013/07/28,24,20,,,10,10,,
2013/07/29,01,19,,,10,9,,
2013/07/29,02,18,,,9,9,,
2013/07/29,03,16,,,7,9,,
2013/07/29,04,22,,,13,10,,
2013/07/29,05,21,,,10,10,,
2013/07/29,06,20,,,11,10,,
2013/07/29,07,20,,,10,10,,
2013/07/29,08,20,,,10,10,,
2013/07/29,09,18,,,9,9,,
2013/07/29,10,22,,,12,10,,
2013/07/29,11,20,,,11,10,,
2013/07/29,12,21,,,11,10,,
2013/07/29,13,21,,,11,10,,
2013/07/29,14,19,,,11,8,,
2013/07/29,15,19,,,12,8,,
2013/07/29,16,19,,,12,8,,
2013/07/29,17,19,,,11,8,,
2013/07/29,18,20,,,12,8,,
2013/07/29,19,22,,,12,10,,
2013/07/29,20,21,,,11,10,,
2013/07/29,21,19,,,9,9,,
2013/07/29,22,21,,,11,10,,
2013/07/29,23,21,,,11,10,,
2013/07/29,24,22,,,13,10,,
2013/07/30,01,20,,,11,9,,
2013/07/30,02,21,,,11,9,,
2013/07/30,03,20,,,11,9,,
2013/07/30,04,22,,,12,10,,
2013/07/30,05,20,,,10,10,,
2013/07/30,06,21,,,11,9,,
2013/07/30,07,18,,,11,7,,
2013/07/30,08,18,,,11,8,,
2013/07/30,09,17,,,10,8,,
2013/07/30,10,21,,,13,8,,
2013/07/30,11,20,,,13,7,,
2013/07/30,12,23,,,15,8,,
2013/07/30,13,25,,,17,8,,
2013/07/30,14,24,,,17,7,,
2013/07/30,15,24,,,17,8,,
2013/07/30,16,23,,,16,8,,
2013/07/30,17,22,,,14,8,,
2013/07/30,18,22,,,14,8,,
2013/07/30,19,22,,,13,10,,
2013/07/30,20,22,,,12,10,,
2013/07/30,21,20,,,11,10,,
2013/07/30,22,23,,,13,10,,
2013/07/30,23,22,,,12,10,,
2013/07/30,24,23,,,14,10,,
2013/07/31,01,21,,,12,10,,
2013/07/31,02,21,,,12,9,,
2013/07/31,03,20,,,10,9,,
2013/07/31,04,22,,,13,9,,
2013/07/31,05,21,,,10,11,,
2013/07/31,06,20,,,11,9,,
2013/07/31,07,19,,,12,7,,
2013/07/31,08,20,,,12,8,,
2013/07/31,09,18,,,11,8,,
2013/07/31,10,22,,,14,8,,
2013/07/31,11,20,,,13,7,,
2013/07/31,12,25,,,18,7,,
2013/07/31,13,24,,,17,7,,
2013/07/31,14,24,,,16,7,,
2013/07/31,15,24,,,17,7,,
2013/07/31,16,23,,,16,8,,
2013/07/31,17,22,,,15,8,,
2013/07/31,18,24,,,16,8,,
2013/07/31,19,23,,,14,10,,
2013/07/31,20,21,,,12,9,,
2013/07/31,21,20,,,10,10,,
2013/07/31,22,22,,,12,10,,
2013/07/31,23,21,,,12,10,,
2013/07/31,24,22,,,12,10,,
2013/08/01,01,21,,,11,9,,
2013/08/01,02,22,,,12,9,,
2013/08/01,03,19,,,10,9,,
2013/08/01,04,22,,,13,9,,
2013/08/01,05,21,,,10,11,,
2013/08/01,06,20,,,11,9,,
2013/08/01,07,18,,,11,8,,
2013/08/01,08,19,,,12,7,,
2013/08/01,09,18,,,11,7,,
2013/08/01,10,23,,,15,8,,
2013/08/01,11,21,,,14,7,,
2013/08/01,12,24,,,17,7,,
2013/08/01,13,24,,,16,7,,
2013/08/01,14,24,,,17,7,,
2013/08/01,15,25,,,17,7,,
2013/08/01,16,26,,,17,9,,
2013/08/01,17,25,,,15,10,,
2013/08/01,18,22,,,13,10,,
2013/08/01,19,22,,,12,10,,
2013/08/01,20,21,,,11,9,,
2013/08/01,21,19,,,9,9,,
2013/08/01,22,22,,,13,9,,
2013/08/01,23,22,,,12,10,,
2013/08/01,24,22,,,13,9,,
2013/08/02,01,21,,,12,9,,
2013/08/02,02,21,,,12,9,,
2013/08/02,03,21,,,11,9,,
2013/08/02,04,23,,,13,10,,
2013/08/02,05,21,,,11,10,,
2013/08/02,06,21,,,11,10,,
2013/08/02,07,20,,,11,9,,
2013/08/02,08,19,,,12,7,,
2013/08/02,09,17,,,11,7,,
2013/08/02,10,22,,,14,8,,
2013/08/02,11,21,,,14,7,,
2013/08/02,12,23,,,16,7,,
2013/08/02,13,24,,,16,7,,
2013/08/02,14,22,,,15,7,,
2013/08/02,15,27,,,19,7,,
2013/08/02,16,26,,,18,8,,
2013/08/02,17,25,,,16,9,,
2013/08/02,18,25,,,16,9,,
2013/08/02,19,23,,,14,10,,
2013/08/02,20,23,,,14,10,,
2013/08/02,21,22,,,12,10,,
2013/08/02,22,24,,,14,10,,
2013/08/02,23,23,,,13,9,,
2013/08/02,24,23,,,14,9,,
2013/08/03,01,21,,,12,9,,
2013/08/03,02,24,,,14,9,,
2013/08/03,03,27,,,17,10,,
2013/08/03,04,27,,,17,10,,
2013/08/03,05,25,,,14,11,,
2013/08/03,06,20,,,11,9,,
2013/08/03,07,19,,,11,8,,
2013/08/03,08,20,,,12,7,,
2013/08/03,09,18,,,11,7,,
2013/08/03,10,22,,,15,8,,
2013/08/03,11,21,,,15,7,,
2013/08/03,12,23,,,16,7,,
2013/08/03,13,24,,,17,7,,
2013/08/03,14,25,,,17,7,,
2013/08/03,15,25,,,18,7,,
2013/08/03,16,26,,,18,7,,
2013/08/03,17,26,,,16,9,,
2013/08/03,18,25,,,16,9,,
2013/08/03,19,24,,,15,9,,
2013/08/03,20,22,,,13,9,,
2013/08/03,21,19,,,10,10,,
2013/08/03,22,21,,,12,10,,
2013/08/03,23,22,,,12,9,,
2013/08/03,24,23,,,14,10,,
2013/08/04,01,22,,,12,9,,
2013/08/04,02,22,,,13,9,,
2013/08/04,03,20,,,11,9,,
2013/08/04,04,22,,,13,9,,
2013/08/04,05,21,,,11,11,,
2013/08/04,06,21,,,12,9,,
2013/08/04,07,20,,,12,8,,
2013/08/04,08,20,,,13,7,,
2013/08/04,09,18,,,11,7,,
2013/08/04,10,23,,,16,8,,
2013/08/04,11,22,,,15,7,,
2013/08/04,12,24,,,17,7,,
2013/08/04,13,25,,,17,7,,
2013/08/04,14,25,,,18,7,,
2013/08/04,15,26,,,18,7,,
2013/08/04,16,26,,,19,8,,
2013/08/04,17,24,,,16,8,,
2013/08/04,18,26,,,16,9,,
2013/08/04,19,25,,,16,10,,
2013/08/04,20,25,,,15,10,,
2013/08/04,21,21,,,11,9,,
2013/08/04,22,23,,,14,10,,
2013/08/04,23,22,,,12,10,,
2013/08/04,24,24,,,15,9,,
2013/08/05,01,22,,,13,9,,
2013/08/05,02,21,,,12,9,,
2013/08/05,03,18,,,9,9,,
2013/08/05,04,23,,,13,9,,
2013/08/05,05,24,,,13,11,,
2013/08/05,06,22,,,13,9,,
2013/08/05,07,20,,,12,8,,
2013/08/05,08,20,,,13,7,,
2013/08/05,09,18,,,12,7,,
2013/08/05,10,23,,,16,8,,
2013/08/05,11,22,,,15,7,,
2013/08/05,12,24,,,17,7,,
2013/08/05,13,24,,,16,8,,
2013/08/05,14,24,,,17,7,,
2013/08/05,15,24,,,17,7,,
2013/08/05,16,25,,,18,7,,
2013/08/05,17,25,,,16,9,,
2013/08/05,18,25,,,16,10,,
2013/08/05,19,24,,,15,9,,
2013/08/05,20,22,,,13,10,,
2013/08/05,21,19,,,10,9,,
2013/08/05,22,22,,,13,9,,
2013/08/05,23,20,,,11,9,,
2013/08/05,24,20,,,11,9,,
2013/08/06,01,20,,,11,9,,
2013/08/06,02,20,,,11,9,,
2013/08/06,03,20,,,11,9,,
2013/08/06,04,22,,,12,9,,
2013/08/06,05,20,,,10,10,,
2013/08/06,06,20,,,11,9,,
2013/08/06,07,21,,,13,9,,
2013/08/06,08,21,,,12,9,,
2013/08/06,09,19,,,12,8,,
2013/08/06,10,21,,,14,7,,
2013/08/06,11,21,,,13,7,,
2013/08/06,12,22,,,14,8,,
2013/08/06,13,21,,,13,7,,
2013/08/06,14,21,,,13,7,,
2013/08/06,15,22,,,15,8,,
2013/08/06,16,24,,,16,8,,
2013/08/06,17,23,,,14,9,,
2013/08/06,18,25,,,16,9,,
2013/08/06,19,25,,,16,9,,
2013/08/06,20,23,,,14,9,,
2013/08/06,21,20,,,11,9,,
2013/08/06,22,23,,,14,9,,
2013/08/06,23,21,,,12,9,,
2013/08/06,24,22,,,13,9,,
2013/08/07,01,21,,,12,9,,
2013/08/07,02,23,,,14,9,,
2013/08/07,03,20,,,11,9,,
2013/08/07,04,22,,,13,9,,
2013/08/07,05,20,,,10,10,,
2013/08/07,06,20,,,11,9,,
2013/08/07,07,22,,,13,8,,
2013/08/07,08,21,,,14,7,,
2013/08/07,09,19,,,11,8,,
2013/08/07,10,21,,,14,7,,
2013/08/07,11,20,,,13,7,,
2013/08/07,12,23,,,16,7,,
2013/08/07,13,23,,,16,7,,
2013/08/07,14,23,,,16,7,,
2013/08/07,15,24,,,16,8,,
2013/08/07,16,25,,,17,8,,
2013/08/07,17,23,,,15,8,,
2013/08/07,18,24,,,14,9,,
2013/08/07,19,22,,,13,9,,
2013/08/07,20,22,,,12,9,,
2013/08/07,21,19,,,10,9,,
2013/08/07,22,22,,,13,9,,
2013/08/07,23,22,,,13,9,,
2013/08/07,24,21,,,12,9,,
2013/08/08,01,20,,,11,9,,
2013/08/08,02,21,,,12,9,,
2013/08/08,03,18,,,9,9,,
2013/08/08,04,23,,,13,9,,
2013/08/08,05,20,,,10,10,,
2013/08/08,06,20,,,11,9,,
2013/08/08,07,20,,,11,9,,
2013/08/08,08,19,,,11,8,,
2013/08/08,09,17,,,10,7,,
2013/08/08,10,23,,,15,8,,
2013/08/08,11,20,,,13,7,,
2013/08/08,12,21,,,14,7,,
2013/08/08,13,21,,,14,7,,
2013/08/08,14,23,,,15,8,,
2013/08/08,15,21,,,14,8,,
2013/08/08,16,22,,,15,7,,
2013/08/08,17,21,,,13,8,,
2013/08/08,18,23,,,14,9,,
2013/08/08,19,22,,,13,9,,
2013/08/08,20,21,,,12,9,,
2013/08/08,21,18,,,9,9,,
2013/08/08,22,21,,,12,9,,
2013/08/08,23,19,,,10,9,,
2013/08/08,24,19,,,10,9,,
2013/08/09,01,18,,,9,9,,
2013/08/09,02,20,,,11,9,,
2013/08/09,03,20,,,11,9,,
2013/08/09,04,20,,,11,9,,
2013/08/09,05,19,,,9,10,,
2013/08/09,06,19,,,10,9,,
2013/08/09,07,18,,,11,8,,
2013/08/09,08,17,,,10,7,,
2013/08/09,09,16,,,9,7,,
2013/08/09,10,20,,,12,8,,
2013/08/09,11,18,,,11,7,,
2013/08/09,12,20,,,13,7,,
2013/08/09,13,21,,,13,8,,
2013/08/09,14,20,,,13,7,,
2013/08/09,15,20,,,13,7,,
2013/08/09,16,22,,,13,8,,
2013/08/09,17,21,,,12,9,,
2013/08/09,18,22,,,13,9,,
2013/08/09,19,21,,,12,9,,
2013/08/09,20,20,,,11,9,,
2013/08/09,21,18,,,9,9,,
2013/08/09,22,21,,,11,9,,
2013/08/09,23,19,,,10,9,,
2013/08/09,24,19,,,10,9,,
2013/08/10,01,18,,,9,9,,
2013/08/10,02,19,,,10,9,,
2013/08/10,03,18,,,10,9,,
2013/08/10,04,20,,,11,9,,
2013/08/10,05,19,,,9,10,,
2013/08/10,06,19,,,10,9,,
2013/08/10,07,19,,,10,9,,
2013/08/10,08,19,,,9,9,,
2013/08/10,09,15,,,8,7,,
2013/08/10,10,21,,,13,8,,
2013/08/10,11,19,,,12,7,,
2013/08/10,12,21,,,14,8,,
2013/08/10,13,20,,,12,8,,
2013/08/10,14,20,,,12,8,,
2013/08/10,15,20,,,12,8,,
2013/08/10,16,21,,,12,9,,
2013/08/10,17,20,,,11,9,,
2013/08/10,18,19,,,10,9,,
2013/08/10,19,19,,,10,9,,
2013/08/10,20,19,,,10,9,,
2013/08/10,21,17,,,8,9,,
2013/08/10,22,20,,,11,9,,
2013/08/10,23,20,,,11,9,,
2013/08/10,24,20,,,11,9,,
2013/08/11,01,19,,,10,9,,
2013/08/11,02,20,,,11,9,,
2013/08/11,03,20,,,11,9,,
2013/08/11,04,21,,,12,9,,
2013/08/11,05,19,,,9,10,,
2013/08/11,06,20,,,11,9,,
2013/08/11,07,19,,,10,9,,
2013/08/11,08,20,,,10,10,,
2013/08/11,09,16,,,9,8,,
2013/08/11,10,19,,,12,7,,
2013/08/11,11,18,,,11,7,,
2013/08/11,12,20,,,13,7,,
2013/08/11,13,21,,,14,8,,
2013/08/11,14,21,,,14,7,,
2013/08/11,15,23,,,15,8,,
2013/08/11,16,23,,,15,7,,
2013/08/11,17,22,,,15,7,,
2013/08/11,18,23,,,15,9,,
2013/08/11,19,22,,,13,9,,
2013/08/11,20,22,,,13,9,,
2013/08/11,21,21,,,12,9,,
2013/08/11,22,23,,,14,9,,
2013/08/11,23,21,,,12,9,,
2013/08/11,24,21,,,12,9,,
2013/08/12,01,20,,,11,9,,
2013/08/12,02,20,,,11,9,,
2013/08/12,03,18,,,9,9,,
2013/08/12,04,21,,,12,9,,
2013/08/12,05,21,,,11,10,,
2013/08/12,06,20,,,11,9,,
2013/08/12,07,18,,,11,7,,
2013/08/12,08,18,,,11,7,,
2013/08/12,09,17,,,9,7,,
2013/08/12,10,20,,,13,7,,
2013/08/12,11,18,,,11,7,,
2013/08/12,12,20,,,13,7,,
2013/08/12,13,21,,,14,7,,
2013/08/12,14,21,,,14,7,,
2013/08/12,15,22,,,15,7,,
2013/08/12,16,21,,,13,8,,
2013/08/12,17,20,,,13,8,,
2013/08/12,18,21,,,13,9,,
2013/08/12,19,21,,,12,9,,
2013/08/12,20,20,,,11,9,,
2013/08/12,21,18,,,8,9,,
2013/08/12,22,20,,,10,9,,
2013/08/12,23,19,,,10,9,,
2013/08/12,24,19,,,10,9,,
2013/08/13,01,19,,,10,9,,
2013/08/13,02,20,,,11,9,,
2013/08/13,03,19,,,10,9,,
2013/08/13,04,21,,,12,9,,
2013/08/13,05,19,,,9,10,,
2013/08/13,06,18,,,9,9,,
2013/08/13,07,19,,,11,9,,
2013/08/13,08,19,,,11,7,,
2013/08/13,09,18,,,10,8,,
2013/08/13,10,19,,,12,7,,
2013/08/13,11,18,,,11,7,,
2013/08/13,12,19,,,13,7,,
2013/08/13,13,19,,,12,7,,
2013/08/13,14,20,,,12,7,,
2013/08/13,15,19,,,12,7,,
2013/08/13,16,19,,,12,8,,
2013/08/13,17,20,,,12,8,,
2013/08/13,18,20,,,11,9,,
2013/08/13,19,20,,,11,9,,
2013/08/13,20,19,,,10,9,,
2013/08/13,21,17,,,8,9,,
2013/08/13,22,19,,,9,9,,
2013/08/13,23,19,,,10,9,,
2013/08/13,24,19,,,10,9,,
2013/08/14,01,19,,,10,9,,
2013/08/14,02,20,,,10,9,,
2013/08/14,03,17,,,8,9,,
2013/08/14,04,21,,,12,9,,
2013/08/14,05,19,,,9,10,,
2013/08/14,06,18,,,9,9,,
2013/08/14,07,17,,,10,7,,
2013/08/14,08,17,,,10,7,,
2013/08/14,09,17,,,9,8,,
2013/08/14,10,18,,,11,7,,
2013/08/14,11,17,,,11,7,,
2013/08/14,12,19,,,12,7,,
2013/08/14,13,19,,,12,7,,
2013/08/14,14,20,,,12,7,,
2013/08/14,15,20,,,13,7,,
2013/08/14,16,20,,,13,7,,
2013/08/14,17,19,,,11,7,,
2013/08/14,18,22,,,13,9,,
2013/08/14,19,20,,,11,9,,
2013/08/14,20,20,,,11,9,,
2013/08/14,21,18,,,9,9,,
2013/08/14,22,19,,,10,9,,
2013/08/14,23,19,,,10,9,,
2013/08/14,24,19,,,10,9,,
2013/08/15,01,18,,,9,9,,
2013/08/15,02,19,,,10,9,,
2013/08/15,03,19,,,10,9,,
2013/08/15,04,20,,,11,9,,
2013/08/15,05,19,,,9,10,,
2013/08/15,06,19,,,10,9,,
2013/08/15,07,18,,,9,8,,
2013/08/15,08,17,,,10,7,,
2013/08/15,09,16,,,9,7,,
2013/08/15,10,20,,,12,8,,
2013/08/15,11,19,,,12,7,,
2013/08/15,12,21,,,14,7,,
2013/08/15,13,21,,,14,8,,
2013/08/15,14,22,,,15,7,,
2013/08/15,15,22,,,15,7,,
2013/08/15,16,22,,,15,7,,
2013/08/15,17,21,,,13,8,,
2013/08/15,18,22,,,13,9,,
2013/08/15,19,21,,,12,9,,
2013/08/15,20,21,,,12,9,,
2013/08/15,21,18,,,9,9,,
2013/08/15,22,21,,,12,9,,
2013/08/15,23,19,,,10,9,,
2013/08/15,24,20,,,11,9,,
2013/08/16,01,19,,,11,9,,
2013/08/16,02,21,,,12,9,,
2013/08/16,03,20,,,11,9,,
2013/08/16,04,21,,,12,9,,
2013/08/16,05,20,,,10,10,,
2013/08/16,06,20,,,11,9,,
2013/08/16,07,19,,,11,7,,
2013/08/16,08,18,,,11,7,,
2013/08/16,09,17,,,10,7,,
2013/08/16,10,22,,,14,8,,
2013/08/16,11,21,,,14,7,,
2013/08/16,12,22,,,15,7,,
2013/08/16,13,22,,,14,8,,
2013/08/16,14,23,,,16,7,,
2013/08/16,15,24,,,16,8,,
2013/08/16,16,23,,,15,8,,
2013/08/16,17,22,,,13,9,,
2013/08/16,18,21,,,12,9,,
2013/08/16,19,21,,,11,9,,
2013/08/16,20,22,,,13,9,,
2013/08/16,21,19,,,10,9,,
2013/08/16,22,22,,,13,9,,
2013/08/16,23,21,,,11,9,,
2013/08/16,24,20,,,11,9,,
2013/08/17,01,19,,,10,9,,
2013/08/17,02,19,,,10,9,,
2013/08/17,03,21,,,12,9,,
2013/08/17,04,21,,,12,9,,
2013/08/17,05,20,,,10,10,,
2013/08/17,06,19,,,10,9,,
2013/08/17,07,19,,,10,9,,
2013/08/17,08,19,,,10,9,,
2013/08/17,09,18,,,9,9,,
2013/08/17,10,22,,,12,10,,
2013/08/17,11,20,,,11,9,,
2013/08/17,12,20,,,12,9,,
2013/08/17,13,20,,,11,9,,
2013/08/17,14,20,,,11,9,,
2013/08/17,15,21,,,12,9,,
2013/08/17,16,20,,,11,9,,
2013/08/17,17,19,,,10,9,,
2013/08/17,18,20,,,11,9,,
2013/08/17,19,19,,,10,9,,
2013/08/17,20,20,,,11,9,,
2013/08/17,21,17,,,8,9,,
2013/08/17,22,20,,,11,9,,
2013/08/17,23,20,,,11,9,,
2013/08/17,24,20,,,11,9,,
2013/08/18,01,19,,,10,9,,
2013/08/18,02,20,,,11,9,,
2013/08/18,03,19,,,9,9,,
2013/08/18,04,20,,,11,9,,
2013/08/18,05,19,,,9,10,,
2013/08/18,06,19,,,10,9,,
2013/08/18,07,19,,,10,9,,
2013/08/18,08,19,,,10,9,,
2013/08/18,09,18,,,8,9,,
2013/08/18,10,21,,,12,10,,
2013/08/18,11,19,,,10,9,,
2013/08/18,12,19,,,11,8,,
2013/08/18,13,20,,,11,10,,
2013/08/18,14,20,,,11,9,,
2013/08/18,15,19,,,11,8,,
2013/08/18,16,19,,,11,7,,
2013/08/18,17,20,,,11,9,,
2013/08/18,18,21,,,12,9,,
2013/08/18,19,20,,,11,9,,
2013/08/18,20,20,,,11,9,,
2013/08/18,21,18,,,9,9,,
2013/08/18,22,21,,,12,9,,
2013/08/18,23,21,,,12,9,,
2013/08/18,24,21,,,12,9,,
2013/08/19,01,20,,,11,9,,
2013/08/19,02,20,,,11,9,,
2013/08/19,03,17,,,8,9,,
2013/08/19,04,22,,,13,9,,
2013/08/19,05,20,,,10,10,,
2013/08/19,06,20,,,11,9,,
2013/08/19,07,20,,,11,9,,
2013/08/19,08,20,,,11,9,,
2013/08/19,09,17,,,9,7,,
2013/08/19,10,21,,,13,8,,
2013/08/19,11,19,,,11,7,,
2013/08/19,12,21,,,13,7,,
2013/08/19,13,21,,,14,8,,
2013/08/19,14,22,,,14,8,,
2013/08/19,15,22,,,14,8,,
2013/08/19,16,22,,,13,9,,
2013/08/19,17,20,,,12,8,,
2013/08/19,18,23,,,14,9,,
2013/08/19,19,22,,,13,9,,
2013/08/19,20,22,,,12,9,,
2013/08/19,21,19,,,10,9,,
2013/08/19,22,21,,,12,9,,
2013/08/19,23,20,,,10,9,,
2013/08/19,24,19,,,10,9,,
2013/08/20,01,21,,,12,9,,
2013/08/20,02,20,,,11,9,,
2013/08/20,03,20,,,11,9,,
2013/08/20,04,21,,,12,9,,
2013/08/20,05,20,,,10,10,,
2013/08/20,06,20,,,11,9,,
2013/08/20,07,20,,,11,9,,
2013/08/20,08,19,,,11,8,,
2013/08/20,09,17,,,10,7,,
2013/08/20,10,21,,,13,8,,
2013/08/20,11,19,,,13,7,,
2013/08/20,12,21,,,14,7,,
2013/08/20,13,21,,,14,7,,
2013/08/20,14,22,,,14,7,,
2013/08/20,15,22,,,14,8,,
2013/08/20,16,21,,,12,9,,
2013/08/20,17,21,,,11,9,,
2013/08/20,18,21,,,12,9,,
2013/08/20,19,20,,,11,9,,
2013/08/20,20,19,,,10,9,,
2013/08/20,21,17,,,8,9,,
2013/08/20,22,19,,,10,9,,
2013/08/20,23,20,,,11,9,,
2013/08/20,24,20,,,10,9,,
2013/08/21,01,18,,,9,9,,
2013/08/21,02,18,,,9,9,,
2013/08/21,03,20,,,11,9,,
2013/08/21,04,20,,,11,9,,
2013/08/21,05,20,,,10,10,,
2013/08/21,06,19,,,10,9,,
2013/08/21,07,19,,,11,8,,
2013/08/21,08,18,,,10,7,,
2013/08/21,09,17,,,9,8,,
2013/08/21,10,19,,,12,7,,
2013/08/21,11,19,,,12,7,,
2013/08/21,12,20,,,13,7,,
2013/08/21,13,20,,,13,7,,
2013/08/21,14,21,,,14,7,,
2013/08/21,15,22,,,14,8,,
2013/08/21,16,22,,,15,8,,
2013/08/21,17,22,,,13,9,,
2013/08/21,18,23,,,14,9,,
2013/08/21,19,21,,,12,9,,
2013/08/21,20,20,,,11,9,,
2013/08/21,21,18,,,9,9,,
2013/08/21,22,20,,,11,9,,
2013/08/21,23,20,,,11,9,,
2013/08/21,24,20,,,11,9,,
2013/08/22,01,19,,,10,9,,
2013/08/22,02,20,,,11,9,,
2013/08/22,03,19,,,10,9,,
2013/08/22,04,21,,,12,9,,
2013/08/22,05,20,,,10,10,,
2013/08/22,06,20,,,11,9,,
2013/08/22,07,19,,,10,9,,
2013/08/22,08,20,,,11,9,,
2013/08/22,09,18,,,9,9,,
2013/08/22,10,22,,,12,10,,
2013/08/22,11,20,,,11,9,,
2013/08/22,12,21,,,11,9,,
2013/08/22,13,21,,,11,10,,
2013/08/22,14,21,,,12,9,,
2013/08/22,15,20,,,11,9,,
2013/08/22,16,20,,,11,9,,
2013/08/22,17,20,,,11,9,,
2013/08/22,18,21,,,12,9,,
2013/08/22,19,20,,,11,9,,
2013/08/22,20,20,,,11,9,,
2013/08/22,21,17,,,8,9,,
2013/08/22,22,20,,,11,9,,
2013/08/22,23,19,,,10,9,,
2013/08/22,24,20,,,11,9,,
2013/08/23,01,19,,,10,9,,
2013/08/23,02,20,,,11,9,,
2013/08/23,03,20,,,11,9,,
2013/08/23,04,22,,,13,9,,
2013/08/23,05,20,,,10,10,,
2013/08/23,06,20,,,11,9,,
2013/08/23,07,20,,,11,9,,
2013/08/23,08,19,,,11,8,,
2013/08/23,09,18,,,10,9,,
2013/08/23,10,21,,,13,7,,
2013/08/23,11,19,,,12,7,,
2013/08/23,12,20,,,13,7,,
2013/08/23,13,22,,,14,8,,
2013/08/23,14,21,,,14,7,,
2013/08/23,15,23,,,15,8,,
2013/08/23,16,23,,,14,8,,
2013/08/23,17,22,,,13,9,,
2013/08/23,18,23,,,14,9,,
2013/08/23,19,22,,,13,9,,
2013/08/23,20,21,,,12,9,,
2013/08/23,21,18,,,9,9,,
2013/08/23,22,21,,,12,9,,
2013/08/23,23,19,,,10,9,,
2013/08/23,24,20,,,10,9,,
2013/08/24,01,19,,,10,9,,
2013/08/24,02,21,,,12,9,,
2013/08/24,03,19,,,10,9,,
2013/08/24,04,21,,,12,9,,
2013/08/24,05,20,,,10,10,,
2013/08/24,06,21,,,12,9,,
2013/08/24,07,20,,,11,9,,
2013/08/24,08,20,,,11,9,,
2013/08/24,09,18,,,9,9,,
2013/08/24,10,22,,,13,9,,
2013/08/24,11,20,,,12,9,,
2013/08/24,12,20,,,13,7,,
2013/08/24,13,21,,,13,8,,
2013/08/24,14,21,,,13,8,,
2013/08/24,15,21,,,14,7,,
2013/08/24,16,22,,,14,8,,
2013/08/24,17,21,,,13,8,,
2013/08/24,18,22,,,13,9,,
2013/08/24,19,21,,,12,9,,
2013/08/24,20,21,,,11,9,,
2013/08/24,21,17,,,8,9,,
2013/08/24,22,22,,,13,9,,
2013/08/24,23,21,,,12,10,,
2013/08/24,24,21,,,12,9,,
2013/08/25,01,20,,,11,9,,
2013/08/25,02,21,,,12,9,,
2013/08/25,03,20,,,11,9,,
2013/08/25,04,22,,,13,9,,
2013/08/25,05,20,,,10,10,,
2013/08/25,06,20,,,11,9,,
2013/08/25,07,20,,,11,9,,
2013/08/25,08,20,,,11,9,,
2013/08/25,09,17,,,9,8,,
2013/08/25,10,22,,,13,10,,
2013/08/25,11,19,,,12,7,,
2013/08/25,12,20,,,12,7,,
2013/08/25,13,21,,,13,9,,
2013/08/25,14,20,,,13,7,,
2013/08/25,15,21,,,13,7,,
2013/08/25,16,21,,,14,7,,
2013/08/25,17,21,,,13,8,,
2013/08/25,18,24,,,15,9,,
2013/08/25,19,22,,,13,9,,
2013/08/25,20,21,,,12,9,,
2013/08/25,21,18,,,9,9,,
2013/08/25,22,20,,,11,9,,
2013/08/25,23,19,,,10,9,,
2013/08/25,24,20,,,11,9,,
2013/08/26,01,19,,,10,9,,
2013/08/26,02,19,,,10,9,,
2013/08/26,03,17,,,9,9,,
2013/08/26,04,21,,,12,9,,
2013/08/26,05,20,,,10,10,,
2013/08/26,06,19,,,10,9,,
2013/08/26,07,20,,,10,9,,
2013/08/26,08,19,,,10,9,,
2013/08/26,09,17,,,9,9,,
2013/08/26,10,22,,,12,10,,
2013/08/26,11,19,,,10,8,,
2013/08/26,12,19,,,11,7,,
2013/08/26,13,20,,,13,8,,
2013/08/26,14,20,,,12,7,,
2013/08/26,15,20,,,12,7,,
2013/08/26,16,20,,,13,8,,
2013/08/26,17,21,,,12,9,,
2013/08/26,18,21,,,12,9,,
2013/08/26,19,20,,,11,9,,
2013/08/26,20,20,,,11,9,,
2013/08/26,21,18,,,9,9,,
2013/08/26,22,19,,,10,9,,
2013/08/26,23,19,,,10,9,,
2013/08/26,24,20,,,11,9,,
2013/08/27,01,18,,,9,9,,
2013/08/27,02,19,,,10,9,,
2013/08/27,03,19,,,10,9,,
2013/08/27,04,21,,,12,9,,
2013/08/27,05,19,,,9,10,,
2013/08/27,06,19,,,10,9,,
2013/08/27,07,20,,,11,9,,
2013/08/27,08,19,,,10,9,,
2013/08/27,09,17,,,9,8,,
2013/08/27,10,20,,,12,8,,
2013/08/27,11,19,,,12,7,,
2013/08/27,12,20,,,13,7,,
2013/08/27,13,20,,,13,7,,
2013/08/27,14,20,,,13,7,,
2013/08/27,15,22,,,15,7,,
2013/08/27,16,22,,,14,7,,
2013/08/27,17,21,,,13,7,,
2013/08/27,18,22,,,13,9,,
2013/08/27,19,21,,,13,9,,
2013/08/27,20,21,,,11,9,,
2013/08/27,21,19,,,10,9,,
2013/08/27,22,20,,,11,9,,
2013/08/27,23,21,,,12,9,,
2013/08/27,24,22,,,13,9,,
2013/08/28,01,21,,,12,9,,
2013/08/28,02,20,,,11,9,,
2013/08/28,03,20,,,11,9,,
2013/08/28,04,21,,,12,9,,
2013/08/28,05,19,,,10,10,,
2013/08/28,06,20,,,11,9,,
2013/08/28,07,20,,,11,9,,
2013/08/28,08,20,,,11,9,,
2013/08/28,09,17,,,9,7,,
2013/08/28,10,21,,,13,8,,
2013/08/28,11,19,,,12,7,,
2013/08/28,12,20,,,13,7,,
2013/08/28,13,21,,,14,7,,
2013/08/28,14,21,,,13,8,,
2013/08/28,15,22,,,14,7,,
2013/08/28,16,22,,,13,8,,
2013/08/28,17,22,,,13,9,,
2013/08/28,18,22,,,13,9,,
2013/08/28,19,21,,,12,9,,
2013/08/28,20,21,,,12,9,,
2013/08/28,21,19,,,10,9,,
2013/08/28,22,21,,,12,9,,
2013/08/28,23,20,,,11,9,,
2013/08/28,24,20,,,11,9,,
2013/08/29,01,20,,,11,9,,
2013/08/29,02,19,,,10,9,,
2013/08/29,03,19,,,10,9,,
2013/08/29,04,23,,,14,9,,
2013/08/29,05,20,,,10,10,,
2013/08/29,06,20,,,11,9,,
2013/08/29,07,20,,,12,8,,
2013/08/29,08,19,,,12,7,,
2013/08/29,09,17,,,10,7,,
2013/08/29,10,22,,,15,8,,
2013/08/29,11,21,,,14,7,,
2013/08/29,12,22,,,15,7,,
2013/08/29,13,22,,,14,8,,
2013/08/29,14,22,,,15,7,,
2013/08/29,15,22,,,15,7,,
2013/08/29,16,24,,,16,8,,
2013/08/29,17,23,,,15,8,,
2013/08/29,18,23,,,14,9,,
2013/08/29,19,22,,,13,9,,
2013/08/29,20,21,,,13,9,,
2013/08/29,21,19,,,10,9,,
2013/08/29,22,24,,,14,9,,
2013/08/29,23,23,,,13,9,,
2013/08/29,24,22,,,13,9,,
2013/08/30,01,20,,,11,9,,
2013/08/30,02,21,,,12,9,,
2013/08/30,03,21,,,12,9,,
2013/08/30,04,22,,,13,9,,
2013/08/30,05,21,,,11,10,,
2013/08/30,06,21,,,12,9,,
2013/08/30,07,20,,,12,8,,
2013/08/30,08,20,,,13,7,,
2013/08/30,09,18,,,11,7,,
2013/08/30,10,22,,,14,8,,
2013/08/30,11,22,,,15,7,,
2013/08/30,12,22,,,14,7,,
2013/08/30,13,22,,,15,7,,
2013/08/30,14,23,,,15,8,,
2013/08/30,15,22,,,13,8,,
2013/08/30,16,22,,,13,9,,
2013/08/30,17,22,,,13,9,,
2013/08/30,18,23,,,14,9,,
2013/08/30,19,22,,,13,9,,
2013/08/30,20,21,,,12,9,,
2013/08/30,21,19,,,10,9,,
2013/08/30,22,21,,,12,9,,
2013/08/30,23,20,,,11,9,,
2013/08/30,24,20,,,12,9,,
2013/08/31,01,21,,,12,9,,
2013/08/31,02,21,,,13,9,,
2013/08/31,03,20,,,11,9,,
2013/08/31,04,22,,,13,9,,
2013/08/31,05,20,,,10,10,,
2013/08/31,06,20,,,11,9,,
2013/08/31,07,19,,,11,8,,
2013/08/31,08,18,,,11,7,,
2013/08/31,09,17,,,10,7,,
2013/08/31,10,22,,,15,8,,
2013/08/31,11,21,,,14,7,,
2013/08/31,12,22,,,16,7,,
2013/08/31,13,23,,,15,7,,
2013/08/31,14,23,,,16,7,,
2013/08/31,15,24,,,17,7,,
2013/08/31,16,24,,,16,8,,
2013/08/31,17,23,,,15,8,,
2013/08/31,18,25,,,16,9,,
2013/08/31,19,23,,,14,9,,
2013/08/31,20,21,,,12,9,,
2013/08/31,21,18,,,9,9,,
2013/08/31,22,21,,,12,9,,
2013/08/31,23,22,,,13,9,,
2013/08/31,24,22,,,14,9,,
